-59
-32
-67
-56
-35
-49
-58
-21
-5
-55
-35
-36
-40
-54
-30
-14
14
-12
9
9
-61
-5
-27
2
-39
-15
-49
-32
15
-28
23
8
-6
3
-44
-21
8
-25
9
-27
-9
-43
-43
-16
3
1
-38
-44
-64
-26
-27
-29
-50
-45
-81
-22
-60
-56
-68
-75
-44
-52
-38
-60
-59
-42
-24
-73
-8
-57
-63
-33
-67
-79
-59
-43
-82
-79
-75
-66
-34
-47
-76
-56
-73
-72
-49
-66
-80
-83
-84
-79
-69
-82
-37
-45
-63
-64
-51
-62
-30
-54
-54
-37
-48
-9
-67
-56
-27
-36
-42
-52
-15
-64
-35
-23
-60
-76
-60
-33
-73
-46
-46
-38
-72
-58
-71
-41
-39
-55
-11
-61
-72
-62
-22
-45
-25
-8
-25
-36
-38
-48
-44
-39
-80
-40
-16
-42
-68
-37
-43
-63
-64
8
-38
-48
-54
-18
-48
-58
15
-21
-7
-60
-24
-42
-51
-16
-16
3
-22
-17
-28
-5
-36
-33
-27
-43
-12
-22
-56
-25
-19
-35
0
-13
-45
-32
-7
-14
-21
-25
-21
-3
-2
-39
-38
12
-20
-22
-1
-4
-58
-25
-37
-28
-2
-14
-29
-5
4
-17
-28
-44
-21
-3
10
21
13
-27
-33
-30
4
2
-16
-9
43
10
82
-5
-3
-67
47
31
44
63
33
-11
-41
-52
1
43
-8
28
4
-16
45
25
8
3
-27
-18
103
91
-36
-50
50
59
-33
30
72
36
89
-11
18
-60
-41
-20
28
51
-29
-59
-32
-64
-21
-20
-15
27
-7
-38
-8
-1
-67
-36
37
-36
6
13
-62
-51
-66
41
19
37
-21
-31
-13
-8
-2
-15
-33
-15
18
11
21
8
-17
-7
-50
-26
36
22
20
17
27
73
-49
-2
-18
34
56
27
10
13
0
-4
91
80
61
76
58
64
55
24
76
97
15
49
5
37
23
46
61
17
-18
-19
94
80
12
71
71
64
73
43
40
75
103
90
41
79
-16
-57
83
48
16
97
-22
10
60
4
53
40
75
67
-16
42
-28
-31
35
-20
-34
-26
-15
-19
-20
-7
-29
-45
26
26
8
32
-42
-32
50
8
34
132
55
46
-79
-25
-28
21
-32
-5
-66
-12
-45
64
-10
16
-4
-12
80
23
-43
-37
13
130
-12
50
-19
98
68
-29
100
-22
89
32
120
142
99
75
63
5
6
72
7
-1
-39
-8
5
-54
-67
-14
-19
30
79
-2
3
94
43
86
34
34
69
67
44
52
40
48
5
70
70
50
37
8
18
94
87
80
50
102
68
20
91
113
40
-9
4
-65
-24
-19
-51
-15
43
31
-23
41
4
19
-10
-5
-28
-23
8
-30
-16
-26
13
12
-13
8
6
27
0
-16
-22
9
56
58
40
125
66
64
46
35
-15
92
-18
50
12
69
93
-5
-29
5
72
-9
36
-9
110
76
85
89
107
49
35
96
15
10
54
98
50
62
56
57
53
7
11
3
-33
30
33
39
-3
-21
81
41
97
73
98
10
19
-24
25
36
59
11
-16
12
43
37
125
74
94
65
119
75
67
88
77
7
48
31
122
74
72
74
77
87
44
64
9
-8
49
23
83
78
109
68
-5
-15
-1
164
67
60
87
66
95
67
-19
22
96
85
9
97
98
101
65
73
96
73
128
119
193
119
63
96
141
71
100
89
87
68
65
131
87
141
94
37
112
71
54
94
106
64
64
101
61
101
146
96
140
99
94
136
62
136
86
87
152
83
90
37
56
73
37
112
128
90
116
61
96
49
48
100
64
113
78
128
259
58
30
49
48
80
129
64
97
116
-15
83
105
130
150
129
139
98
114
38
114
91
84
84
42
122
129
97
91
128
68
66
137
75
99
110
58
109
113
19
137
97
103
100
26
123
99
81
80
46
114
92
130
106
90
109
145
88
74
133
93
107
50
53
121
67
124
89
89
106
40
102
72
68
117
51
124
67
125
119
74
107
65
128
56
27
137
125
105
60
126
139
107
101
53
73
75
72
102
73
70
61
137
83
65
82
85
89
84
16
43
48
71
58
61
22
98
127
111
148
111
94
47
91
155
35
89
123
32
76
93
91
63
85
68
124
55
61
66
135
135
35
95
38
119
51
139
105
143
58
121
141
107
78
136
112
80
170
73
146
122
83
109
108
127
163
130
103
74
127
84
130
103
89
98
70
42
130
73
114
30
97
99
65
87
127
92
88
87
96
87
124
22
85
52
121
127
69
80
128
139
92
71
118
66
118
134
80
101
85
124
162
294
85
74
127
137
110
112
131
150
157
76
165
72
136
63
106
157
72
137
108
51
114
96
139
115
118
92
68
82
83
81
60
57
68
97
52
98
130
100
115
85
130
114
57
82
60
84
-5
31
78
94
91
71
95
27
4
53
19
127
126
63
65
93
93
160
138
162
100
108
122
84
106
113
104
76
129
111
140
31
104
94
96
144
84
111
139
86
101
106
87
74
117
94
93
66
116
101
112
72
88
86
61
114
124
80
106
96
173
101
89
82
112
107
99
24
97
65
111
121
59
91
80
98
65
156
130
133
155
10
129
114
132
89
44
155
90
32
100
141
55
59
-15
62
80
11
138
109
162
114
161
80
36
140
170
140
132
106
111
119
122
66
77
100
3
62
100
54
120
133
163
86
169
148
125
52
78
49
116
107
100
51
133
44
58
64
101
119
94
111
128
72
124
67
57
80
78
104
-8
65
148
101
129
129
73
66
68
84
92
14
72
125
152
88
111
120
134
117
110
165
97
88
118
33
77
88
87
72
141
104
147
124
131
138
107
125
87
44
-13
119
26
60
134
125
86
51
46
71
43
124
78
58
109
95
141
175
61
112
76
26
44
14
48
109
31
94
82
65
-25
-30
5
-19
56
135
30
72
72
109
72
-29
85
87
11
71
31
84
27
-12
117
54
100
59
13
45
76
86
105
157
124
73
113
155
181
64
109
99
159
103
98
118
117
112
53
161
6
57
128
75
95
125
163
70
159
139
240
130
92
98
111
73
78
140
102
28
26
98
7
81
104
111
124
14
88
35
121
97
73
111
148
91
38
150
80
144
99
77
96
130
87
60
94
115
74
156
128
25
102
122
103
48
133
148
89
49
24
89
101
134
81
94
0
60
79
120
146
0
37
115
-24
94
56
83
-19
20
45
77
40
61
55
74
110
112
124
109
52
126
106
118
82
116
43
85
124
118
165
84
64
76
35
135
-9
69
19
77
137
152
90
121
