-53
-29
-73
-79
-52
-55
-66
-58
-46
-20
-62
-75
-52
-45
-43
-45
-60
-83
-53
-57
-65
-18
-27
-32
-23
-52
-49
-5
-32
-52
-51
15
-1
-9
-41
-25
-50
17
-29
27
23
22
14
20
5
40
18
-6
-17
-19
-3
-21
1
-23
8
-1
13
-18
-31
-22
37
-10
20
-19
-18
12
19
12
22
3
40
-18
0
-5
17
-4
8
-19
35
11
-12
10
-13
8
-13
-7
-15
1
20
7
-24
-16
2
-10
-33
6
4
-6
-2
-28
0
-3
4
30
-10
9
-1
-3
-8
-27
-3
-40
-16
-23
-29
-7
-17
-7
29
-19
-5
20
9
0
0
28
25
-7
-17
-28
-1
2
14
1
-15
-3
-18
-14
-20
-6
-10
-20
4
25
-5
-26
7
17
2
1
-4
0
-2
-6
-14
-19
0
-15
-2
0
-10
-9
-6
-30
15
2
0
1
1
5
13
24
-14
0
-15
-21
12
5
-13
-9
-3
-3
-9
-25
-15
-17
38
9
64
-7
-16
-2
10
1
-12
24
5
-11
10
2
3
-8
12
9
-5
-14
19
-18
-15
-32
0
3
-4
-34
-19
-15
-9
42
11
-11
28
-27
30
0
-5
36
-27
-1
4
-2
-19
2
-2
4
21
2
-10
-8
-29
61
-13
8
38
22
-29
-7
-2
-7
-23
-15
-29
-7
-2
-5
21
-11
-21
6
-14
-1
1
-7
-6
-6
-3
-6
-11
7
21
-20
2
-21
-5
-11
-3
2
-13
5
12
-3
-10
-19
17
-8
44
-4
45
-2
0
-19
-26
20
15
-4
-13
8
-14
-7
4
-30
6
-26
14
-5
-9
6
-11
-12
-9
-23
-13
-16
6
-13
-4
-6
35
9
-4
-18
-33
-23
-24
147
2
20
15
152
152
102
114
88
87
22
107
104
59
126
77
52
72
123
48
49
32
103
92
116
137
40
60
31
-16
-13
94
6
160
112
77
32
12
11
-21
5
-14
12
-17
31
-1
35
4
11
-3
9
23
-16
-6
42
23
18
-3
-19
16
-2
13
-19
6
-17
14
-5
-24
36
-2
-2
-14
-13
-20
-3
-22
-9
-13
-11
-3
-24
-19
-26
21
-21
94
20
36
17
-15
6
-1
-4
-15
-5
33
-22
120
-14
2
-2
11
43
-6
-12
10
49
-8
2
-3
-10
-24
8
-8
-23
136
36
40
71
37
11
112
99
-20
69
40
-28
0
101
-1
-22
44
18
-26
2
-15
-21
3
35
10
44
5
-8
-24
30
38
22
-8
55
22
6
9
44
3
2
-4
15
16
15
-1
-6
10
6
15
26
-4
-6
-3
19
21
22
16
6
7
11
31
22
45
72
-1
15
22
-13
-9
11
22
7
20
-22
13
44
15
5
40
-11
40
17
45
-13
-8
7
47
3
-31
6
-20
50
10
8
29
7
20
32
34
36
28
2
20
-3
8
10
32
57
15
21
30
2
-22
21
-3
9
-6
-7
28
24
-6
22
51
24
15
0
15
3
24
29
16
-18
-16
10
5
-10
26
-13
28
-2
31
-26
25
7
-8
-7
35
48
17
22
20
3
16
27
46
4
40
-23
2
-21
-13
-11
59
5
4
17
33
33
4
28
30
-11
8
10
-16
102
-20
-11
15
2
31
35
20
-12
-7
32
33
8
31
49
31
-17
16
3
16
33
32
12
14
20
36
28
7
-18
33
-7
-7
21
47
21
8
12
-13
19
-14
28
-5
-13
-7
15
20
15
22
3
38
14
16
22
22
19
59
-13
3
19
23
64
-3
42
37
27
44
-3
4
0
6
-6
8
5
-4
31
40
4
-16
29
41
-6
52
-1
46
24
7
-17
15
-3
9
18
22
-2
23
-24
30
-14
123
87
81
109
30
0
22
45
41
33
32
33
52
-13
41
42
3
64
2
2
30
39
32
54
27
3
36
30
-4
12
-1
41
35
-16
21
38
72
36
38
23
58
40
72
29
33
-1
40
9
121
138
20
133
106
102
38
103
94
17
86
0
89
82
38
105
-13
59
1
29
109
65
127
149
150
74
63
57
61
62
69
22
82
92
62
14
37
23
84
122
92
88
78
10
43
42
5
23
-2
63
42
-3
16
31
14
35
-12
20
-15
29
17
40
23
-13
47
54
6
-5
-8
-22
-25
22
7
-2
8
1
-44
-17
24
-2
46
28
5
23
9
27
11
29
25
21
-10
-2
39
23
35
51
42
8
6
-2
4
-5
-2
3
34
4
80
113
40
24
69
32
84
79
24
36
92
125
65
59
67
35
68
95
75
37
109
53
84
112
71
118
85
74
71
116
77
104
47
94
72
55
72
80
138
65
154
98
107
127
91
128
61
45
86
104
40
109
115
131
104
81
79
87
92
67
42
89
52
95
47
46
72
75
38
90
50
49
92
99
122
46
102
77
63
118
33
46
107
134
63
57
82
112
30
38
47
66
51
15
20
63
70
-20
79
39
64
105
70
88
42
97
30
109
147
125
82
42
83
112
82
109
91
64
51
81
101
139
52
71
107
85
103
72
84
127
90
105
65
86
109
86
98
68
117
129
77
142
116
49
129
101
79
132
77
124
95
68
106
134
85
117
107
97
70
154
119
109
112
159
89
49
119
132
86
69
86
75
83
101
100
118
117
92
70
113
29
59
95
41
123
63
32
3
28
9
10
22
15
25
19
25
38
85
65
107
85
37
2
105
81
146
117
151
159
85
119
71
104
117
71
184
137
96
124
21
69
66
110
138
77
96
54
82
57
35
129
40
88
56
106
132
125
141
87
125
98
103
116
102
139
134
146
125
153
86
129
67
117
147
137
97
84
38
100
77
167
118
32
115
76
67
111
96
111
116
151
140
119
107
120
162
139
126
84
103
109
30
57
38
121
106
41
-3
78
78
102
144
53
37
137
121
146
114
87
162
95
153
98
110
52
116
59
202
129
84
21
72
106
66
92
112
104
106
94
72
118
85
82
146
109
97
145
36
85
154
107
110
19
106
64
80
87
142
129
41
132
131
60
168
83
57
149
22
151
37
92
117
112
143
102
111
125
140
135
134
64
104
136
78
135
100
100
149
152
154
117
138
85
122
145
168
127
174
132
125
139
121
89
115
94
112
100
98
145
99
85
154
129
104
98
117
87
154
74
121
152
89
174
89
127
123
93
115
153
136
174
63
156
137
184
121
154
168
117
126
153
146
149
109
133
127
108
148
117
126
40
75
134
116
84
166
131
120
93
141
122
101
106
94
41
96
126
132
101
115
62
109
128
140
153
99
147
122
113
111
136
113
153
166
141
81
148
128
106
104
127
126
119
110
158
106
167
143
143
137
112
131
132
154
132
146
103
148
144
126
135
126
132
68
119
129
104
135
162
48
41
31
-15
43
-22
10
53
25
41
-8
-5
25
2
10
78
20
147
159
