-58
-31
-60
-70
-38
-47
-62
-51
-25
-49
-53
-55
-47
-70
-29
-53
-28
-70
-31
-66
-75
-69
-50
-48
-68
-81
-88
-88
-68
-84
-85
-60
-73
-84
-86
-74
-54
-83
-74
-75
-72
-82
-38
-66
-61
-55
-66
-92
-73
-70
-59
-79
-70
-85
-81
-61
-80
-88
-61
-78
-51
-85
-53
-62
-37
-44
-31
-67
-68
-66
-48
-55
-73
-32
-70
-66
-45
-71
-62
-62
-61
-41
-63
-37
-69
-72
-60
-47
-36
-55
-59
-55
-52
-41
-48
-75
-79
-61
-61
-54
-46
-42
-63
-66
-29
-52
-42
-70
-42
-84
-74
-73
-53
-56
-76
-79
-48
-57
-56
-56
-86
-57
-47
-43
-43
-58
-47
-50
-64
-61
-80
-65
-67
-67
-55
-59
-55
-75
-55
-77
-51
-55
-72
-59
-55
-63
-34
-61
-71
-58
-41
-64
-69
-57
-71
-60
-71
-58
-49
-62
-61
-58
-64
-75
-69
-50
-71
-80
-45
-83
-78
-66
-63
-73
-53
-76
-79
-82
-78
-69
-58
-44
-58
-69
-72
-46
-52
-74
-50
-74
-62
-56
-73
-44
-51
-59
-61
-60
-65
-47
-42
-58
-55
-38
-66
-52
-42
-16
-76
-65
-84
-70
-71
-67
-62
-59
-79
-62
-42
-57
-69
-55
-51
-61
-62
-51
-53
-64
-71
-70
-64
-70
-65
-51
-69
-56
-69
-60
-66
-64
-47
-32
-42
-71
-60
-64
-53
-52
-54
-65
-45
-75
-68
-51
-61
-66
-47
-48
-79
-73
-58
-43
-62
-67
-52
-47
-45
-72
-60
-38
-38
-50
-43
-45
-45
-42
-71
-65
-75
-41
-70
-42
-53
-34
-58
-45
-58
-71
-62
-88
-76
-42
-60
-64
-67
-27
-55
-50
-3
-20
-38
-56
-46
-49
-22
-16
-25
-47
-54
-32
-67
-27
-57
-59
-36
-49
-41
-69
-68
-60
-46
-61
-36
-47
-58
-72
-38
-68
-23
-52
-33
-54
-61
-72
-32
-40
-59
-39
-64
-82
-52
-28
-49
-37
-51
-36
-49
-69
-64
-67
-33
-66
-45
-37
-57
-58
-61
-84
-28
-58
-33
-31
-40
-48
-89
-58
-58
-68
-44
-22
-52
-59
-45
-66
-42
-79
-52
-48
-74
-12
-30
-28
-12
-37
-47
-29
-22
-86
-50
-52
-25
-64
-40
-44
-37
-34
-15
-59
-57
-48
-26
-71
-38
-56
-18
-42
-64
-42
-28
-50
-51
-24
-34
-35
-61
-34
-58
-41
-45
-67
-33
-42
-51
-46
-74
-39
-31
-58
-14
-39
-30
-62
-32
-66
-37
-29
-84
-72
-58
-76
-58
-28
-45
-48
-32
-57
-20
-22
-40
-55
-29
-89
-44
-27
-20
-76
-56
-67
-33
-32
-58
-30
-74
-46
-41
-37
-60
-53
-13
-80
-31
-41
-70
-32
-32
-31
-26
-5
-24
-9
-45
-34
-18
-25
-27
-34
-16
-57
-72
-26
-61
-26
-30
-45
-31
-25
-55
-38
-68
-51
-59
-28
-32
-37
-28
-32
-18
-89
-1
-75
-35
-20
-59
-7
-29
-33
-26
-15
-62
-7
-28
-58
-13
-61
-42
-27
-64
-53
-44
-40
-43
-40
-31
-39
-27
-43
-38
-44
-34
-20
-43
-70
-20
-38
-52
-64
-48
-46
-39
-28
-54
-59
-33
-51
-36
-65
-54
-34
-54
-34
-50
-57
-35
-8
-47
-41
-54
-30
-40
-29
-58
-45
-58
-43
-42
-49
-44
-66
-25
-49
-39
-44
-59
-47
-38
-39
-52
-29
-29
-32
-28
-15
-46
-64
-32
-59
-38
-15
-24
-35
-23
-27
-30
-19
-37
-46
-29
-30
-48
-40
-37
-25
-47
-44
-58
-66
-57
-32
-35
-38
-37
-58
-20
-8
-19
-44
-29
-21
-13
-28
-16
0
-18
-29
-28
-10
-45
-47
-38
-49
-51
-39
-26
-10
-49
-39
-29
-42
-29
-30
-2
-39
0
4
4
0
-23
-33
-29
-32
-34
-21
-25
-37
-48
-19
-20
-16
-33
7
-26
-33
-32
-16
-27
-32
-10
-21
-36
-47
-51
-32
7
-54
-41
-22
-22
-6
-21
-15
-12
-22
-21
-3
-25
-32
-14
-13
-23
-36
4
-17
-32
-10
-28
-16
5
-32
-14
-12
-16
-38
-22
17
-19
-3
-8
-26
12
-13
-34
-27
-13
-21
-29
-38
-20
-33
-12
-30
-46
-17
-30
-35
-12
-12
-15
-15
-21
-38
-25
-1
-30
-10
-39
-20
-37
-37
-17
-33
-19
-28
-44
-20
-13
-35
-33
-21
-26
-31
-21
-21
-30
-27
-21
-28
-27
-35
-17
-18
-40
-12
-20
-41
-3
-24
-23
-23
-18
-12
-19
-20
-43
-21
-20
-36
-5
-36
9
-39
-19
-43
-6
-1
-3
1
-11
-29
-4
-27
29
-2
-5
-15
0
7
13
-17
-4
-17
-22
-10
13
-21
-8
-28
21
-27
-14
2
-17
-22
-1
7
-4
-30
0
-21
-22
-46
-19
2
-16
-42
-39
-3
-17
-28
-20
-12
-31
-7
-30
-13
-33
-43
-14
-25
-20
-7
9
-9
-24
-19
0
-21
-10
-5
-24
-3
-17
-2
-33
-34
-2
-4
10
8
-11
-45
-15
-24
-13
-21
-23
8
-12
-34
-30
-26
-27
-25
-34
-38
-12
2
0
-10
-28
-43
-19
37
12
10
7
-18
-24
-8
-24
32
-10
-23
-7
-11
-17
-21
-30
-41
-20
6
-29
-20
-23
-19
1
-43
19
23
-28
-14
-16
-20
-15
8
-43
-38
-20
39
39
4
-30
-23
-18
-17
-21
-35
-14
-22
-29
-18
-1
-1
-11
12
-23
-15
-20
-26
-11
7
24
-18
-2
-4
9
4
23
-23
-52
12
19
24
-1
7
19
4
47
20
-10
25
4
-2
17
-17
-43
-11
0
-37
1
-30
-29
15
-8
20
7
-24
0
1
-8
-12
38
23
-22
27
-11
0
-31
53
0
-6
-23
-17
30
-32
35
7
26
-16
-12
5
54
-19
21
10
-7
9
2
-11
-36
8
39
23
38
24
-18
-2
28
-13
17
-10
7
-7
12
-8
56
35
28
-18
-46
-4
-49
30
-40
-22
1
-30
-49
5
27
24
-3
-34
-37
43
0
31
5
-42
-17
12
-26
-25
-17
-24
-18
-6
-13
-7
48
19
-9
0
20
-1
6
-15
-1
36
5
0
-39
-53
-22
-16
-13
1
-12
-30
-6
-39
30
-37
3
16
4
-18
-19
-10
-22
-7
2
3
-29
1
-38
15
-55
-17
-31
-41
-7
-27
-20
-55
-11
19
16
-7
14
-15
-46
-23
-34
-6
-25
19
14
-53
42
-10
10
-36
-46
-17
-22
-22
-15
-8
-5
36
21
28
2
-1
-14
10
28
73
24
-3
-29
57
14
-1
-52
43
37
17
-8
-1
-18
1
22
-15
10
-2
25
-16
-19
68
59
2
53
47
20
66
5
-3
30
-13
58
34
24
6
44
23
4
9
-36
-45
-43
8
-1
-7
38
-16
5
15
46
-15
28
65
-13
31
84
91
95
67
81
28
86
49
80
39
-33
-14
62
0
9
-19
36
-14
3
-43
6
-9
-8
31
-18
2
-10
35
-30
-23
-39
23
-16
-2
20
-3
-10
30
-15
33
44
73
37
73
-22
30
34
118
52
64
42
102
123
77
66
118
79
51
125
91
136
101
73
96
30
78
81
90
82
91
67
71
57
10
47
77
53
102
37
115
60
76
61
57
71
69
42
69
16
33
-29
64
20
33
46
60
20
62
-18
35
29
-37
9
90
13
71
58
82
21
24
61
74
81
75
86
28
45
87
80
29
92
104
103
83
77
90
87
78
64
50
80
89
111
53
71
103
68
38
49
122
93
46
74
65
241
102
69
74
100
20
63
73
80
121
135
11
47
62
69
119
121
173
97
132
101
93
85
76
96
118
113
70
120
75
112
73
124
79
28
56
68
142
89
130
69
155
60
20
-17
117
96
102
117
117
63
100
22
49
90
114
128
47
118
51
66
94
128
108
103
107
-17
76
46
-20
19
88
-7
133
241
119
98
61
54
86
27
46
59
-5
23
93
98
57
59
68
74
49
-7
40
67
44
46
86
52
42
49
37
32
66
-24
20
4
39
46
23
42
38
57
27
45
22
4
86
96
45
110
50
31
1
-29
26
-19
76
6
23
54
121
-25
43
94
-9
104
101
55
71
110
79
83
80
56
92
47
118
1
101
79
40
108
45
83
48
94
89
34
91
77
95
116
94
121
147
84
115
127
110
96
100
59
89
110
139
107
87
86
103
48
149
83
101
81
69
116
109
110
115
73
92
133
79
118
113
167
100
106
154
91
83
97
82
70
59
118
167
26
-10
68
53
106
71
103
132
66
127
81
64
77
101
138
3
106
93
45
77
93
110
96
45
60
55
119
94
81
102
54
80
89
112
78
111
86
62
89
123
100
66
89
80
-29
92
47
90
14
20
32
26
58
35
100
137
73
6
60
131
112
78
54
156
86
101
66
53
57
156
106
31
10
60
74
19
173
88
88
55
102
69
222
65
38
-22
96
76
76
46
125
-16
35
56
55
46
76
64
109
99
102
78
144
67
29
34
13
50
92
50
94
31
75
56
71
138
78
67
97
53
75
144
79
62
117
99
116
77
85
99
82
97
45
77
83
106
152
135
75
147
107
109
52
53
170
14
107
128
92
78
27
116
16
12
89
81
67
147
83
96
128
35
68
71
102
63
96
132
93
43
109
67
81
78
93
133
92
81
81
152
111
54
110
112
124
54
105
148
109
100
102
131
82
42
112
101
151
106
73
105
99
70
133
78
132
115
59
100
66
104
-22
91
106
147
67
83
50
52
91
89
74
32
77
14
51
37
27
82
77
76
39
5
104
91
123
84
43
112
108
78
75
-22
100
63
57
116
121
74
93
102
117
96
95
117
107
117
88
86
104
125
84
98
135
90
78
66
43
113
-16
54
68
41
89
132
68
115
83
75
62
115
113
158
71
96
108
79
99
89
117
82
102
108
131
175
111
81
163
131
58
113
130
61
102
91
129
154
91
171
110
224
78
146
