-58
-33
-63
-57
-43
-35
-59
-23
-46
-73
-69
-49
-39
-69
-44
-61
-25
-67
-49
-5
-47
-27
16
-25
-22
-21
-22
97
33
45
24
-5
3
68
19
88
14
45
24
54
-9
-24
7
-32
19
-13
-9
-2
30
9
-49
-6
88
-27
103
-19
61
53
64
65
100
25
56
44
30
98
87
59
77
58
53
70
54
33
54
100
67
73
70
62
99
55
67
107
67
19
135
12
53
100
95
46
47
97
62
50
-15
-8
-8
102
82
-20
-11
13
42
119
-14
97
20
114
22
47
12
26
49
8
62
77
14
51
32
117
19
66
-12
55
36
113
60
13
101
69
58
30
56
-11
48
16
63
29
70
78
88
125
99
17
25
64
92
3
154
97
62
66
113
42
93
59
20
151
3
19
14
25
85
124
73
104
99
100
28
92
43
45
53
54
52
92
62
19
91
98
28
150
86
108
69
57
78
81
62
47
150
79
70
43
19
99
138
111
143
9
67
15
47
92
87
75
82
78
95
72
87
6
86
158
58
99
5
48
67
16
108
121
55
102
64
71
131
58
15
55
119
80
81
16
58
23
104
2
44
90
70
94
150
140
77
180
56
21
120
140
90
64
106
104
117
88
98
71
17
-13
96
29
38
8
83
3
86
40
104
98
34
-6
16
135
123
47
15
46
81
13
117
-14
23
13
156
132
-4
37
106
76
60
-19
-6
84
30
32
41
2
20
40
120
61
96
86
-14
68
89
28
82
98
76
35
89
99
42
59
72
54
145
39
30
74
85
109
107
44
103
65
28
81
115
72
75
76
81
77
112
35
152
105
71
103
54
89
87
35
105
51
60
44
104
45
52
107
61
88
80
27
31
7
90
60
80
151
140
112
47
29
-15
57
65
70
48
49
109
10
62
108
57
33
-34
94
117
4
89
67
104
76
14
75
106
85
62
135
52
45
85
84
72
27
114
103
55
203
18
-5
87
79
96
97
78
94
38
89
95
83
29
29
53
62
84
33
40
53
125
67
60
55
100
-15
49
-6
-1
70
86
79
63
35
75
63
46
128
84
113
73
82
101
101
69
54
250
73
132
100
39
84
101
114
140
71
148
61
93
79
102
53
162
76
75
63
102
154
102
60
5
56
70
142
67
87
148
49
67
50
99
77
50
93
70
167
92
85
65
136
87
72
85
47
93
60
71
143
-35
74
72
55
90
68
62
75
85
-12
70
49
122
55
73
76
102
81
106
62
76
37
109
176
128
73
138
60
69
96
41
72
55
88
105
36
39
-20
46
-35
93
92
108
81
125
125
88
9
39
70
90
15
25
122
105
112
57
112
111
63
94
68
-18
53
59
100
80
120
81
66
17
115
77
143
144
69
18
98
110
101
110
100
100
137
128
102
94
100
58
99
69
131
119
40
45
68
121
72
119
-3
113
131
-1
16
153
87
142
82
107
70
108
105
130
147
58
88
150
63
111
80
95
155
70
96
168
54
93
90
76
142
112
172
138
75
108
94
85
184
26
145
103
85
138
81
104
66
93
103
92
172
81
104
103
89
123
134
4
177
102
125
131
103
56
117
120
101
84
34
92
126
82
137
52
137
100
29
49
88
143
137
69
100
90
95
70
99
116
93
168
103
52
99
97
27
96
95
94
86
58
170
136
53
78
134
66
110
114
82
141
107
115
110
118
81
141
149
75
74
269
142
46
147
112
99
76
78
148
128
142
165
89
114
57
90
31
147
121
130
55
101
112
125
97
118
73
108
138
164
46
134
108
124
133
131
141
97
115
88
99
67
85
84
158
97
124
61
89
157
147
112
40
119
125
97
118
136
-7
143
125
146
143
110
148
138
146
142
131
88
141
95
148
121
168
140
112
127
163
42
110
164
110
141
131
153
74
70
188
152
46
91
145
101
91
174
150
120
91
100
18
73
99
50
119
139
100
143
111
142
86
134
154
75
96
121
108
59
86
119
122
71
86
87
117
27
127
84
16
140
46
136
124
45
131
65
117
108
175
171
150
137
124
125
96
70
93
113
98
89
146
90
116
57
100
113
86
52
165
96
94
146
147
147
128
48
107
128
112
77
256
100
74
25
138
90
177
105
53
59
84
67
108
72
56
63
112
40
7
136
72
104
141
116
14
72
89
60
50
104
109
113
70
186
84
174
96
84
41
130
115
126
89
61
153
64
137
99
54
171
61
118
112
130
104
108
97
115
114
141
109
92
117
75
39
82
112
104
155
105
116
129
61
95
102
68
135
94
104
134
122
140
132
98
90
110
129
110
166
112
64
105
125
76
109
185
63
112
130
117
125
102
93
132
104
89
92
106
118
79
61
57
121
99
68
94
99
88
52
125
98
45
64
110
69
83
98
115
63
62
125
107
33
31
115
160
93
156
155
63
145
105
41
110
92
30
118
113
166
162
103
50
149
68
133
116
132
116
204
176
111
105
127
138
120
33
109
153
138
178
96
68
121
127
113
59
91
116
105
98
151
58
142
116
146
109
153
115
77
111
72
91
4
51
182
104
117
123
120
7
18
111
63
54
98
