-56
-35
-62
-64
-41
-44
-59
-43
-30
-51
-59
-43
-32
-58
-42
-46
-30
-53
-29
-28
-56
-32
-28
-31
-37
-37
-47
-9
-10
-15
-11
-7
-19
-3
-37
-4
-18
-14
-16
-3
-19
-25
-15
-21
4
-8
-20
-30
-28
-25
-26
-29
-5
-37
-14
-23
-18
-27
-23
-29
0
-25
-7
-26
-21
-2
7
-17
-3
-24
-8
-12
-21
-22
-18
-5
-13
-20
-7
-16
-1
-13
-23
1
-28
-33
-10
-27
-14
-13
-15
-23
-24
-13
-23
-16
-39
-31
-32
-16
-7
-36
-32
-15
-19
6
-32
-15
-14
-16
-29
-35
-29
-33
-30
-35
-25
-18
-18
-19
-31
-2
-19
-15
-31
-8
-17
-11
-23
-37
-7
-25
-22
-34
-11
-28
-15
-22
-15
-25
-20
-21
-16
6
-13
-33
-11
-11
-15
-24
10
-16
-17
0
-11
-22
-8
-6
-24
4
-22
-22
-17
-33
-11
-4
-23
-3
0
-3
-21
4
-21
-17
-12
-18
-9
-8
-7
-19
-5
0
-19
3
-2
2
1
-10
7
-9
-11
-13
10
0
-3
-10
-24
6
8
7
17
-16
-10
-11
-24
-9
8
6
-14
3
-7
-7
-10
-24
-11
13
-7
23
0
-10
-4
-24
14
8
-7
12
0
-3
29
-2
-20
-15
16
11
10
11
-9
-3
0
-13
0
21
8
15
20
17
17
23
-2
-9
-1
-1
23
25
8
-18
27
23
-13
-6
5
-16
17
-17
-9
-20
-10
-18
11
4
6
-10
-10
-35
-10
9
2
-6
-2
-9
4
0
-4
-4
6
-5
39
19
-13
-19
-10
19
10
-6
-21
16
-1
-9
14
-14
-15
-15
18
3
30
19
-7
-14
-14
-18
-5
9
3
-15
11
16
-14
-8
-11
-2
25
-9
-14
41
-2
0
31
34
66
37
42
30
26
7
33
49
17
32
19
22
31
49
19
19
-1
24
57
32
42
16
26
22
21
3
30
21
53
49
26
2
-1
-14
24
23
25
43
8
14
20
16
9
18
8
7
14
11
4
-6
11
13
1
0
-12
10
17
-11
23
-12
9
0
-21
29
13
6
16
9
21
30
24
25
-1
-15
22
10
-2
31
-20
-7
31
24
18
21
20
12
23
27
-6
11
13
18
22
11
2
10
6
-5
36
-5
34
28
40
22
20
3
6
10
-4
4
18
-9
5
23
8
7
11
24
-2
26
39
4
1
23
66
30
34
23
5
16
33
18
13
20
12
29
25
29
19
9
43
33
25
51
30
61
41
28
27
54
25
29
20
15
35
0
10
8
50
20
7
35
16
43
20
19
22
30
5
2
16
6
21
36
9
33
1
7
14
6
23
5
15
28
19
40
31
6
43
26
25
46
29
23
21
26
39
18
6
47
28
22
44
21
38
40
34
40
32
20
36
25
16
-7
22
13
33
32
25
28
39
42
2
2
4
18
34
12
2
31
21
24
31
22
32
15
9
-2
-13
10
11
5
-8
11
20
22
37
31
46
40
64
23
31
35
32
15
39
40
45
53
50
50
35
46
39
15
29
24
36
20
22
24
51
33
36
9
34
68
5
20
50
36
49
38
13
37
33
32
30
50
39
33
39
24
42
46
53
56
62
50
57
35
55
53
50
59
52
62
32
37
50
49
40
26
43
61
26
41
62
36
44
45
40
54
43
71
41
45
27
53
47
54
10
56
61
32
43
35
33
51
55
34
44
31
47
44
28
46
20
49
44
28
11
55
103
31
25
45
39
53
50
48
49
59
56
44
50
45
67
58
60
36
54
28
38
77
60
39
53
49
41
62
74
66
72
49
64
59
46
53
59
69
48
40
105
57
51
55
40
73
56
41
44
48
61
74
60
62
44
48
46
57
48
86
44
32
48
59
63
69
52
47
65
77
20
67
56
44
58
62
88
82
73
79
66
67
53
67
68
31
88
46
74
62
65
85
39
77
48
44
65
71
47
80
78
54
83
65
86
79
82
54
65
47
69
32
57
58
77
64
81
77
96
64
59
76
45
70
92
46
53
51
54
65
46
59
50
35
33
75
66
61
47
57
53
36
49
28
59
34
39
71
59
47
70
67
52
44
67
34
49
45
49
76
62
53
36
38
60
51
55
78
52
65
48
84
59
64
65
44
26
63
60
73
51
55
75
67
64
63
64
48
50
66
74
65
54
60
66
79
72
46
76
71
71
57
79
84
81
78
83
48
77
67
109
92
96
45
63
60
81
76
61
66
78
61
75
87
57
73
59
73
57
69
62
80
66
65
61
79
71
75
66
43
62
60
47
78
55
87
69
54
57
63
62
80
55
53
87
78
69
34
55
73
33
96
69
73
66
68
55
62
69
68
69
58
73
74
60
45
63
84
92
60
94
77
75
78
89
62
52
86
71
102
73
92
67
70
74
66
82
96
85
62
74
77
83
70
75
92
70
77
97
84
68
80
73
83
61
92
73
82
72
68
83
70
92
94
86
64
66
82
71
85
84
63
71
82
78
75
85
96
85
83
68
97
73
74
86
94
91
73
71
101
78
67
68
55
65
67
52
99
75
96
71
71
70
28
84
86
99
65
68
66
58
75
60
63
59
14
62
61
39
95
72
75
76
84
73
64
81
89
79
85
108
67
68
84
73
63
71
97
69
65
68
55
43
69
87
67
77
84
89
33
54
68
80
53
77
