-56
-53
-49
-58
-38
-36
-54
-66
-30
-62
-80
0
18
-54
-64
-61
-54
-37
-22
-25
-32
-42
-56
-56
-36
-18
-31
-19
2
42
30
6
-18
3
-33
8
-8
-28
-11
3
-28
1
-16
-15
55
-16
-7
-6
-18
-21
8
-12
3
-5
-21
-16
-25
-30
-19
-39
-45
-5
-24
-36
-22
-38
-13
-19
-38
-59
-23
-24
-21
-30
-34
-14
-15
-7
-5
-29
0
-42
-33
-16
-55
-34
-61
-35
-28
-37
-6
-14
-51
-29
-60
-19
-42
-16
-41
-38
-45
-64
-36
-17
-51
-36
-37
-44
-14
-49
-49
-61
-74
-50
-59
-76
-62
-29
-17
-41
-27
-44
-30
-62
-31
-7
-30
-74
-55
-56
-46
-71
-46
-72
-20
-23
-25
-31
-38
-39
-74
-61
-59
-19
-25
-56
-40
-34
-32
-32
-15
-51
-13
-11
-46
-26
-10
0
-41
-9
-59
-45
-24
-25
-62
-55
-66
-24
-36
-44
-48
-10
-44
-56
-12
-17
-5
-15
3
-18
-1
-22
-40
-6
-12
-21
-1
-14
-46
-32
-20
-30
-16
-37
-22
-21
-46
-10
-21
-6
-17
-20
-19
-17
-60
-44
-22
4
-32
39
-53
-23
-34
18
-41
-13
-17
18
16
-7
-14
-24
-21
-21
-8
-18
-24
-35
-1
9
-32
2
-19
-9
-25
32
-61
37
32
-13
13
-3
-17
4
39
34
19
-28
-1
10
-26
-47
-6
29
10
-70
37
11
-37
-61
-3
-56
-29
-34
-48
2
-36
-11
-18
-11
-5
-21
-4
-53
3
-28
-10
-47
43
-12
29
46
-34
72
-15
45
49
25
60
22
12
0
20
19
-1
48
44
-16
34
-7
-30
-22
-15
1
66
13
29
-72
-49
-41
-65
-29
-26
-55
-21
-35
-60
-40
-38
-22
4
-28
-54
19
-43
-50
-17
-37
37
-4
45
-28
-62
-7
-58
10
-9
-49
-32
72
-38
1
-32
-36
-22
-17
64
-1
20
-13
-26
40
-11
-22
24
-24
3
43
-40
-67
0
0
11
52
133
15
1
-15
39
35
58
45
-50
-42
59
60
-1
-4
13
-28
15
40
-17
16
22
-8
74
21
-45
-46
-79
68
45
25
22
-49
54
35
60
54
40
4
66
6
3
29
-12
42
47
7
19
0
77
8
61
61
-10
56
39
22
-16
-1
-5
-32
-13
-53
-4
-3
27
47
22
47
-9
22
29
-3
-20
-34
-57
-42
11
21
-3
2
-38
-18
-26
-25
18
5
-36
-43
82
42
-16
42
2
-3
72
-19
-59
-23
-28
17
1
64
44
11
11
56
3
100
47
75
60
48
64
107
43
8
61
73
70
3
54
37
112
26
84
74
74
36
30
39
88
60
-20
-3
51
39
16
68
23
38
43
-19
25
69
29
16
-26
51
16
54
37
-51
35
66
90
56
46
57
8
56
22
86
45
102
5
40
81
87
13
61
54
52
3
-29
50
11
49
47
26
32
44
14
-3
31
30
104
-12
37
50
35
90
82
15
67
-20
-20
3
-38
-29
13
-36
-19
-43
-34
-36
-39
-33
-39
30
64
62
28
76
60
52
49
87
27
44
21
44
60
38
63
62
104
20
34
93
-28
63
83
52
75
22
20
-10
47
96
66
64
59
-16
26
31
78
38
57
43
36
41
49
55
39
44
-20
-3
57
33
57
28
44
47
7
38
70
42
103
76
62
60
69
-10
9
60
35
67
-32
71
107
33
46
50
59
74
79
65
86
-5
56
-15
36
-28
61
61
17
-24
35
38
-24
30
36
51
65
96
-34
33
46
40
-13
-6
35
-24
6
51
50
-22
91
102
20
62
96
83
66
33
91
63
83
108
47
69
33
56
127
84
42
46
37
45
116
89
76
118
48
-6
132
60
74
96
-50
60
116
3
58
45
70
54
101
80
84
98
24
82
112
115
74
11
45
48
96
70
101
53
28
81
79
72
127
67
-20
98
100
62
162
44
50
59
104
-11
92
83
65
34
144
83
140
127
80
85
90
102
51
62
52
113
62
129
26
35
114
67
132
87
48
43
98
36
55
92
12
92
113
162
152
105
56
50
82
108
6
33
87
83
67
107
74
101
126
40
99
66
92
164
-1
66
82
60
77
67
102
63
-3
2
76
125
86
73
87
69
12
50
88
69
23
4
135
53
35
155
105
85
91
99
-31
34
-16
112
100
91
97
10
12
47
71
49
212
126
48
99
125
27
203
104
92
-6
85
75
81
78
72
74
40
88
90
79
55
-2
93
126
97
65
27
128
137
111
100
98
63
84
48
84
104
131
124
135
-40
108
64
84
74
28
30
81
0
44
80
81
83
28
30
58
125
80
83
53
87
90
116
38
105
100
32
63
30
79
132
127
-21
43
29
85
97
104
61
66
88
108
6
79
90
75
64
92
196
35
-13
37
123
23
155
130
115
72
29
100
131
72
89
81
38
133
161
97
59
76
106
58
94
172
89
150
82
114
34
17
86
108
130
51
111
72
126
53
61
91
156
114
22
158
95
111
44
120
110
123
87
113
96
85
59
111
120
56
112
85
118
72
41
110
107
148
112
113
97
91
121
109
78
106
78
115
147
116
108
126
112
83
79
101
72
121
103
89
121
103
83
43
220
8
114
102
70
61
146
78
132
34
36
109
55
92
9
103
98
75
-9
5
78
73
96
99
48
55
51
139
19
-9
120
85
63
110
93
119
42
134
90
136
60
104
95
26
116
73
-4
64
85
53
81
58
51
83
107
89
68
120
164
139
121
127
30
105
64
90
-25
112
131
20
113
3
-6
70
97
119
97
70
116
123
77
68
79
84
65
91
31
140
119
72
87
102
102
72
123
121
105
63
105
43
62
97
108
23
84
91
52
97
86
61
54
89
89
38
171
43
79
34
86
84
65
109
61
99
122
90
63
-14
130
-3
91
63
97
24
54
116
61
41
43
55
12
40
70
95
69
98
39
45
135
105
162
97
101
60
113
89
88
19
140
115
136
98
109
108
131
93
110
73
82
149
55
75
59
153
121
143
85
30
80
96
78
118
26
21
64
72
167
119
91
96
114
70
88
75
112
6
132
110
50
98
118
112
92
88
63
106
52
64
147
79
107
51
142
70
113
91
115
135
66
111
133
70
43
109
82
79
80
84
85
132
7
35
-10
54
54
66
102
113
101
78
110
131
72
28
67
93
80
101
155
114
87
-13
129
109
64
9
126
36
78
114
141
-12
12
122
90
109
-18
75
30
91
90
86
282
60
105
71
162
86
88
101
138
74
56
94
45
84
91
98
57
101
36
30
61
63
117
18
59
69
72
89
41
109
76
34
75
97
95
60
91
60
105
79
74
104
127
83
70
101
136
42
75
72
111
83
9
96
101
118
121
74
86
77
81
46
82
98
69
281
102
77
38
58
38
93
95
171
134
87
80
76
53
76
92
87
41
36
103
51
65
65
116
96
13
63
95
