-57
-31
-66
-66
-41
-49
-59
-36
-43
-51
-63
-47
-53
-51
-55
-38
-61
-48
-43
-50
-38
-34
-22
-37
-45
-14
-38
-36
-43
-41
-17
-27
-18
-24
-17
-13
-6
2
-22
-18
-12
-28
-9
-13
4
-5
-21
-9
-7
-19
-6
-5
-13
-17
-1
1
1
-11
-8
7
-4
-9
-11
-15
-18
-19
-11
-15
-19
-13
-3
-10
-17
-11
-17
-9
-1
0
-18
-4
-16
-19
-13
-16
6
-10
-9
-15
-3
-16
-14
0
7
-13
-14
-11
-23
1
-5
-23
-22
-27
-6
-5
3
-10
-24
-9
-10
-19
-12
0
-12
-32
-20
-22
-20
-25
-5
-12
-3
-15
-21
1
-2
2
-10
-34
-19
-17
-1
-18
-10
-11
-39
-20
-19
-18
-17
-16
-22
-13
-2
-7
14
-23
-24
-4
-14
-38
-16
-23
0
-10
0
-22
-1
-10
-12
-18
-11
-1
-16
-15
-6
-9
0
-11
0
-4
-43
5
0
-13
-7
6
-11
-21
-9
-24
-10
-4
0
-14
-13
-4
-20
-18
10
-2
-23
14
-4
-7
0
5
-3
2
-27
13
-11
-10
11
-11
16
-3
-24
6
-15
-5
12
-3
-13
-3
22
2
9
-9
9
16
-29
11
8
-3
7
5
7
17
19
-9
0
11
-6
0
-3
27
11
7
-5
7
2
2
-1
-5
33
14
17
10
-8
21
39
11
1
-12
12
33
-1
-12
-5
5
6
16
22
0
-4
4
17
-9
18
20
-2
-17
-5
20
20
20
10
-6
6
26
13
-10
23
27
28
15
8
7
-6
14
12
15
15
7
4
-6
-4
6
6
-5
12
23
0
2
11
18
0
23
-13
25
25
3
11
4
24
10
19
17
5
29
8
-4
23
5
8
17
29
18
21
14
10
17
15
11
12
27
15
17
11
22
25
21
14
5
14
23
8
-7
24
19
2
9
30
14
2
15
9
17
-2
12
3
38
6
13
18
4
17
11
4
18
-5
14
-4
-3
11
-9
-8
6
10
14
25
16
15
7
-4
7
52
31
-2
36
-9
37
20
12
37
21
35
66
43
8
25
53
25
14
15
31
31
27
31
20
31
32
32
21
36
41
21
31
18
36
31
43
18
37
36
23
35
28
41
56
43
46
21
3
18
38
37
30
80
52
32
34
24
41
36
43
28
13
25
40
40
49
39
36
42
51
30
27
53
26
36
17
22
22
43
48
37
54
34
26
48
32
22
36
38
47
48
40
48
49
67
51
41
59
38
33
44
44
65
37
70
60
75
42
48
40
40
60
57
29
31
36
57
51
48
54
39
55
54
54
36
39
41
41
24
47
49
42
43
52
44
60
32
41
46
76
27
41
34
45
22
10
62
66
46
66
34
44
52
51
36
59
29
34
77
20
35
37
68
45
65
45
41
49
53
59
9
45
64
65
47
42
71
46
54
57
60
52
39
10
80
29
60
70
84
64
48
54
36
40
53
62
53
54
46
72
63
47
46
70
28
46
51
49
53
56
52
65
62
52
71
42
57
54
71
72
48
50
49
59
66
36
50
39
67
54
36
72
65
68
73
44
63
50
72
78
88
67
49
77
56
83
71
63
61
54
46
67
39
64
46
86
92
87
66
60
53
66
43
72
51
48
40
51
75
59
51
37
54
65
53
43
49
70
41
64
77
50
52
39
71
109
50
41
68
94
63
63
89
72
74
66
68
68
68
61
70
100
39
56
73
72
54
82
44
61
83
54
78
64
45
68
55
52
63
73
57
59
56
57
54
58
52
67
61
72
62
50
58
87
56
56
67
64
70
66
69
54
79
81
60
64
59
68
37
60
71
76
68
53
52
27
79
28
70
70
65
80
67
39
55
74
85
52
48
68
67
54
59
49
68
62
59
58
81
69
53
73
35
48
54
77
52
47
64
43
59
61
57
76
42
52
75
35
87
63
52
50
61
74
73
42
69
59
54
55
47
70
49
50
64
71
71
74
74
69
57
79
77
86
73
63
19
82
59
56
55
35
54
66
73
65
74
78
70
83
79
85
58
60
62
70
68
64
85
70
62
79
52
71
80
58
81
75
61
43
75
87
81
68
87
79
55
71
96
70
54
65
52
76
66
69
75
94
81
72
77
48
86
72
83
58
69
56
86
72
66
64
77
52
64
69
90
89
81
67
70
74
41
61
67
65
73
74
53
52
72
67
69
80
68
56
71
64
72
60
34
91
74
49
70
94
87
75
84
76
40
38
73
65
73
67
64
65
87
71
57
71
44
57
79
38
58
74
68
80
80
73
58
69
87
68
47
85
48
36
53
97
88
94
67
44
78
66
47
54
66
102
104
77
64
49
43
87
72
77
79
62
88
71
69
49
56
77
77
71
57
49
53
89
74
77
87
65
78
83
51
62
60
97
53
62
107
82
77
71
91
76
71
90
66
66
98
78
100
76
87
77
72
66
74
69
102
71
67
80
