-58
-45
-54
-73
-64
-56
-52
-55
-57
-29
-68
-73
-48
-57
-29
-22
-48
-28
-26
-31
-39
-24
2
-14
-56
-32
-49
-54
-56
-61
-51
-38
-36
-48
-1
-36
-5
-4
-22
-26
65
-60
-12
-51
-17
-51
-53
3
-60
-53
9
3
-44
-30
9
45
12
35
-22
31
14
-51
-9
-25
-65
-36
-27
-76
-22
-42
47
-20
-13
-17
-54
-14
-9
28
-16
-18
-12
-26
26
-3
46
25
15
18
25
1
31
87
58
21
10
32
11
89
98
44
51
28
117
75
102
139
20
91
45
31
80
107
90
6
51
6
72
21
65
89
88
71
37
102
119
95
81
32
17
44
82
52
77
85
23
14
71
12
36
50
4
64
82
92
139
13
18
89
78
-2
57
-8
156
99
94
37
64
106
39
76
66
109
102
81
111
102
114
113
149
73
13
142
113
51
69
153
62
28
58
37
87
99
76
44
89
130
38
38
116
104
-2
135
78
114
79
94
148
126
-13
122
48
90
130
120
71
134
8
116
19
117
143
59
4
110
126
119
135
-21
77
126
-12
119
133
97
78
87
97
158
148
67
97
128
59
129
71
197
122
140
94
90
70
113
135
59
171
146
144
97
100
108
152
105
81
90
147
170
58
116
68
129
90
124
112
153
100
140
149
27
137
124
63
52
68
151
63
108
170
82
121
151
152
-11
118
163
114
123
124
86
76
88
68
119
95
44
43
36
83
161
165
87
113
139
82
77
146
74
50
160
34
150
115
69
53
10
163
111
114
121
83
140
111
17
127
90
155
153
265
111
134
109
165
122
57
99
119
179
92
119
115
128
178
156
121
115
73
144
65
22
129
75
71
91
131
136
79
125
76
78
128
97
80
133
62
84
142
89
90
73
64
93
-18
114
19
23
65
-28
-26
85
66
90
126
52
122
97
2
109
150
118
9
159
20
167
124
128
122
110
127
311
103
116
36
130
146
89
131
110
110
105
106
142
78
96
139
92
109
84
99
103
52
121
129
166
81
113
113
92
131
171
128
138
97
100
61
51
105
77
63
72
119
179
122
99
128
116
152
107
163
62
111
138
148
131
101
119
70
131
75
113
185
128
128
113
83
67
125
136
139
131
104
80
116
119
91
43
150
93
105
148
143
133
162
155
91
144
59
108
130
130
101
143
179
146
162
70
170
125
110
108
116
62
57
22
149
98
87
82
88
136
128
115
124
143
97
106
100
129
136
147
97
126
112
148
116
124
118
122
71
87
-11
153
-5
25
145
127
115
114
80
78
113
26
123
150
145
65
145
81
169
81
162
71
163
39
108
132
167
101
29
107
89
77
99
127
105
90
92
26
155
112
104
-3
297
5
187
116
158
121
55
68
57
33
38
110
136
149
65
128
114
38
69
148
52
87
130
70
80
113
134
76
90
138
114
51
124
133
171
158
138
131
116
114
143
136
137
131
157
102
121
117
172
161
115
119
117
108
148
181
209
152
105
175
121
174
146
112
152
102
71
135
33
145
126
150
170
119
128
94
126
147
6
113
119
108
74
69
122
131
131
38
150
137
146
56
146
187
61
117
130
51
81
68
135
109
101
32
115
162
142
116
125
123
106
87
163
121
147
140
133
86
169
54
130
149
139
151
83
125
150
59
153
148
21
156
109
161
129
162
168
109
160
113
148
158
146
92
100
94
98
129
105
134
86
91
78
86
76
134
114
99
144
149
71
129
122
112
101
118
149
144
72
130
158
93
142
56
133
119
124
134
125
115
67
104
153
86
8
141
155
112
90
126
133
150
124
157
163
150
106
147
33
57
120
84
109
45
150
59
74
111
99
105
129
126
135
77
149
110
102
112
105
56
165
104
97
166
63
121
107
111
69
67
140
115
163
78
130
143
129
126
143
162
142
152
16
147
143
172
92
77
114
115
159
84
146
100
161
142
148
180
68
123
137
168
61
123
156
128
73
155
87
161
113
103
106
147
107
44
102
199
169
152
90
174
73
112
142
119
123
176
59
157
136
95
100
140
132
132
125
152
154
111
115
115
85
120
192
111
140
95
116
127
136
162
166
177
117
121
74
113
113
79
71
130
138
90
56
115
152
108
132
120
156
85
152
177
165
44
92
151
74
112
119
141
161
157
171
130
45
97
120
76
90
124
130
174
151
149
19
105
-24
136
91
-13
143
174
69
119
169
142
67
191
135
187
50
179
155
40
76
167
135
157
150
16
184
118
56
123
121
124
181
190
138
107
106
121
118
145
77
120
158
152
150
140
119
153
135
118
128
120
133
169
110
146
178
72
126
193
112
86
112
156
66
154
142
140
95
122
99
122
109
182
126
100
178
115
135
133
131
190
130
141
107
104
112
126
127
107
