-59
-26
-70
-67
-46
-47
-72
-63
-40
-18
-62
-49
-56
-53
-81
-38
-57
-67
-47
-40
-25
-58
-29
-30
-49
-55
-34
-72
-75
-56
-49
-63
-70
-55
-49
-63
-63
-19
-55
-36
-44
-30
-21
8
51
46
-6
-6
28
-13
10
-22
-7
-2
20
-17
44
-21
3
34
6
7
0
-11
-3
-22
-18
27
-30
-2
-3
-2
-26
16
0
9
3
-8
-24
26
-53
0
-66
-32
7
-26
-12
-17
-15
-5
-35
-14
24
23
-7
-25
-19
-14
-26
-80
-40
-68
-70
-27
-12
-82
-60
-52
-18
-38
-37
-21
-55
-69
-69
-38
-62
-46
-37
-48
-45
-35
-43
-44
-47
-33
-66
-57
-26
-30
-34
-44
-47
-30
-79
-50
-71
-50
-33
-80
-30
-41
-28
-66
-55
-46
-53
-34
-56
-66
-40
-35
-56
-50
-17
-47
-58
-4
-35
-31
-44
-54
-48
-56
-61
-54
-65
-45
-51
-32
-71
-38
-46
-39
-55
-43
-53
-12
-42
-30
-38
-41
-43
-43
-58
-43
-55
-40
-38
-56
-19
-35
-66
-72
-35
-11
-40
-42
-39
-63
-68
-24
-15
-53
-23
-34
-48
-34
-45
-36
-37
-28
-18
-67
-25
-28
-39
-23
-33
-34
-26
-17
-19
-44
-26
-50
-23
-47
-13
-49
-34
-45
-48
-44
-68
-20
-30
-27
-50
-15
-22
-32
-39
-46
-21
-25
-18
-27
-44
-39
-58
-32
-23
-67
-40
-1
-50
-80
-45
-71
-30
-29
-57
-75
-42
-52
-41
-37
-44
-27
-36
-31
-36
-49
-38
-68
-59
-21
-39
-12
-33
-25
-35
-48
-15
-42
-48
-9
-30
-27
-38
-58
-27
-17
-26
-33
-18
-37
-82
-28
-29
-21
-45
-34
-67
1
-34
-29
-41
-36
-5
-32
-4
-30
-33
-35
-36
-19
-44
-10
-41
-38
-6
-42
-45
-55
-55
-27
8
-39
-53
-27
-24
-20
-61
-43
-31
-16
-49
-21
-33
-29
-40
-42
-20
-17
-25
-30
-8
-21
-23
-16
-24
-21
-20
-3
-28
-15
-27
-19
-21
-34
-21
-22
-29
-14
-9
-40
-30
-17
-5
-41
-13
-34
-28
-25
-32
-23
-30
-6
-10
-5
-20
-41
-17
-17
5
-3
-30
-6
-70
-23
-30
-16
-35
-31
-20
-18
-29
-16
-11
11
-23
9
-49
-52
-5
-24
-21
-15
1
-11
-3
-30
-21
24
-5
-9
-30
8
-7
-9
-17
-18
-1
-17
-27
-33
-33
-23
-30
7
-11
-15
11
12
5
8
11
-9
-20
-43
-13
-4
-20
2
-39
-32
-42
-20
-18
27
-2
-9
10
-13
28
-19
-8
11
-1
3
-5
-4
10
-2
2
15
7
1
6
-15
-19
8
-39
-6
-13
4
-18
-16
2
0
-5
33
2
16
-15
-22
19
-22
-15
-17
0
-10
-25
10
0
15
23
-6
-15
23
7
-29
10
9
-1
9
-33
14
-38
-37
-50
20
-32
23
-17
-7
0
-37
12
-25
-20
-15
-27
-39
-15
-22
-19
-32
10
-44
-22
-13
-51
5
-17
-5
14
46
23
-12
2
10
23
12
-7
4
-9
40
6
27
-25
-19
24
8
-8
21
18
0
-44
-10
-6
25
-6
48
39
10
21
15
5
2
10
14
22
-9
-22
10
28
-5
-11
28
9
10
-16
11
2
13
39
20
4
9
-27
10
14
3
-6
12
6
-10
21
8
17
0
45
5
-4
-27
24
25
16
13
1
-29
24
18
-11
37
3
27
-3
-38
17
-1
8
32
-21
-31
26
10
15
-10
4
30
-27
-41
-14
26
10
6
4
22
8
41
-45
19
3
31
5
-4
21
-11
2
29
16
30
-24
44
-16
-4
-35
36
14
26
22
17
53
-31
-10
-27
47
61
-9
14
24
14
3
-17
26
13
41
11
-1
40
-3
-8
26
23
-21
26
1
-3
5
12
-42
-56
-6
26
-1
29
16
-35
-8
26
14
37
19
-14
-15
-10
-26
40
-4
29
2
18
7
15
46
37
21
6
-8
-29
12
6
26
37
10
48
45
28
27
-10
-66
-1
11
7
32
-27
-6
11
-8
-1
36
2
19
44
50
7
16
18
11
-3
16
-1
24
32
20
1
35
14
0
41
11
-3
-10
-13
-25
-7
9
27
-15
-13
10
20
41
8
-6
21
-16
13
31
45
39
4
-26
11
-48
55
30
42
29
0
8
36
-22
-27
-34
34
2
63
-9
51
33
44
-8
7
32
36
35
60
-22
20
14
21
66
-32
27
52
18
39
48
5
9
11
66
15
-19
10
20
13
34
6
59
61
55
51
41
-23
4
-10
57
28
40
-4
53
18
10
-4
58
12
28
17
25
38
-8
-8
25
3
9
41
7
48
33
4
45
-15
15
6
40
-12
7
-37
17
24
-11
-49
68
-7
23
23
35
-28
52
-1
49
47
-2
27
18
2
23
-3
11
-22
10
9
10
5
-10
-7
32
-15
-1
28
-5
19
11
-14
19
30
-17
10
18
6
43
15
16
32
25
34
45
-22
-5
35
39
21
30
19
37
11
17
-5
29
-6
20
41
26
-34
3
21
17
29
4
-1
16
41
49
29
14
6
32
48
24
-18
36
50
63
47
30
88
-17
68
33
25
55
21
35
24
22
24
-26
49
26
51
29
17
-5
26
-15
30
18
55
14
-29
31
0
23
32
12
21
26
29
20
-8
37
26
30
50
11
24
25
64
71
24
13
35
14
-16
34
32
46
32
19
85
0
33
17
0
40
45
23
51
3
73
46
46
52
34
-8
27
16
26
39
26
9
1
34
14
5
44
28
46
52
44
87
37
68
-1
69
44
47
49
27
8
50
46
55
25
46
37
52
-13
39
37
22
20
39
17
15
3
57
15
23
26
49
43
36
35
10
11
32
46
53
50
44
6
13
31
40
31
50
52
52
0
5
20
21
16
11
57
42
7
68
-6
50
51
35
61
39
55
63
16
46
59
37
2
42
54
44
39
37
34
35
34
39
52
16
23
-2
50
-2
33
33
15
-7
22
33
26
36
67
40
39
53
20
56
7
20
17
-2
30
0
0
9
22
2
0
19
-22
45
53
23
48
14
18
36
28
28
12
-14
8
50
54
9
58
54
16
34
38
1
41
61
35
36
29
43
28
37
24
-2
34
25
-37
71
-48
-18
23
17
66
-11
101
0
-18
41
25
4
38
39
-2
32
61
55
18
56
37
20
45
43
-7
21
54
65
32
44
17
84
45
25
38
39
46
68
45
54
27
52
57
71
62
30
-26
62
39
-7
34
59
42
34
48
-15
-9
13
36
19
48
20
29
61
-7
32
38
-11
30
66
67
43
53
15
40
8
11
26
-6
29
43
35
59
96
-15
92
-16
-1
39
-27
24
6
49
27
-1
28
20
71
43
34
4
42
43
49
36
52
33
57
24
23
8
22
67
69
4
20
5
8
-3
-15
17
53
34
65
46
39
50
50
51
32
41
13
49
20
49
81
74
22
33
26
37
25
51
3
34
36
28
52
36
27
53
36
51
43
16
-23
65
30
53
28
39
37
9
52
15
52
41
10
37
46
50
58
37
27
19
30
54
45
11
-21
-12
31
14
31
60
41
-13
-11
22
31
55
16
22
5
70
8
8
19
42
55
37
49
30
42
13
44
30
27
2
34
68
58
44
19
36
14
40
37
47
-33
29
18
64
56
63
25
39
18
39
52
37
-12
43
7
46
21
27
41
18
8
49
36
28
22
21
0
11
18
-5
27
26
27
8
45
64
64
25
-1
60
23
20
14
73
50
53
53
83
19
15
54
22
-6
66
-12
74
14
36
29
36
43
-6
31
-4
28
44
41
30
19
25
38
36
21
28
32
49
32
41
41
39
37
7
52
44
41
56
29
22
23
46
22
15
63
70
25
14
63
38
30
107
51
26
24
45
22
30
32
56
60
17
38
61
60
52
63
27
63
11
63
-17
46
66
39
39
29
55
40
54
27
45
50
43
20
9
55
30
35
35
39
18
40
82
14
71
69
47
26
63
15
45
41
42
38
16
25
36
44
35
21
73
63
26
76
10
17
14
53
66
28
37
78
48
20
33
29
10
73
51
22
23
20
45
31
38
43
50
16
83
10
33
46
21
72
65
2
49
16
35
35
60
31
28
29
59
35
54
46
52
46
34
21
-5
29
47
64
49
2
61
53
34
26
6
26
66
-3
36
55
-8
18
62
39
34
72
56
-2
71
52
26
-20
24
0
16
71
9
12
-4
9
42
38
57
27
19
29
5
57
14
21
65
11
15
38
30
56
82
56
42
18
50
27
22
30
55
40
19
75
19
54
47
43
-13
19
44
14
27
6
-10
10
30
22
13
32
30
46
17
35
12
63
9
46
67
20
48
45
20
32
57
36
-19
-23
20
66
40
58
37
59
26
50
-26
19
44
18
6
51
21
30
10
25
22
3
61
58
41
29
-32
-59
57
9
20
45
58
14
25
30
50
38
22
40
44
12
87
-23
52
13
37
4
48
44
51
47
22
12
25
26
29
26
-8
-8
27
34
53
26
27
61
62
11
53
44
43
14
57
18
54
32
28
49
24
75
27
28
25
27
48
