-56
-29
-67
-66
-31
-43
-56
-1
-60
-62
-20
-38
-48
-54
-61
-31
-59
-13
-38
-54
-8
-28
-47
-52
-20
33
-34
-7
-2
-41
37
1
3
6
9
12
21
12
-15
5
-26
-10
15
-7
11
-17
0
-14
-12
11
2
-17
5
-14
-11
-17
-17
-12
-15
-4
-3
-5
-12
-18
-2
-10
-17
-13
-12
-9
-23
-33
-27
-9
-12
-30
4
0
-30
-21
-26
-35
3
-24
-23
-50
-38
-49
-19
-75
-46
-54
-54
-86
-57
-28
-64
2
-57
-23
-61
-69
-34
-48
-29
-53
-58
-41
-59
-45
-73
-58
-33
-28
-52
-42
-46
-27
-6
-52
-31
-44
-55
-21
-13
-18
-14
-69
-32
-57
3
-50
-46
-55
-18
-70
-58
-36
-54
-9
-46
-48
-3
-29
-23
-32
-53
-52
-49
-80
-68
-39
-55
-41
-46
-51
-8
-60
-35
-79
-49
-14
-70
-36
-73
-50
-47
-73
-39
-31
-81
-49
-45
-44
-36
-54
-32
-54
-35
-40
-28
-37
-44
-48
-46
-48
-52
-43
-35
-41
-35
-19
-49
-18
-29
-54
-46
-25
-16
28
28
-57
-33
-37
16
-66
-35
-5
-23
-62
-22
-40
2
-37
17
-30
-12
41
8
-10
-37
-21
-54
-3
-4
5
16
-2
-37
-49
-4
-33
-26
-39
-20
-34
3
-49
6
-26
1
-64
-71
-42
-3
-48
-30
-31
-70
25
40
-55
-10
-44
-49
-32
-38
-69
-6
-49
-26
-25
-37
-69
-6
-47
-25
-8
-16
-45
-17
-77
-27
-18
8
-37
-16
-61
-31
-12
-59
-19
-50
-39
5
-19
-31
-22
-45
-25
-27
-42
-26
-10
-46
-22
-23
-37
-40
-32
-21
-21
3
-66
-31
-16
-32
-34
-24
-24
-29
-35
-7
-14
-37
-22
10
-28
-16
-36
-28
-34
-20
-24
-67
-36
-37
-29
-47
-19
-10
-36
-23
6
-56
-11
-29
-26
-61
-18
-45
-30
-45
-10
-11
-14
-32
-18
-12
-32
-38
-50
-31
-38
-54
-11
-20
-39
-71
-39
-31
12
-12
-25
-18
-68
-34
-23
-22
-6
-21
-7
-5
-20
-36
-16
-14
-27
-33
-6
-48
-41
-30
-31
-33
-28
-9
-23
-5
-20
-27
17
-5
-21
2
-33
2
-17
-22
-39
4
9
-30
-32
-17
-5
-23
-34
-1
18
-31
13
-5
-5
16
11
-9
-42
-8
-16
-33
-5
-23
-4
-19
41
-18
-13
-4
16
20
-5
35
-62
-31
2
-9
18
-30
15
4
-3
33
29
20
-3
-11
4
6
-26
-29
-14
25
20
14
0
-19
-24
10
-5
35
1
23
-22
34
72
-48
-4
-17
-30
46
57
8
48
21
36
51
-16
45
54
39
17
56
25
53
12
9
7
57
26
99
92
97
54
35
4
85
28
37
60
34
29
36
42
52
48
32
44
55
13
19
68
54
43
9
13
26
33
8
91
65
24
42
26
-1
45
60
32
85
37
23
25
71
85
88
29
27
58
-7
66
-8
42
-24
75
73
-3
-13
16
66
10
35
77
54
35
32
85
69
77
86
93
44
16
47
50
71
86
71
53
25
-12
4
85
27
35
101
82
104
65
58
72
64
46
54
16
30
39
73
83
48
58
-15
65
52
-1
60
11
12
87
52
58
83
50
80
64
0
88
45
50
56
52
25
-26
-1
-13
68
21
54
103
20
47
113
52
57
8
80
46
60
65
20
71
11
65
107
67
46
81
53
54
34
37
52
82
109
53
84
44
47
55
96
147
-1
72
62
83
99
31
16
-7
-6
115
12
-2
-25
-15
38
58
82
72
39
41
65
173
3
47
98
111
45
85
86
37
82
76
46
60
92
43
99
77
2
119
51
93
41
77
56
89
77
49
141
27
59
84
98
49
-23
25
-27
42
32
44
28
19
92
95
88
100
64
72
49
75
57
34
127
130
67
27
54
30
84
77
32
35
-4
80
60
46
85
59
99
79
78
22
148
42
72
76
66
56
45
12
79
87
98
121
83
90
33
62
55
78
68
42
70
59
82
85
62
104
51
97
98
72
72
81
61
84
31
64
76
97
66
26
84
-9
104
47
57
29
82
125
65
8
61
35
71
4
2
72
58
35
79
48
58
103
89
34
90
88
79
72
70
29
63
77
61
54
33
27
66
88
66
118
106
118
105
104
57
72
94
56
3
53
105
76
100
39
81
112
75
93
129
116
92
80
62
84
56
75
104
88
84
118
101
74
105
100
25
24
40
101
99
83
91
85
115
130
66
57
61
52
101
33
122
82
93
84
64
112
36
37
10
61
81
107
81
83
77
73
11
31
77
13
79
84
67
72
58
107
94
122
41
96
70
37
51
55
-19
98
104
25
51
102
147
89
108
49
18
-6
85
66
60
64
20
23
86
20
69
89
69
52
102
44
28
16
92
118
106
48
84
59
98
1
111
74
80
83
101
119
121
92
31
75
68
76
114
82
126
150
136
123
96
72
96
134
99
118
150
78
132
29
127
46
53
134
122
65
88
6
70
116
132
68
91
105
72
88
58
37
59
111
96
67
94
132
153
58
155
96
122
66
70
85
90
58
132
101
112
69
132
90
108
108
155
46
91
92
39
82
106
88
94
101
152
91
152
70
114
56
121
78
67
85
77
109
113
100
73
92
74
44
88
107
89
79
95
52
104
82
113
110
131
87
105
118
113
71
33
81
116
75
76
82
113
100
69
104
92
103
88
44
72
163
15
111
69
114
78
111
36
19
43
99
97
19
83
112
75
96
124
58
61
86
120
-8
64
55
99
25
110
26
87
91
79
98
124
101
53
109
143
129
70
106
121
94
104
140
84
114
74
149
83
72
61
61
14
70
30
-18
111
113
70
111
56
35
87
64
136
138
85
122
102
26
82
104
105
142
69
67
65
59
78
40
88
57
113
78
127
102
62
37
80
68
83
96
72
65
132
122
122
53
121
116
107
142
102
66
88
116
104
103
75
115
100
99
109
66
121
15
80
168
56
88
101
77
14
50
80
68
113
84
83
65
78
36
34
91
85
110
91
125
151
44
87
95
148
97
26
85
97
79
72
77
59
75
78
75
57
55
77
56
79
95
51
67
50
62
75
137
67
91
88
102
119
106
127
67
101
139
129
107
111
140
74
124
109
64
75
77
137
123
108
121
85
121
135
74
77
90
118
93
52
100
107
126
108
98
122
150
137
69
116
77
79
50
73
85
121
85
65
116
103
78
74
63
82
77
59
106
86
86
76
83
104
114
152
58
100
118
122
163
89
147
86
122
119
49
74
112
108
45
90
71
92
116
32
-3
120
101
82
138
33
74
109
46
26
97
100
60
68
88
185
90
69
118
112
123
151
54
17
40
55
71
68
81
55
61
41
48
37
108
95
63
71
103
79
53
61
80
103
164
36
31
127
54
98
79
87
90
146
115
134
95
70
109
100
110
83
107
59
38
133
58
93
96
101
119
79
78
99
141
23
27
45
115
59
84
70
98
95
66
130
