19
17
41
14
26
10
14
10
14
18
15
12
18
42
20
11
48
30
19
30
9
37
13
17
32
17
13
11
35
21
26
13
14
26
12
31
24
52
17
16
12
10
8
14
25
22
18
43
32
17
13
15
17
27
19
19
11
9
14
19
26
15
20
33
36
16
23
40
20
14
25
17
24
21
16
33
39
13
11
12
12
41
20
30
17
15
12
34
35
21
17
18
19
17
14
18
20
53
28
13
11
21
30
30
28
13
28
28
24
38
24
23
17
32
34
36
22
12
46
11
15
9
25
53
11
26
18
22
20
49
77
19
14
25
33
15
13
47
13
24
22
19
23
25
17
20
19
80
12
10
51
19
13
14
17
27
39
49
23
11
36
31
23
31
14
38
16
35
11
30
17
13
14
12
16
15
22
42
32
37
41
37
52
24
50
13
33
35
30
17
19
29
53
55
21
32
29
24
45
38
72
33
41
30
34
21
57
20
30
33
19
25
20
34
16
24
17
52
17
25
49
20
19
82
20
34
51
24
23
27
25
25
15
17
26
12
36
27
80
16
60
18
66
30
63
42
68
80
32
36
17
21
31
93
36
115
37
50
14
49
22
87
54
96
25
73
57
34
43
21
25
47
36
75
14
70
19
48
14
96
18
136
86
70
175
144
104
76
101
77
59
156
40
199
39
56
194
23
78
48
128
134
211
127
132
177
153
165
243
132
139
100
92
163
123
70
270
408
288
103
156
173
140
310
175
303
144
379
197
302
198
287
143
257
295
265
268
268
250
205
200
235
360
292
309
291
318
371
281
305
331
333
291
362
285
402
393
345
305
372
424
411
500
486
500
500
500
500
454
300
500
500
500
500
500
416
414
332
500
500
500
500
500
500
500
486
500
500
500
500
500
500
500
500
500
500
500
500
500
500
500
500
500
500
500
500
500
500
500
500
500
500
420
500
481
500
500
500
500
500
500
500
500
500
500
500
500
500
500
500
500
500
500
500
500
500
500
500
500
500
500
500
500
500
500
500
452
500
500
500
500
500
500
500
500
500
500
500
500
500
500
500
500
500
500
500
500
500
500
500
302
500
500
500
500
500
500
500
500
500
500
500
353
500
349
454
500
361
500
500
500
500
500
256
500
500
500
500
500
500
500
500
500
500
500
500
500
500
500
500
428
500
440
444
470
353
