14
12
15
29
22
32
24
25
19
21
23
35
28
21
13
21
21
13
17
12
24
38
30
38
29
16
28
33
14
19
27
13
30
22
17
23
16
11
26
63
12
16
20
12
20
13
13
45
33
14
10
12
20
33
25
11
18
22
22
33
16
13
12
30
14
15
17
14
16
11
17
26
45
22
12
27
22
10
14
19
34
56
11
21
13
52
14
11
24
31
41
12
12
17
18
20
12
19
18
27
17
16
19
20
15
53
19
22
28
16
27
55
13
11
25
34
29
18
18
17
68
15
38
20
22
16
59
26
17
73
17
14
25
35
20
18
90
55
21
20
12
18
23
27
33
37
17
18
17
19
11
23
40
30
24
27
31
12
29
22
14
16
14
11
14
12
54
16
25
44
38
19
64
46
20
13
26
16
11
10
33
91
13
27
50
35
35
54
15
28
41
32
28
29
66
53
25
27
33
56
11
27
36
53
42
23
33
38
22
17
12
24
24
33
18
34
40
14
18
45
25
11
24
41
35
47
46
15
38
60
20
59
20
23
20
81
54
40
70
19
10
34
24
89
30
39
62
18
48
65
36
39
21
67
45
18
47
17
40
40
48
67
77
113
32
125
151
28
105
57
39
126
18
53
124
34
157
195
72
84
114
197
133
22
74
126
69
64
156
149
107
232
161
129
186
134
145
140
262
151
368
116
185
265
264
244
218
192
198
282
215
250
152
177
178
281
235
213
257
228
228
233
281
223
252
212
446
282
209
375
360
306
257
371
466
470
411
264
292
356
469
243
332
466
500
281
495
216
438
345
500
500
500
458
290
500
361
500
500
500
500
500
500
500
233
210
317
222
189
283
276
178
341
500
500
500
500
500
500
371
500
500
500
500
500
500
500
500
500
403
500
500
500
500
500
500
500
500
500
500
500
500
500
500
500
500
500
500
500
500
500
500
500
500
500
500
500
500
500
500
500
500
500
500
500
500
500
483
500
500
500
500
500
500
500
500
417
500
500
500
500
500
500
500
500
500
500
500
500
500
500
500
500
500
481
500
500
500
500
500
500
500
500
500
500
500
500
500
500
500
500
500
500
500
500
500
500
492
500
500
500
500
500
500
500
500
500
500
500
500
500
500
500
500
500
500
500
500
500
500
500
500
500
500
