17
30
16
11
25
43
9
45
11
23
14
14
45
23
11
15
13
21
16
19
13
22
28
43
13
31
20
71
31
25
14
14
13
17
15
9
14
17
14
20
16
27
26
9
18
18
21
37
33
17
14
27
16
11
55
17
12
13
18
12
30
22
42
16
12
38
24
31
23
9
15
14
15
15
19
11
38
15
9
16
18
15
17
15
13
9
19
21
10
22
33
20
11
26
26
19
12
15
34
13
19
19
17
15
15
13
32
52
14
15
31
45
15
18
21
27
24
14
12
11
27
12
22
13
18
16
20
14
8
15
18
30
11
10
11
15
16
53
15
23
11
9
11
15
17
10
13
11
55
16
13
15
26
11
12
12
26
12
10
33
30
21
15
14
19
24
10
19
14
23
17
31
19
13
13
11
18
12
15
24
12
40
20
17
22
15
11
11
34
21
13
17
14
25
13
11
21
25
14
17
16
30
17
17
32
20
11
12
10
16
16
26
29
16
16
21
20
16
14
37
28
26
62
30
22
21
14
12
47
10
20
20
13
14
42
54
13
15
17
9
9
15
15
43
18
27
18
18
14
19
37
17
29
14
31
12
29
27
22
28
32
13
12
14
12
13
25
14
14
29
15
13
16
88
27
19
12
19
8
49
16
8
63
13
13
13
20
18
14
28
24
18
36
10
18
23
24
17
11
18
112
19
21
49
29
35
52
11
11
28
53
50
14
42
62
13
55
78
12
58
17
18
58
30
14
42
34
19
24
37
31
22
84
32
12
24
15
61
37
73
24
33
68
28
12
18
11
53
24
31
23
24
23
20
23
15
15
14
22
17
15
41
44
27
98
71
29
80
61
20
40
115
17
25
80
44
74
18
51
17
108
66
43
45
70
49
47
27
102
26
53
28
108
48
53
72
12
65
52
97
54
56
109
115
62
80
84
113
23
72
102
103
134
81
103
78
101
91
105
176
89
35
89
78
111
309
179
124
121
169
219
152
162
143
167
223
237
263
228
161
191
215
385
311
228
205
234
106
185
184
218
280
303
404
193
325
276
259
339
304
500
500
408
500
212
152
172
163
148
500
500
202
500
500
156
500
306
168
500
500
500
254
500
500
500
500
363
500
500
500
500
500
243
500
500
500
500
500
500
500
500
500
500
500
500
500
500
500
500
500
500
500
500
457
500
500
250
336
182
500
231
500
349
206
258
362
240
284
270
229
500
330
500
301
453
500
482
295
459
500
500
500
500
500
500
500
500
500
500
500
500
500
500
500
500
500
500
500
500
500
500
500
500
500
500
500
500
500
500
500
500
500
500
500
500
500
500
500
500
500
500
500
500
500
500
500
500
500
500
500
500
500
500
500
500
500
500
500
500
500
500
500
420
500
500
500
500
500
500
500
500
500
500
500
500
500
500
500
500
500
500
500
500
500
500
500
500
500
500
500
500
500
500
500
