19
29
24
14
11
66
13
10
18
13
59
14
15
17
19
19
17
44
24
32
17
9
16
25
25
60
22
34
12
16
14
62
17
34
15
15
10
51
29
14
24
15
26
24
16
10
13
30
27
33
28
15
20
31
34
28
26
16
28
12
42
26
27
15
35
13
24
22
20
28
21
35
11
31
19
16
17
19
23
12
13
13
16
42
18
15
26
19
38
11
9
11
13
27
24
62
24
31
15
15
17
36
12
25
25
17
19
20
25
20
14
10
18
13
23
15
19
14
48
23
34
13
42
20
16
23
17
16
15
11
25
16
24
29
38
39
32
26
23
13
15
13
22
23
13
27
9
50
27
10
14
19
18
23
15
35
18
11
16
10
28
13
15
22
39
21
24
30
21
10
14
25
28
12
28
12
16
13
27
13
37
21
21
63
30
20
43
50
31
28
14
18
27
38
15
37
18
37
29
40
57
39
19
40
93
32
22
41
20
31
9
17
12
14
20
16
35
19
14
16
16
30
34
31
86
35
12
12
30
32
51
53
31
27
18
33
13
17
61
23
20
21
18
28
22
21
50
67
39
15
28
92
84
86
69
112
43
67
132
74
80
66
138
10
52
26
25
30
57
21
63
70
73
16
25
55
132
11
27
52
12
57
70
71
105
121
85
47
31
64
185
235
32
52
30
77
120
49
28
40
160
49
153
148
79
135
142
158
152
139
182
115
161
151
143
137
112
164
106
135
74
122
129
305
123
178
164
166
159
165
170
181
175
209
174
125
154
232
159
131
296
140
108
143
177
141
398
141
225
172
137
218
155
135
164
137
192
157
143
154
167
177
254
241
140
128
162
148
189
166
246
151
272
187
187
141
174
171
297
220
165
195
246
197
262
172
271
172
211
244
268
213
218
202
168
166
418
185
205
267
500
367
207
375
280
209
212
260
266
236
167
205
299
269
195
403
360
272
334
303
250
348
326
285
234
312
439
243
500
261
300
268
257
315
264
341
363
500
473
500
368
349
500
500
404
500
500
500
500
500
423
464
500
376
500
500
500
500
500
500
500
500
460
500
500
500
500
500
500
500
500
500
500
500
500
500
500
500
500
500
500
500
500
500
500
500
500
500
500
500
500
500
500
108
222
140
500
447
500
399
500
500
500
97
500
500
500
500
500
500
500
500
500
500
500
500
500
500
500
500
500
500
500
500
500
183
500
500
500
500
500
500
500
500
500
500
500
500
500
500
500
500
500
500
500
500
500
500
500
500
500
500
120
500
500
500
500
144
500
500
500
500
500
500
500
500
500
500
