-73
-35
-37
-65
-59
-62
0
-10
-74
-45
-37
-60
-53
-46
-34
-41
-57
-56
-74
-29
-55
-39
-37
-21
-56
-48
-54
-63
-34
-46
-55
-58
-55
-23
-40
-48
-51
-13
0
-16
-55
-51
-54
-66
-20
-47
-45
-47
-38
3
-61
-27
-47
-81
-50
-44
-44
-66
-34
-24
-55
-42
-46
-58
-42
-20
-22
-37
-55
-47
-50
-43
-54
-36
-47
-34
-40
-14
-15
-25
-20
-3
-42
-51
-21
-40
-39
-42
-31
12
-59
-45
-40
-32
-59
-56
-20
-30
-45
-7
-8
-38
-43
8
-23
-17
-8
-15
-47
-2
-32
-10
-30
-49
-53
-4
-7
-31
-31
-29
-21
-34
-49
-39
-3
16
-66
-24
-42
-33
-51
-26
26
-38
-75
-33
-42
6
-32
9
-36
-43
-15
-3
-39
-3
-56
-39
9
-15
-32
-50
-25
-41
-36
6
23
-20
2
-28
-41
-2
-51
-9
-38
-37
-43
-4
12
-61
-21
-21
-18
-58
-49
-60
-50
-27
1
54
-41
-5
29
-4
-13
-26
-21
-28
-50
-43
-40
-25
-13
6
-14
-54
-40
-30
-39
-24
8
-33
-24
-50
27
-23
-26
-10
-15
-19
0
-21
19
-2
-17
-6
-31
-2
40
-27
-38
22
-24
-29
-19
10
20
-29
-14
-2
31
-29
24
-18
-8
-3
-20
-10
0
-42
7
-35
-8
15
23
-4
-34
-37
-2
0
-46
-12
-35
14
-19
52
10
54
-5
8
19
-10
13
-26
-53
-10
-41
22
-2
-10
-34
46
-19
-20
-20
-33
37
-18
-11
-14
29
-19
-40
-24
-39
-17
15
-27
55
11
-29
-2
-9
-12
11
-4
-9
-1
-14
-31
-36
-40
-30
25
41
30
-5
-6
-37
-31
7
-25
-15
30
-2
26
-23
5
9
-19
-29
17
-23
-28
-27
-37
-26
-34
-35
-23
-3
-28
5
-3
-29
1
-63
23
-32
-9
25
44
28
-16
18
18
10
-25
26
38
-23
-6
39
-2
27
-33
-9
7
-42
-16
-9
-21
-45
-6
3
-52
-37
22
13
-35
4
-35
34
-5
16
11
6
-9
7
32
27
45
35
-30
34
45
-2
-7
-8
-13
45
-22
-5
-17
35
-3
0
6
-24
48
-1
-7
45
-8
0
-29
46
0
11
39
-18
-37
-5
-3
-10
-4
-2
26
-39
-12
70
-5
9
-3
-15
23
30
12
-10
-11
38
39
-7
-23
-3
14
-13
9
-11
37
26
-13
8
21
-28
19
22
10
2
39
-18
2
-17
-3
-14
-40
13
6
33
9
-15
43
2
21
-41
-28
0
10
39
-29
56
8
-54
-17
-4
1
4
-47
26
11
30
35
-2
20
-5
45
-22
-2
-22
-40
21
-15
21
26
-6
2
47
-13
41
20
15
5
-26
46
-17
41
30
31
11
-1
1
-20
-23
-23
3
17
-10
31
-1
34
0
67
-1
21
-14
9
18
-10
0
38
-5
17
10
78
9
25
23
-10
36
24
3
13
63
23
3
-9
22
-2
5
20
46
-24
18
-7
-15
52
10
2
5
69
28
-38
-22
-17
15
51
42
7
-11
47
-8
40
60
80
8
59
-2
5
-6
28
-2
30
35
-22
0
-11
1
23
36
1
32
29
-10
-16
39
4
26
43
14
0
-12
7
1
21
5
30
57
0
70
24
24
22
-15
15
53
7
-29
28
48
48
22
-24
-8
35
-28
28
32
35
21
56
23
-13
-7
-15
20
57
47
78
-3
75
18
-35
-25
46
-32
38
36
66
-21
47
-38
-2
-8
34
27
55
80
24
-5
34
59
0
43
61
51
31
-2
29
-9
25
33
28
41
59
36
27
53
67
79
-30
28
30
15
17
67
50
40
29
78
11
53
50
80
-9
-7
26
27
73
38
22
51
50
20
37
4
1
54
22
-3
18
28
37
67
-8
12
9
39
72
15
35
24
54
18
17
74
4
58
12
30
-30
72
15
10
90
-11
-23
59
40
-3
106
39
23
47
48
-16
43
17
8
65
17
39
45
97
-22
92
40
35
22
25
45
5
18
1
0
32
29
2
10
84
-1
42
39
10
61
46
81
66
17
1
37
-35
24
10
20
78
35
33
6
-11
45
-22
22
10
13
-12
32
21
33
15
25
30
21
-3
18
18
25
-10
26
35
33
-29
44
24
-57
20
33
24
54
38
31
-5
0
-15
73
2
66
-10
19
36
18
22
-1
-5
6
47
0
9
22
33
-8
58
46
34
-15
-4
-24
71
37
42
27
68
47
-52
16
31
-6
62
46
34
-5
29
39
5
36
64
59
10
-9
7
48
27
73
93
52
107
-1
7
-2
9
51
15
12
1
23
21
-6
54
45
35
-2
6
34
-27
32
28
49
1
46
57
-39
33
-11
19
21
25
-15
10
2
55
52
28
5
49
44
15
0
124
64
91
60
107
13
35
68
66
-40
27
11
4
47
-23
56
35
-10
38
-1
61
-7
5
51
44
18
1
9
18
-30
-3
-8
20
2
97
72
50
-4
-25
11
21
-18
28
46
27
6
41
64
59
44
37
55
-19
46
61
-8
14
11
15
71
4
-38
42
38
63
-34
42
-27
65
28
47
42
47
22
4
-10
76
36
41
63
11
66
16
10
39
46
22
115
-1
61
37
32
23
-18
21
55
59
-7
33
9
26
43
-5
47
56
15
-75
20
46
31
42
47
50
101
37
67
30
14
38
74
76
8
70
55
56
11
-18
12
24
32
30
84
22
-6
47
75
24
41
45
57
77
32
36
36
19
10
16
36
-11
61
60
62
51
54
53
97
-6
94
44
28
66
36
14
22
7
-7
97
25
36
-16
47
20
62
48
39
41
50
92
39
40
14
37
60
44
4
72
39
44
25
35
43
32
89
36
39
49
-24
78
-2
63
-7
62
29
12
65
63
36
37
56
39
-5
105
36
27
87
-29
82
92
47
1
14
105
20
84
29
108
77
49
-7
33
32
105
57
37
33
51
91
-12
5
1
40
92
34
62
70
-15
112
14
49
6
-16
43
5
49
25
25
180
45
48
57
56
38
27
-27
34
38
38
86
21
46
69
30
5
31
53
83
61
66
35
15
17
64
45
9
9
37
14
13
97
79
57
24
51
55
47
6
34
69
-20
46
41
20
27
35
27
35
73
117
78
108
71
58
51
89
29
60
102
49
2
40
13
56
62
69
91
18
17
66
45
7
9
39
14
51
37
58
42
19
12
2
-8
21
-3
90
20
56
62
37
43
11
11
82
84
33
0
57
21
49
53
50
47
90
46
69
16
68
-22
35
13
45
8
14
0
35
110
82
33
61
101
-19
-12
12
108
73
39
10
22
33
12
91
23
-25
37
90
33
65
40
-2
42
15
45
6
80
41
36
-5
4
59
73
105
11
30
49
48
52
52
82
77
135
37
76
37
19
69
99
62
58
4
63
1
28
37
78
50
7
61
68
33
11
54
23
-1
61
63
35
43
40
63
57
60
103
67
21
110
116
9
38
22
131
32
40
-12
91
32
35
76
66
54
85
58
117
68
77
49
45
56
94
-2
68
45
71
34
84
73
73
23
40
90
48
32
9
51
75
-23
57
53
114
104
7
91
84
90
39
82
97
92
30
60
48
32
22
113
71
67
29
76
25
-18
51
38
36
38
2
40
22
-8
19
70
88
24
90
113
24
147
58
28
114
99
30
59
39
69
97
67
25
42
97
41
21
46
90
-2
35
105
59
75
102
42
44
51
68
94
61
70
11
58
17
35
114
72
40
22
84
52
107
25
77
58
113
52
53
-34
46
32
47
76
77
90
63
62
8
-25
20
56
75
83
104
14
35
91
57
62
72
81
40
32
-9
37
42
86
52
91
122
-13
93
66
47
90
63
62
46
100
51
75
22
58
49
18
18
-3
82
36
88
66
83
31
34
87
127
74
31
62
38
55
44
40
13
37
-4
19
94
-2
47
67
19
97
102
40
53
19
5
6
71
93
51
-2
49
47
-2
52
12
6
-3
-26
28
41
69
57
82
62
102
112
78
100
15
130
101
47
64
47
116
33
60
69
97
100
13
98
73
2
43
40
10
18
47
51
71
37
73
77
58
78
72
44
52
33
31
145
74
25
92
19
39
19
45
42
64
4
28
95
59
-2
67
39
29
12
5
40
105
29
0
68
99
48
63
98
72
42
88
37
4
79
74
111
47
94
31
33
95
51
21
90
86
61
56
12
52
78
42
86
78
33
38
91
50
39
-10
-1
39
87
53
64
110
45
83
24
20
59
54
19
23
35
0
107
99
131
93
22
64
53
62
121
41
61
66
72
35
-2
15
54
87
28
102
116
88
40
69
51
94
53
60
71
-2
55
63
20
52
100
30
62
76
19
29
48
37
75
90
58
124
50
38
99
24
34
80
19
33
21
100
39
64
77
50
22
75
94
78
68
17
43
89
122
23
15
52
81
77
85
47
51
89
34
53
116
17
80
52
41
53
136
23
44
101
63
52
39
97
39
87
42
44
-21
29
63
26
59
72
34
44
29
35
92
85
72
57
46
23
33
-3
67
27
52
26
66
72
26
8
99
59
125
30
47
52
35
82
62
91
55
69
53
88
37
26
55
35
43
115
40
0
35
51
70
30
67
109
47
24
72
84
51
41
66
5
78
90
74
20
84
65
56
38
45
101
63
57
75
78
39
87
40
84
45
82
48
42
36
-11
31
47
75
69
29
12
17
62
22
127
36
85
87
80
119
96
77
28
68
82
103
110
56
76
36
73
60
71
91
39
70
46
114
29
37
70
7
-9
66
87
1
35
36
79
57
87
92
48
14
60
98
-2
34
74
22
10
79
17
59
58
98
87
36
41
89
55
66
87
98
27
80
85
79
54
66
61
60
72
34
58
58
28
15
35
99
28
89
118
15
65
54
60
34
71
21
14
3
90
68
6
91
82
74
28
48
79
54
81
47
93
37
19
13
41
52
78
113
45
16
81
36
101
63
71
32
30
-10
89
56
56
43
65
63
61
40
87
73
142
97
143
82
85
53
119
61
49
105
69
88
96
94
86
69
95
-4
38
12
58
60
97
14
55
54
48
54
18
5
62
49
23
85
98
-3
37
102
56
80
76
52
21
90
111
70
113
25
25
97
13
73
109
21
54
15
71
96
55
26
30
99
81
52
21
7
51
22
36
24
43
-18
-1
5
21
66
74
67
74
27
80
52
47
-12
84
120
55
57
50
56
-46
80
57
100
149
27
38
44
18
62
32
29
40
105
70
94
131
68
57
14
51
20
128
63
103
88
71
81
90
52
103
28
55
85
29
81
53
43
23
84
-19
-2
36
31
76
89
69
43
70
81
110
48
74
112
75
38
-25
100
33
35
94
-6
9
48
81
24
1
91
73
55
24
77
74
76
22
8
93
59
71
55
77
81
38
-5
82
66
120
49
52
68
49
-8
26
69
49
42
91
51
101
68
58
22
24
-7
10
54
100
104
10
98
83
61
68
87
66
-4
46
106
71
6
19
50
77
48
248
30
89
80
74
108
17
-5
70
69
-2
63
49
31
37
56
100
53
33
183
29
34
45
32
32
79
75
54
37
102
118
57
75
13
-8
87
13
41
87
62
47
91
126
86
69
40
72
107
70
32
-2
89
91
25
66
56
65
31
55
5
87
40
85
3
0
51
57
56
48
28
11
22
50
38
79
50
45
84
-7
20
62
65
40
66
18
67
130
112
89
81
97
88
17
8
89
60
77
68
70
96
75
24
34
-7
34
47
41
92
71
5
4
40
72
77
35
28
16
27
100
66
58
36
75
-5
79
49
43
32
32
77
73
81
23
47
35
55
40
9
0
79
-2
-6
19
36
25
49
16
0
26
51
116
8
38
78
-36
42
3
66
79
30
78
29
38
25
52
12
96
80
55
48
72
48
20
39
60
63
5
32
112
79
-14
132
34
76
31
45
95
69
21
28
30
25
115
42
32
64
25
56
76
14
72
34
66
43
21
83
14
77
-17
29
61
47
41
63
52
87
42
58
53
63
-21
-2
72
70
48
6
50
-2
59
96
38
96
-9
74
69
78
50
46
69
21
60
2
73
40
108
65
76
84
33
15
98
22
80
14
60
81
59
61
3
-7
55
44
13
2
41
13
60
66
76
68
2
15
-33
49
93
63
33
23
18
11
-11
70
95
54
43
41
18
32
39
96
49
78
43
74
70
10
30
14
69
44
47
0
27
58
98
108
77
99
33
61
79
135
25
83
81
110
14
48
35
95
27
18
16
30
73
90
14
13
27
133
24
60
50
87
3
50
28
68
49
37
82
40
-7
29
-7
20
31
43
43
-3
95
70
9
4
57
39
61
63
32
37
21
67
23
43
36
51
34
70
85
6
90
114
71
43
41
63
97
82
52
85
37
68
69
45
104
84
87
102
80
53
32
53
13
135
78
62
56
67
36
-2
123
38
59
7
30
86
72
114
85
71
81
30
87
91
140
146
48
43
74
39
-25
49
55
77
63
32
-11
64
63
98
25
97
96
111
68
46
82
127
40
55
42
53
50
5
82
65
66
87
52
-14
41
59
17
105
25
20
29
34
49
66
111
6
93
14
-16
116
55
99
98
50
43
80
-2
4
25
29
56
66
32
91
54
110
32
24
96
34
43
39
81
87
80
31
37
10
92
72
110
72
32
61
64
4
25
97
103
76
37
54
58
15
139
35
42
93
68
32
57
84
83
81
23
77
85
-4
5
64
72
87
34
41
47
20
23
104
21
9
43
70
48
85
55
0
58
-7
54
71
0
76
37
3
47
23
72
83
69
130
-1
17
71
46
33
36
55
60
90
56
46
6
16
0
196
98
61
42
14
119
72
44
46
9
12
113
13
79
56
29
46
57
68
52
27
100
37
73
0
137
94
100
83
80
56
113
97
96
62
81
79
31
61
-9
78
21
23
16
50
-2
20
81
95
63
85
26
-14
29
52
34
101
81
80
36
84
36
65
47
79
105
98
97
91
62
73
12
63
15
60
60
41
29
69
102
97
69
90
43
34
80
98
86
79
116
67
102
29
21
37
50
40
17
89
-25
103
59
53
50
68
16
19
71
61
90
118
48
43
46
67
71
-16
64
65
46
64
71
52
61
122
75
77
59
11
72
105
70
77
48
81
74
