-69
-43
-34
-64
-67
-20
-16
-32
-64
-50
-39
-45
-57
-3
-24
-46
-66
-79
-22
-46
-61
-30
-23
-62
-85
-33
-48
-61
-33
-67
-48
-53
-34
-46
-49
-62
-48
-30
-24
-30
-35
-58
-46
-47
-70
-23
-12
-55
-28
-29
-52
-68
-24
-47
-53
-29
-26
-66
-43
-40
-61
-40
-31
-30
-49
-39
-45
-42
-25
-52
-46
-34
-37
-47
-20
-66
-21
0
-54
-34
-54
-45
-5
-44
-59
-22
-10
-25
-50
-43
-25
-62
-40
-36
-39
-44
-51
-41
-24
-47
-25
-12
-28
-62
-13
-21
-45
-14
-26
-72
-1
-30
-49
-40
-23
-2
-58
-42
-17
-14
-32
-43
-4
-43
-27
-33
-27
-17
-34
-44
-68
-2
-25
-56
-30
-40
12
-35
-38
-37
-6
-27
-18
-26
-35
-63
-49
-16
-32
-55
15
-29
6
-19
-24
-20
-8
-46
-35
-23
-7
-34
-9
-56
-11
-3
-38
-48
-43
-31
-26
-27
-18
-52
-33
-2
16
-33
-23
-10
-2
-39
16
18
-2
-11
-15
32
-14
-14
-33
-34
-1
-27
-8
-51
52
-13
-2
-43
4
1
-29
-22
15
-11
-27
-21
-19
-13
-17
-22
24
-8
-2
14
-22
-24
-10
-9
-2
55
-10
2
15
7
-27
-35
20
45
-6
-9
16
-15
-42
-35
-29
0
-13
15
-7
13
27
-14
-19
-23
-36
-13
-11
-17
4
34
-27
1
16
0
15
0
51
20
-24
-23
-6
-49
-47
-23
29
-26
-11
-13
-25
14
-1
-9
-31
0
8
16
28
12
13
6
-6
-31
9
30
-34
-3
24
0
-22
3
-36
3
19
-22
18
14
-17
4
22
-12
15
-31
48
-19
4
-21
44
33
-16
0
-31
31
-24
-1
40
-17
35
-25
31
25
6
0
32
-33
-23
-22
-52
9
-6
5
39
61
92
7
4
9
-39
82
-18
-32
-10
-48
-13
13
-3
-12
-2
-12
-1
4
-3
8
-54
-2
-22
-10
-3
-18
35
-25
-15
1
-20
-2
-23
42
-6
3
-11
8
11
-26
17
20
61
5
65
-43
5
46
27
-5
-19
9
68
20
0
59
-15
41
0
90
19
22
0
-50
53
33
46
0
-2
-20
-27
-38
45
-3
-39
41
-4
24
-23
18
1
14
-8
34
-24
28
6
32
23
34
44
2
2
-39
66
-2
58
7
47
66
17
13
-2
9
-4
64
-7
-28
-27
-5
8
24
-9
21
22
23
-39
-4
60
-4
20
13
-1
31
-22
19
13
-21
56
10
35
64
-12
7
43
7
-10
33
27
59
25
18
-9
17
22
69
77
34
-18
-55
-38
43
31
61
18
22
29
25
-4
11
29
-20
27
51
61
29
84
-29
18
12
-11
-3
86
25
1
12
21
31
45
14
-13
-21
15
44
-4
64
28
77
28
-28
27
29
17
36
-22
-11
32
19
-37
-2
35
15
-37
-7
71
23
18
32
47
48
25
-6
12
11
45
42
81
30
2
8
0
47
-31
-4
26
17
48
-11
3
-22
49
-7
-8
24
-10
34
-27
22
2
17
19
-26
-5
56
-6
78
0
12
78
-7
20
-18
78
55
28
6
55
42
29
-27
-4
19
15
54
48
-17
32
6
7
47
60
3
16
-12
45
29
27
54
34
36
-14
0
52
96
-17
14
54
85
11
23
-13
38
11
35
15
35
67
41
50
80
14
36
23
50
10
22
35
42
26
57
59
30
50
1
25
18
28
17
38
7
104
5
45
19
47
53
97
-22
30
81
5
76
76
52
25
-12
-23
45
38
71
1
46
65
15
33
18
33
-30
35
2
11
52
24
-6
27
67
18
10
29
43
38
14
67
8
39
48
59
4
16
-2
32
30
64
42
30
77
82
-2
-48
-4
40
69
69
40
17
43
24
13
39
42
6
60
-21
47
48
15
58
50
15
9
59
18
37
41
27
-10
8
30
21
82
39
82
27
16
8
36
11
-7
83
31
61
15
24
8
47
74
20
20
-18
22
86
62
-8
10
7
-14
-3
35
28
7
21
53
26
87
51
-23
75
29
-4
52
37
4
-24
-21
31
4
13
-15
33
24
9
39
97
98
67
112
4
19
21
39
76
35
69
36
71
66
20
69
47
41
33
41
0
3
69
-12
-18
61
43
67
88
22
44
67
12
-33
65
26
20
27
8
8
23
40
72
23
16
10
56
2
10
-22
26
48
51
59
32
83
0
90
29
76
68
14
62
48
31
55
-1
3
-3
-28
11
34
26
65
9
4
-5
93
66
42
6
44
-17
37
-4
50
47
32
-1
26
64
112
61
54
22
-1
70
33
36
66
94
25
35
26
40
69
17
87
95
101
52
50
6
30
-3
86
44
21
77
-6
9
24
14
29
53
0
52
104
11
-5
68
44
51
31
65
27
49
10
78
40
40
-8
41
60
27
8
46
37
85
19
88
-13
23
43
55
56
57
-5
43
73
66
-13
102
66
101
81
55
19
52
23
78
22
54
30
51
58
-4
13
11
66
48
43
-33
40
45
62
48
68
32
22
42
42
16
101
15
66
24
20
34
75
49
24
51
4
54
14
40
30
54
18
107
37
59
52
26
22
21
-22
41
71
18
-17
21
-14
89
5
39
84
78
46
81
44
-3
98
75
82
32
55
81
6
1
20
32
3
58
38
25
69
60
35
64
51
95
66
59
46
43
58
36
62
20
27
52
22
9
37
2
85
86
70
115
34
0
79
41
7
61
12
64
36
-28
32
13
29
52
34
64
49
69
74
-1
23
25
33
16
111
27
76
28
62
44
54
68
53
73
87
34
66
57
58
67
23
86
58
46
45
-21
47
49
44
68
16
30
52
36
67
78
66
18
63
41
57
43
-8
30
8
38
10
53
69
50
40
45
59
19
60
35
48
80
-17
37
16
31
57
43
73
35
29
41
64
56
-23
50
11
100
39
41
8
0
81
0
40
21
43
78
4
40
24
26
-21
99
76
97
39
76
75
82
62
-2
-4
54
47
6
57
38
-32
36
29
82
36
68
-22
67
43
23
-5
-4
0
101
38
86
72
45
-2
46
52
81
36
76
52
59
41
48
57
28
2
81
60
-27
43
-22
71
79
16
101
8
21
3
48
67
114
37
40
48
83
60
53
38
25
67
55
20
53
92
30
79
43
-3
61
77
27
106
35
63
-19
31
19
43
37
58
68
51
75
77
23
-9
64
51
88
36
100
77
3
40
18
29
41
77
51
43
96
87
3
42
53
71
10
92
24
25
80
12
28
24
204
11
63
-1
-10
3
94
33
54
69
13
-10
68
90
80
27
25
26
88
-5
56
101
80
71
78
75
40
127
65
74
28
18
-2
67
73
52
62
51
68
20
149
115
74
64
3
73
51
57
6
59
27
48
99
48
56
14
48
46
43
80
4
40
97
12
41
53
46
61
18
49
68
91
66
52
3
34
52
84
12
28
80
19
73
18
-4
28
67
2
40
24
75
34
41
71
145
46
36
130
39
10
46
66
29
92
18
69
37
5
61
36
-38
55
-16
46
26
70
1
38
41
73
43
62
-6
67
49
47
19
30
3
-22
61
71
44
45
-2
39
15
-8
89
51
58
47
40
16
21
34
47
91
36
56
81
71
71
78
82
25
56
26
11
39
69
84
331
65
91
78
47
36
119
79
96
73
87
2
15
108
-5
50
82
54
31
53
57
86
65
50
53
78
53
81
71
25
71
-41
13
63
89
52
-13
47
33
76
52
50
67
18
3
-12
262
74
94
38
69
28
59
65
53
39
104
69
88
65
-10
48
-14
24
45
24
24
70
82
41
40
35
54
41
101
57
85
10
58
35
-1
55
29
-4
76
46
59
87
19
81
29
67
31
79
1
36
79
66
86
-13
37
92
49
69
33
96
75
111
45
37
41
30
73
83
34
66
114
40
44
39
45
82
64
86
55
6
-14
106
55
73
82
29
16
67
62
16
31
37
36
38
47
70
46
107
67
117
16
24
10
80
45
23
52
39
77
21
76
30
-2
62
110
-18
71
61
67
9
99
64
90
66
67
29
40
1
80
-2
34
96
116
77
39
10
49
6
60
83
97
42
34
3
123
72
70
83
72
48
80
69
78
51
40
39
37
61
42
26
70
57
33
40
73
8
31
35
23
84
41
0
45
4
9
118
48
95
47
-17
67
103
-11
8
59
-1
93
56
50
69
41
-5
21
22
38
98
38
95
20
87
9
47
1
86
60
-20
34
10
73
73
51
66
201
102
131
71
80
49
99
108
64
5
93
36
40
39
115
37
78
94
57
22
28
-6
79
68
48
75
66
27
0
63
14
41
40
30
66
92
86
2
61
21
74
3
85
40
59
48
19
93
50
-19
50
29
78
2
11
6
29
109
69
43
50
33
93
54
63
69
7
33
34
39
4
19
24
36
58
63
6
100
9
-7
45
97
58
1
66
89
25
2
78
91
75
47
74
49
19
27
-1
111
63
60
83
63
46
23
81
56
74
45
59
90
26
48
80
4
77
53
33
109
89
41
53
62
91
71
63
-3
96
106
85
23
57
85
4
-14
86
86
36
54
39
104
18
29
62
79
83
86
9
38
104
44
62
29
68
76
-1
33
-4
17
30
60
-19
91
34
64
85
66
99
4
48
74
-1
40
53
101
56
77
60
132
33
75
65
88
75
72
102
20
118
74
68
-1
95
62
45
65
41
55
41
19
81
98
115
11
48
46
111
46
54
128
90
81
101
60
64
59
7
84
26
92
80
-2
41
54
139
31
34
77
103
43
46
15
61
30
31
71
73
67
87
33
-31
54
63
61
80
48
20
67
24
17
77
29
69
60
20
61
84
72
70
29
-1
84
37
52
-19
59
109
31
29
37
18
79
52
69
123
89
88
11
44
102
83
23
49
59
45
62
-13
46
135
95
55
113
67
160
57
39
39
56
28
11
16
89
62
30
29
9
-17
67
96
77
31
41
79
70
45
15
-19
34
0
54
-10
90
63
98
43
51
40
82
11
19
67
61
4
85
3
32
54
43
81
87
17
84
94
100
37
4
98
81
103
31
-6
45
72
62
-1
48
12
78
83
66
21
41
92
39
37
55
81
52
14
-5
66
49
47
79
70
91
47
99
70
47
83
117
85
26
29
15
21
73
102
128
8
74
82
78
41
11
57
47
86
68
9
48
60
42
49
80
138
1
51
53
55
52
-22
52
50
25
71
55
79
70
30
57
6
31
100
20
32
-4
84
97
72
79
50
21
48
84
25
14
14
66
65
61
40
31
40
39
42
68
39
45
76
67
4
32
45
31
52
150
68
31
35
44
110
103
107
48
-27
-2
60
30
74
46
54
33
12
66
50
72
7
59
-11
97
79
9
71
39
62
47
49
29
35
56
62
50
73
71
23
62
73
113
28
45
45
60
40
75
80
60
5
45
82
-15
3
46
37
59
36
48
39
31
54
48
-23
-11
26
90
-18
48
29
129
8
49
45
49
34
64
17
57
81
1
27
63
47
112
39
75
5
67
97
107
55
39
98
56
47
32
33
97
119
52
56
63
3
68
52
-11
31
62
37
113
44
8
40
21
68
54
59
47
100
62
32
110
77
112
91
48
44
77
45
92
74
96
28
41
55
53
97
47
72
37
43
38
73
28
88
60
20
0
111
46
50
95
88
82
82
74
46
81
62
55
88
64
55
37
51
16
83
48
86
41
99
97
27
3
11
50
78
83
9
81
2
76
78
72
79
117
14
14
86
99
25
24
39
96
27
47
-11
12
69
-3
55
26
60
6
33
52
22
74
49
80
37
82
101
49
54
76
9
37
47
67
-3
44
45
22
58
88
119
14
41
29
47
12
49
-7
84
14
74
32
5
-10
33
102
88
51
45
101
68
72
35
23
37
102
7
84
68
-2
42
82
12
84
114
70
43
32
122
61
76
130
32
98
92
66
84
90
34
49
58
6
75
36
101
40
49
43
58
78
48
49
6
85
104
71
43
78
70
55
55
45
60
182
63
80
77
61
96
47
33
45
61
30
42
85
-1
41
65
147
53
23
-4
68
67
88
141
85
85
9
45
52
57
30
76
75
99
80
121
84
30
44
-19
38
-7
46
69
44
63
75
97
65
75
134
23
72
-9
56
3
46
76
100
81
29
109
72
89
97
60
36
50
11
-21
-1
51
102
105
17
100
35
94
83
62
44
33
42
52
46
31
87
14
114
79
99
81
56
83
76
50
86
24
43
40
72
101
79
82
41
125
92
27
87
84
103
43
74
92
43
49
29
68
72
41
84
85
89
70
39
62
93
55
43
62
53
97
35
66
39
57
15
24
13
63
61
30
65
93
114
-8
55
97
67
61
81
71
15
21
74
98
17
126
86
97
65
58
89
42
94
29
62
97
52
63
29
32
47
45
125
62
39
5
53
100
76
16
100
34
68
52
58
49
87
34
81
78
-1
101
38
33
34
3
16
23
35
61
71
11
118
59
57
56
31
52
87
47
69
84
56
105
-30
58
53
84
50
116
54
-4
3
98
39
76
40
23
-2
67
40
57
44
37
96
63
13
97
139
91
44
107
110
1
55
66
92
15
50
98
82
110
19
64
73
94
103
29
18
79
83
56
93
67
48
85
74
64
35
41
59
9
-11
34
-3
65
53
75
17
18
46
15
77
-4
83
49
-5
123
33
64
11
86
66
52
44
63
51
52
38
47
55
4
10
-22
109
-7
5
66
91
9
42
83
21
65
14
103
43
20
48
99
12
84
76
59
60
113
91
107
98
31
19
33
4
59
86
84
130
76
60
0
67
88
47
3
64
63
10
82
128
92
63
66
110
43
28
6
49
41
17
45
83
41
83
22
69
77
71
61
40
60
28
49
68
84
93
34
52
48
42
99
70
100
52
74
70
84
75
34
9
101
50
60
42
25
51
74
97
25
43
31
57
49
32
44
40
23
123
61
60
2
73
65
77
61
-6
26
60
111
54
137
2
