-53
-44
-45
-67
-67
-51
-14
-28
-48
-47
-37
-53
-50
-2
-54
-32
-51
-75
-53
-48
-45
-43
-61
-21
-66
-81
-38
-61
-66
-15
-63
-55
-56
-16
-28
-39
-53
-19
-34
8
-47
-76
-47
-45
-53
-46
-10
-46
-46
-6
-67
-73
-34
-43
-42
-33
-28
-70
-31
-34
-49
-16
-45
-43
-29
-28
-36
-37
-45
-56
-23
-40
-48
-15
-69
-2
-16
-44
-41
-40
-23
-40
-37
-3
-24
-48
-38
-47
-66
-8
-52
-40
-40
-30
-44
-57
-18
-21
-72
24
-23
-69
-35
-17
-31
3
-17
-37
-16
-31
-36
-11
6
-36
-3
-27
0
-39
-24
-41
-2
-3
20
-8
-31
-1
2
-5
8
2
-59
11
-32
-9
-13
-27
-50
-26
-21
-20
-22
-12
-11
-17
28
-26
0
-37
-31
-15
0
7
-28
-35
-10
-49
-23
-56
0
-30
-70
-51
16
-3
7
10
-22
-36
0
-36
-1
59
33
-21
-11
18
-16
-24
-23
-56
-21
-36
-11
-18
-7
3
-17
-38
-12
-20
-14
-50
-5
-19
31
-10
-16
-10
-41
-8
-20
48
14
4
14
-54
-12
28
-38
9
10
6
-23
19
-30
35
-10
4
30
-11
-48
4
-7
-19
30
22
-7
0
-16
24
-8
37
-8
7
8
-42
23
-24
-11
-7
30
6
11
76
-54
74
22
-32
9
-23
-51
-3
-47
41
-37
-27
-9
16
-3
-11
-47
33
25
-25
-8
56
-21
-14
57
4
-14
-27
26
8
-18
0
-25
-12
26
1
3
-14
13
34
-36
-5
-25
0
55
16
40
-64
1
22
-13
-24
23
-8
78
-6
-29
-19
38
-46
-50
5
15
14
-3
24
13
30
-9
8
-24
-68
46
-29
20
19
26
-54
-3
43
9
1
-30
9
16
-5
-5
0
-10
1
42
-1
28
2
39
-5
18
30
0
34
34
8
20
-10
-28
18
1
4
2
-10
2
-9
-35
50
32
45
4
9
29
48
42
40
2
-31
13
40
28
19
-3
17
-14
50
17
21
-21
15
-21
35
-1
15
6
12
-25
44
-21
23
6
-11
-8
-13
3
-16
-14
-11
-17
25
12
33
74
9
12
31
-2
-22
-15
-2
25
2
27
43
24
46
44
25
105
54
39
-24
-6
18
-3
-11
25
18
47
-2
-6
50
13
-13
23
96
63
-42
79
19
40
-2
59
-37
32
27
32
41
9
-1
109
-24
64
58
17
37
48
-6
-45
-19
55
97
61
17
-29
22
-1
16
32
4
35
87
21
-3
43
94
29
45
99
66
71
39
-30
1
33
69
24
1
-37
29
52
0
41
-11
7
11
4
10
-13
23
11
37
1
32
32
1
46
18
25
18
31
-20
4
-11
56
34
28
-2
60
52
24
17
-26
0
3
7
29
49
58
0
1
85
19
26
-24
6
30
2
-26
58
-4
23
9
56
33
-1
52
31
-15
15
69
2
-26
9
18
14
41
-7
26
52
19
53
25
66
97
38
45
31
28
32
37
-25
64
23
20
-2
-19
-48
10
17
-28
33
54
62
15
2
34
-16
58
34
64
46
3
38
29
11
6
36
-2
83
10
12
53
87
8
5
40
44
20
32
20
0
79
97
56
72
30
23
-16
53
44
69
23
87
34
48
53
4
-5
11
103
6
4
63
33
50
-2
53
68
56
87
78
8
32
-11
23
-17
12
-1
29
0
67
14
-25
54
-5
78
-46
47
85
4
28
61
17
57
6
56
88
73
41
115
98
-21
19
80
33
31
48
45
66
56
-1
84
61
63
-11
31
53
120
67
63
-13
58
27
20
37
27
32
70
107
38
81
25
24
20
55
86
92
-6
9
42
91
38
98
18
72
41
93
15
30
-21
79
12
109
71
105
59
32
16
80
44
45
44
19
69
114
33
116
22
66
39
52
8
75
25
32
76
87
72
27
-24
84
39
30
40
32
13
39
45
102
93
87
92
30
92
19
8
69
53
26
35
4
61
97
54
3
116
24
33
43
33
81
24
87
-2
67
46
28
83
50
26
4
-11
69
43
25
76
61
39
-1
35
82
34
44
53
85
-17
16
3
67
40
62
11
50
-2
33
6
5
19
43
32
46
-13
2
23
65
6
35
66
15
31
69
37
86
36
37
24
7
54
83
25
123
54
31
74
25
14
76
78
-6
78
-11
61
40
35
36
72
15
111
21
52
24
47
33
62
63
22
72
20
100
14
-3
44
103
31
40
8
42
73
82
62
10
47
-2
8
27
84
31
107
77
35
40
18
14
63
38
48
64
15
45
75
31
72
24
65
18
92
63
7
71
91
100
0
62
94
71
21
64
50
27
23
54
3
3
-22
34
26
37
101
88
75
42
56
77
85
72
116
17
53
13
8
46
42
45
54
120
63
76
72
91
85
51
64
64
53
51
19
14
31
23
102
36
40
27
41
32
33
80
65
23
43
86
-16
13
81
-5
69
59
55
80
16
68
92
16
15
33
86
28
32
26
46
31
71
6
5
46
28
-12
6
-7
31
44
44
42
47
76
72
12
17
93
93
59
23
1
32
52
21
112
29
48
55
92
139
10
48
99
7
77
75
88
-2
45
55
17
109
81
78
71
63
-2
61
50
18
79
95
52
97
82
112
17
14
53
64
48
2
58
82
84
57
75
61
44
7
70
12
71
88
-7
63
47
30
32
23
-11
54
69
132
119
38
64
103
53
96
102
20
44
63
93
79
19
26
91
92
54
57
-15
-21
47
106
41
39
94
40
21
92
47
52
17
67
26
8
97
93
68
110
79
71
23
76
-14
57
66
21
25
88
96
34
0
83
35
32
17
30
97
62
24
141
28
84
52
46
59
105
68
111
95
71
29
18
18
34
75
62
61
119
0
73
70
42
92
68
32
64
87
36
30
-10
16
79
127
87
48
14
81
24
127
61
-11
44
22
53
19
32
69
130
3
76
89
63
70
16
52
59
32
26
40
19
12
48
129
65
33
74
19
54
42
38
55
41
41
9
40
110
69
46
84
-10
61
-4
75
66
35
94
15
49
81
9
49
24
106
17
87
41
56
-7
46
60
-18
111
8
49
64
61
27
21
56
44
68
13
89
57
70
37
30
34
93
69
64
80
47
34
14
55
52
-2
78
77
52
71
58
97
116
56
61
74
77
66
30
73
77
80
55
90
-2
71
28
88
20
34
41
86
44
72
78
32
59
15
11
55
89
1
20
13
73
96
42
51
65
32
70
6
26
47
70
28
57
58
115
12
40
12
89
42
24
43
40
71
55
55
49
76
54
56
48
21
49
26
79
53
90
20
86
65
38
68
95
70
14
39
75
4
100
102
92
70
62
-12
78
71
77
86
74
18
54
2
12
44
61
113
38
30
52
-13
-8
88
-22
8
75
42
83
37
78
10
56
48
69
48
-21
17
68
3
29
-9
62
69
141
25
41
48
65
37
49
35
55
32
37
91
64
53
18
40
20
30
49
-6
68
67
76
23
18
58
14
38
19
96
77
5
67
33
57
27
11
59
68
57
55
72
99
27
-4
59
55
42
51
75
91
55
-31
61
30
88
23
83
73
102
53
24
70
1
28
31
55
39
3
80
67
18
90
77
65
84
-2
-6
36
11
83
37
42
32
48
48
-30
61
22
29
27
-4
72
35
57
10
83
15
54
13
30
41
38
81
27
78
72
104
74
35
63
80
-3
91
34
5
38
33
55
20
63
13
54
47
23
-26
51
2
109
85
50
-7
34
100
-2
51
46
37
32
87
71
39
5
63
-2
54
14
33
86
54
121
59
49
8
122
7
4
29
72
86
47
26
40
47
8
80
36
54
56
31
24
53
77
53
38
-8
45
58
63
100
73
36
42
84
64
49
-7
59
11
54
81
13
65
50
106
32
32
42
76
14
73
85
117
23
84
72
2
16
75
59
84
112
37
35
40
111
3
38
34
87
48
46
57
8
24
41
30
82
79
55
30
136
22
47
110
112
70
71
63
33
58
83
56
56
78
3
45
13
20
52
41
-12
86
102
63
77
5
40
59
66
61
89
28
53
125
68
24
34
80
55
62
31
59
-3
76
44
140
106
28
84
50
47
37
5
48
58
57
74
61
92
71
66
61
85
12
53
37
56
64
61
-2
82
58
115
113
127
45
54
45
21
119
15
135
-4
13
99
4
-14
14
10
134
102
5
57
60
111
-8
95
37
64
62
54
92
97
18
57
83
116
94
39
91
20
83
81
20
-9
104
35
56
51
79
20
46
65
40
61
32
42
10
122
52
88
63
54
97
49
28
4
127
60
49
72
38
89
44
67
78
33
9
67
79
-16
26
83
57
26
35
6
115
56
31
56
37
13
72
64
33
37
47
97
74
72
19
52
29
76
69
45
28
23
65
98
53
61
32
73
60
105
51
22
31
70
83
105
41
64
58
27
35
60
38
37
46
104
49
14
46
23
82
39
11
104
12
73
41
59
-23
-7
97
109
56
56
74
87
23
84
9
79
-17
90
4
19
44
64
-2
61
61
51
97
76
82
82
120
94
-29
94
12
72
45
78
65
32
51
49
80
77
72
88
88
16
36
80
103
56
58
-3
142
105
102
45
43
39
100
35
63
83
22
55
15
53
51
45
80
53
24
33
57
38
91
79
83
64
88
48
66
67
97
28
57
120
20
48
91
27
105
60
94
82
42
66
97
0
45
66
53
116
39
18
123
45
77
63
28
-15
66
130
90
-6
83
-20
116
96
9
103
55
50
25
0
60
101
51
59
81
52
15
10
73
102
2
51
99
54
40
39
74
97
23
82
71
14
62
41
31
75
88
35
21
70
54
1
59
77
34
66
46
30
32
70
59
78
59
9
86
70
49
82
8
106
59
51
49
65
63
87
78
55
60
34
94
52
65
54
81
55
45
41
95
64
106
62
-1
-3
37
136
69
57
65
67
41
81
32
58
41
23
36
16
75
54
48
35
85
1
15
77
34
11
90
61
57
66
35
73
11
46
54
94
9
80
17
105
42
47
99
59
27
31
54
15
15
60
55
99
16
79
45
0
59
56
3
58
65
70
92
-7
99
92
90
61
13
31
78
27
104
21
90
59
42
11
51
71
97
44
46
11
39
69
24
96
-19
46
95
110
92
56
17
69
68
85
62
81
38
62
108
59
14
86
43
77
83
3
58
61
41
32
107
26
105
50
46
52
64
8
20
56
13
-13
50
21
67
-3
0
86
65
57
25
77
82
63
94
63
21
66
89
45
-12
70
73
11
75
39
101
60
62
84
29
44
68
38
79
-26
66
28
42
-14
108
41
31
-12
39
67
74
58
81
71
29
77
72
71
28
74
48
59
60
19
66
98
16
57
81
18
81
7
67
100
21
65
46
18
2
13
99
43
102
20
47
81
88
81
41
105
128
64
33
138
43
9
62
48
78
27
29
37
25
37
67
67
62
24
-1
33
54
31
10
33
45
119
72
-1
19
41
85
82
56
39
35
76
27
129
78
45
36
40
46
70
80
48
97
25
16
137
50
68
43
67
39
162
31
44
97
59
45
82
28
47
57
31
26
41
11
55
74
34
101
46
-5
134
52
21
32
62
96
45
91
56
97
82
55
125
98
58
41
47
72
33
113
38
89
53
92
68
-6
68
49
68
43
76
56
39
91
36
-16
31
85
93
51
52
31
-13
105
58
66
24
58
29
65
81
60
92
59
77
86
37
68
140
81
57
71
60
31
111
53
83
47
84
44
6
113
10
75
112
82
103
67
69
69
61
-25
18
43
90
99
12
42
60
69
45
30
67
73
57
45
91
101
29
80
24
14
60
97
19
30
21
51
0
-15
29
70
41
97
29
15
57
34
31
63
90
54
50
39
51
114
95
45
60
127
1
43
42
3
89
50
69
34
46
54
50
45
61
58
72
58
101
26
78
31
111
46
52
49
-5
97
73
92
97
31
68
54
41
99
25
135
93
49
16
97
39
92
76
71
96
89
81
37
83
42
108
54
60
99
39
106
52
28
72
60
51
43
88
36
63
87
94
31
34
-1
68
62
78
16
-2
34
30
16
27
99
28
63
102
24
64
98
49
62
32
-4
91
63
43
55
25
99
72
55
35
114
71
39
84
59
107
80
36
93
25
43
67
90
105
73
68
49
95
12
54
60
10
84
70
62
45
69
79
31
66
-16
97
80
56
61
68
33
65
87
59
46
61
61
62
117
-11
63
112
86
76
71
35
91
87
18
81
9
92
69
32
53
79
87
51
58
69
79
334
52
101
18
75
-6
58
14
97
63
97
68
60
69
104
76
114
28
47
7
86
72
57
12
23
120
32
40
65
58
138
17
50
102
71
56
-39
59
64
69
46
-1
-12
84
36
44
73
53
49
89
18
94
31
43
108
29
46
81
32
80
92
67
1
45
96
106
70
81
68
-1
7
34
103
25
-2
29
30
66
53
80
97
31
86
41
35
85
75
94
49
77
49
32
61
81
134
36
52
80
53
25
71
71
53
25
45
65
41
15
-5
11
28
57
63
40
64
60
60
55
80
31
37
83
24
20
56
49
85
78
14
96
64
68
63
-2
63
34
30
92
23
115
41
77
75
70
112
10
91
22
51
37
64
62
76
69
47
48
109
27
60
61
17
-15
81
97
80
24
52
60
73
50
84
103
94
29
48
81
75
110
24
1
97
92
2
65
