-60
-53
-33
-69
-71
-64
0
-38
-40
-59
-27
-50
-49
-8
-61
-29
-42
-69
-52
-40
-27
-35
-33
-57
-76
-31
-49
-61
-28
-46
-57
-24
-48
-34
-54
-59
-32
-8
-2
-55
-48
-73
-67
-59
-27
-50
-36
-57
-40
0
-67
-39
-35
-75
-39
-16
-48
-77
-15
-29
-46
-33
-5
-67
-46
-32
-23
-43
-47
-52
-27
-45
-48
-9
-58
43
-47
-31
-55
-23
-21
-40
-41
-25
-52
-45
-23
-50
2
-43
-48
-43
-19
-7
-34
-55
-47
-69
24
-35
-62
5
-24
-28
1
-4
-8
-41
-44
20
36
-44
18
14
-30
-30
-55
-8
-57
-7
4
-23
-57
-51
-10
14
-12
-4
-27
-48
6
25
-31
2
-28
-42
26
-9
-30
-36
-48
-17
1
-33
-24
-1
-37
-34
-14
-7
-13
-14
-29
-13
17
-27
-16
1
-48
0
5
37
-8
2
-34
-33
-29
7
38
69
25
12
-5
-12
-19
-29
-41
-4
-13
12
-23
44
-1
-16
-13
-7
5
-65
19
-17
-19
-26
-18
-36
-29
2
39
-10
-8
9
-26
17
56
-32
-17
-2
26
-18
6
-47
5
-12
1
44
-12
-6
-8
-33
5
-4
-18
-36
7
4
1
-13
38
-5
-4
-11
-8
-25
7
-33
-16
38
24
-6
-14
7
4
-14
19
24
-31
0
20
-3
-34
34
15
7
47
52
-10
17
20
13
35
13
-27
3
69
1
-1
38
47
-4
-25
-7
19
-34
-45
-2
15
1
-5
-5
-11
4
-42
42
28
-30
-26
-40
-19
-32
17
-7
14
6
36
27
55
-20
40
-12
2
26
2
-37
2
18
-1
32
-7
18
-23
-5
9
-4
-15
7
12
20
21
-6
14
-23
-39
-11
33
59
37
-11
-1
35
-24
-26
15
14
20
0
-63
71
11
-36
-10
0
-3
-17
39
3
37
36
43
8
15
25
5
2
-21
8
2
-6
42
-14
8
42
-13
34
54
-21
35
36
31
36
-44
35
-34
50
9
17
17
-3
26
9
1
2
-19
31
-1
1
21
74
16
-15
107
-2
0
-24
-2
-6
49
1
38
10
60
-18
2
79
9
51
61
-4
40
22
115
104
-1
3
31
20
-20
18
53
67
32
-27
89
8
5
-12
-30
-14
53
23
22
26
2
28
64
-6
-5
38
32
20
29
-47
-31
2
-13
-16
-25
-26
-32
-12
27
6
-26
-3
0
-9
-4
-2
36
84
0
52
24
-9
24
37
25
9
24
61
21
-16
68
42
76
5
19
20
28
0
11
18
21
79
45
-2
-3
-1
49
16
76
67
-29
52
38
39
71
13
90
56
40
31
-2
-7
42
-13
-31
32
0
30
43
27
34
-14
56
38
31
71
29
74
58
39
48
20
17
68
-2
65
11
1
70
42
7
15
24
26
39
25
9
44
2
31
3
19
18
-6
36
15
33
3
56
10
18
60
3
42
48
100
57
33
42
34
39
-11
93
27
75
5
-7
32
37
21
53
33
31
39
58
17
44
73
10
31
29
15
70
48
8
71
8
28
45
-4
36
28
81
72
63
57
29
44
69
60
7
45
-9
56
6
76
50
29
47
39
71
15
24
12
28
36
24
50
86
73
65
78
77
74
-8
1
34
62
137
60
17
45
-8
35
38
1
-13
-14
57
46
4
27
36
12
11
48
15
31
21
12
0
0
28
86
43
91
22
45
16
55
19
34
72
-4
-22
22
38
62
0
14
7
46
4
-11
68
7
-2
107
36
50
3
83
46
26
13
67
-10
-5
78
75
90
59
21
53
96
82
37
45
40
72
55
33
63
40
92
14
26
21
38
88
1
48
38
86
68
22
93
68
98
55
17
35
62
96
69
65
123
1
-13
60
26
80
13
60
86
91
-23
88
123
103
92
31
20
24
52
38
100
36
75
40
64
14
60
63
84
-39
44
77
34
94
51
54
8
40
57
21
1
-11
25
59
94
19
81
5
42
110
116
87
17
64
56
17
28
15
4
68
107
14
82
68
56
101
-14
86
49
13
45
48
105
46
43
72
-3
57
41
33
21
34
5
36
56
49
15
56
46
31
64
21
16
43
98
27
7
27
25
104
47
31
126
107
47
15
91
106
2
94
88
96
-14
-11
77
38
-6
91
32
13
56
81
-8
23
99
7
73
95
106
43
33
78
52
80
10
-9
26
77
100
35
-1
20
18
55
61
82
101
77
20
52
11
56
1
16
31
61
36
80
77
-4
30
4
21
58
71
202
78
59
40
89
-24
18
95
69
137
71
-1
98
38
15
-12
23
14
57
4
97
24
15
68
31
94
28
64
20
20
61
93
22
56
33
20
21
62
24
91
43
8
79
91
11
56
30
15
135
77
80
48
68
89
97
73
62
21
67
56
146
2
47
49
61
52
79
-6
22
60
64
-5
42
70
65
74
77
70
45
41
34
33
-12
96
28
100
37
44
31
49
69
53
90
92
63
38
68
71
74
79
-5
38
69
64
111
23
50
71
39
70
45
3
57
87
38
-11
73
-9
73
43
30
30
20
104
0
59
72
90
18
37
84
51
8
79
82
92
28
32
85
40
52
36
82
99
42
33
84
20
85
67
53
87
79
46
55
70
53
45
0
78
30
79
53
62
82
18
47
53
7
89
60
21
52
126
64
93
38
42
0
-1
79
55
69
67
31
32
42
57
-5
79
53
70
68
27
84
26
72
20
72
34
-1
123
76
79
60
74
44
7
5
29
12
17
114
40
80
23
43
67
106
74
-6
7
58
6
73
61
42
20
15
7
70
54
51
72
97
24
-10
75
25
41
35
85
66
74
8
37
91
57
63
62
7
2
14
29
91
55
14
75
30
38
80
10
55
38
63
128
45
90
98
78
77
68
45
86
99
44
101
72
-3
72
99
100
29
98
81
56
37
49
76
50
92
81
33
96
44
9
72
42
71
84
86
36
-2
147
-1
36
2
60
97
55
39
31
34
59
31
8
41
53
56
67
43
64
63
80
47
-2
42
25
115
113
24
43
95
-12
52
-13
81
77
35
44
105
74
62
37
22
73
77
73
80
34
49
90
39
38
72
-1
33
46
33
41
-10
7
57
71
66
67
66
78
11
99
23
81
-2
66
0
79
47
61
24
48
21
48
55
60
128
13
30
85
65
39
41
40
23
17
48
49
81
67
31
102
66
60
107
7
21
59
58
42
43
102
83
92
45
74
49
45
93
-18
80
-21
35
75
39
93
83
74
78
60
65
91
90
45
-36
60
79
25
54
11
24
7
102
84
76
43
46
87
-34
43
66
22
85
29
41
41
91
12
88
67
33
57
112
64
79
23
38
69
37
65
99
26
66
105
100
34
61
73
80
85
15
23
61
68
69
-8
85
43
58
49
87
57
48
23
49
60
119
84
69
64
74
45
89
11
109
98
99
49
102
-1
77
73
74
136
35
0
16
53
33
39
-22
-5
10
47
97
26
57
74
56
-8
93
65
67
86
39
-24
110
104
65
64
49
107
105
59
79
28
65
0
55
-2
84
23
66
93
62
35
64
93
71
124
86
20
54
80
28
53
87
62
21
33
40
105
78
21
61
49
43
107
22
101
24
74
22
53
96
47
32
51
35
14
46
35
42
43
39
43
53
78
39
84
55
22
91
91
26
39
10
71
63
129
84
68
-2
91
70
23
71
70
-9
89
-3
54
109
18
104
45
74
44
41
86
90
46
54
84
14
68
76
103
47
96
69
57
79
68
71
51
66
71
48
15
83
87
38
19
48
35
44
66
119
29
74
-18
27
44
64
68
77
68
72
81
65
116
108
91
70
79
85
42
-4
75
58
62
69
32
62
37
42
78
16
-2
107
56
42
37
64
57
82
21
109
71
39
72
115
51
100
71
86
25
-15
93
97
82
103
89
27
98
42
134
100
100
87
84
57
84
69
50
66
140
79
47
87
50
25
93
107
60
-16
-2
55
92
31
101
23
77
81
81
52
58
90
83
25
120
108
74
70
-19
76
33
46
60
66
40
77
45
33
69
62
102
78
56
100
59
98
79
27
24
54
33
52
41
100
33
46
122
26
94
72
29
87
82
87
93
32
33
90
26
81
99
-15
114
95
51
44
67
49
43
71
55
45
35
76
253
27
34
15
100
9
59
104
58
69
54
50
119
69
46
126
44
65
147
46
5
5
59
57
61
30
94
43
91
23
60
54
54
126
9
4
55
63
92
9
55
112
26
2
-1
23
61
53
8
14
61
9
64
54
1
67
19
112
57
72
32
45
53
77
56
28
69
81
67
49
83
31
94
92
82
115
108
-2
52
37
69
88
-20
60
-27
-11
120
77
71
44
100
39
69
96
34
77
54
93
43
10
29
82
86
6
91
3
36
50
-1
29
50
112
11
-9
79
105
110
59
37
53
118
69
60
67
3
98
57
24
61
0
107
92
44
79
78
42
67
13
37
73
50
97
64
60
103
39
126
41
87
66
52
52
3
7
66
85
47
61
57
58
65
55
34
37
51
55
118
78
83
52
92
22
142
60
10
40
113
50
64
95
87
9
112
93
154
72
56
122
104
67
72
97
62
-9
100
59
39
57
23
60
76
40
92
33
105
18
13
33
66
103
33
97
53
89
18
77
73
71
49
44
84
57
42
51
134
83
106
38
79
71
87
131
22
30
111
60
126
39
92
98
115
118
90
87
5
33
52
50
124
38
73
45
120
13
109
100
87
109
4
74
66
7
43
62
75
50
45
45
112
76
83
54
7
71
40
111
75
122
107
48
92
95
55
10
9
22
26
64
72
86
66
72
15
44
54
80
96
13
71
28
68
96
47
21
47
52
24
110
81
47
23
33
62
80
80
25
57
37
98
87
26
32
95
75
67
48
107
34
107
41
49
58
91
50
47
26
-5
50
80
36
93
94
41
50
-1
89
30
26
83
92
124
43
54
99
65
48
90
64
79
73
97
117
60
66
33
64
21
40
71
72
26
126
55
75
79
67
41
85
69
65
79
27
5
46
48
72
-6
29
49
124
52
29
43
35
91
66
50
96
20
25
42
36
73
80
52
30
50
75
66
54
69
42
97
47
85
37
43
17
63
-15
82
54
116
91
21
153
64
32
119
46
75
63
109
81
66
62
77
43
100
46
118
95
78
94
84
101
70
89
69
34
5
130
106
120
61
37
58
70
37
80
51
73
47
49
82
89
72
61
82
71
51
38
74
70
23
132
44
61
95
48
79
112
119
73
130
77
106
50
10
109
17
149
92
83
45
95
97
66
38
47
71
62
95
75
94
82
102
33
23
98
45
62
55
42
62
93
55
26
15
113
83
63
83
103
35
64
27
73
5
111
36
100
77
93
80
66
24
54
24
12
58
67
43
22
34
68
94
-12
80
52
42
91
83
81
62
26
53
36
62
63
59
131
68
76
30
67
92
63
32
38
14
82
147
64
50
72
85
35
49
40
91
95
73
102
59
91
56
95
74
6
59
46
22
73
32
17
66
66
82
94
32
46
80
10
97
55
142
89
6
59
94
46
45
72
51
117
115
96
56
54
70
104
106
90
38
74
125
48
70
56
74
69
78
34
69
86
-6
76
71
17
65
52
19
95
118
64
-11
78
47
61
111
42
3
50
88
90
83
59
93
27
68
62
82
55
60
97
63
7
81
41
96
-5
135
64
27
61
52
40
116
-2
74
46
63
79
31
19
41
84
83
89
86
81
13
61
81
42
57
105
69
56
73
40
30
66
85
6
15
31
95
29
39
63
107
45
33
-2
28
1
82
24
57
9
41
44
26
70
84
70
70
-5
123
90
80
-13
102
104
55
93
92
31
49
51
67
64
66
-9
67
60
83
58
64
39
92
98
10
92
36
10
39
43
66
42
57
68
-4
68
97
62
73
90
54
81
59
34
96
135
99
58
130
141
24
110
61
68
56
39
78
37
43
110
19
82
119
49
44
7
8
74
97
129
23
57
117
36
102
43
62
78
91
82
28
71
61
120
110
0
5
63
50
21
58
65
2
86
37
88
78
59
36
39
16
21
45
15
-37
95
84
35
63
78
93
37
89
57
38
56
52
21
119
82
57
90
79
36
47
57
50
66
50
49
51
84
72
76
35
73
2
84
44
62
128
41
99
80
50
78
-2
90
55
52
57
58
52
68
76
87
3
84
85
49
47
54
101
7
64
43
60
67
70
65
38
48
81
127
50
80
74
49
45
99
51
14
59
122
46
28
57
65
81
-1
75
76
9
72
66
53
-5
45
72
12
43
98
61
93
43
83
2
58
99
53
56
71
23
51
70
68
61
86
52
77
103
54
22
33
28
91
28
-1
49
85
70
122
110
13
37
93
86
96
30
94
69
93
56
24
58
108
119
27
77
78
0
87
127
64
59
42
47
26
94
116
63
53
69
83
11
80
83
76
34
51
88
59
19
15
103
41
-8
9
-27
26
17
96
119
73
91
52
-23
98
46
60
85
64
38
79
72
43
96
70
37
29
54
30
20
27
38
77
48
53
68
34
74
76
126
43
114
71
10
89
43
105
