-56
-40
-46
-64
-50
-10
-14
-43
-45
-33
-52
-55
-37
-37
-6
-45
-79
-30
-55
-48
-34
-52
-47
-70
-42
-67
-58
-39
-48
-48
-53
-57
-3
-28
-54
-37
-2
-34
-41
-50
-59
-55
-57
-21
-80
-4
-45
-32
-23
-67
-34
-38
-80
-57
-33
-30
-51
-36
-36
-47
-19
-57
-19
-11
-20
-37
-34
-41
-59
-36
-44
-20
-38
-21
1
-58
-26
-41
-40
-17
-41
-31
-36
-44
-35
-37
-69
-9
-54
-52
-39
-54
-30
-43
-63
-25
-39
-48
-48
-20
-61
-40
8
-25
-4
4
-65
34
-38
-57
7
-56
4
-36
16
-35
-26
-42
-13
-58
-10
-2
25
-22
-43
-34
-42
27
-19
-14
-20
-56
-9
-14
-38
-32
-2
-36
-36
-35
-27
-6
1
-50
-36
10
10
-35
-19
-11
-42
-25
-9
3
5
-49
-21
0
-26
-50
-18
-10
-23
-21
-27
20
-49
6
-10
-27
15
-9
55
-17
2
10
30
-8
0
-13
-32
19
-7
6
-32
-13
11
-48
9
-16
-21
-10
31
-19
23
-5
-19
0
-2
104
-28
-1
12
17
14
28
-35
-11
-33
48
-23
-22
6
-11
-49
8
26
-5
-2
21
6
55
-19
18
-31
-1
18
2
29
-6
-3
-32
-23
-62
36
-15
0
21
27
73
56
17
15
9
40
10
-44
7
-48
-19
5
6
30
35
36
19
-22
19
18
-30
13
52
7
6
17
34
2
85
27
-2
25
5
-7
32
37
14
7
-4
11
31
-20
-27
17
-35
-16
-25
6
81
-26
23
-29
37
37
-2
36
42
17
-2
-2
-9
-9
8
22
2
25
-70
-22
21
32
39
17
-10
32
14
4
7
-8
55
9
22
43
-4
52
14
56
3
5
25
-14
66
44
2
46
5
42
11
-7
51
14
26
63
18
49
24
15
40
4
22
4
60
20
-6
-6
-30
98
27
71
-6
13
2
23
0
-2
30
29
-19
20
-29
-14
41
10
16
-27
-37
44
37
22
-18
-2
-4
2
11
-10
16
-2
33
31
10
-16
17
-7
38
-7
19
13
-6
90
58
44
36
-24
24
11
65
44
-5
6
-9
57
23
0
44
69
13
35
31
-13
-50
-6
27
14
47
71
53
-21
31
17
0
-1
41
36
35
44
-11
5
87
4
9
51
33
-10
81
-2
-36
19
26
69
22
57
8
4
-12
33
-17
30
31
71
42
40
32
21
33
24
-40
27
12
73
16
67
-1
95
54
-1
22
10
8
86
45
0
38
76
52
106
9
65
31
46
52
-1
18
-7
20
32
25
9
0
23
37
11
82
16
8
82
34
48
19
31
38
68
85
47
-5
-11
102
54
-5
35
35
32
-19
37
7
72
36
22
27
17
0
26
86
50
-10
20
12
1
84
45
78
51
29
88
68
51
2
40
43
34
11
81
71
36
13
48
17
9
32
48
109
12
23
9
3
46
8
12
23
22
11
45
37
34
22
35
32
61
89
36
22
-7
0
37
9
57
35
-17
29
-2
23
54
25
63
10
87
45
70
37
19
-32
22
63
75
34
36
72
67
9
66
29
3
21
42
49
55
43
65
55
2
78
41
85
53
6
55
104
7
73
-8
24
35
47
1
47
27
96
73
78
47
49
41
8
33
66
55
55
69
73
6
49
53
55
86
86
96
31
89
59
42
2
-20
51
-2
31
99
42
81
9
61
84
16
75
25
36
59
40
33
47
82
46
49
58
6
35
84
50
12
-10
-3
5
124
60
38
21
49
23
91
57
48
45
58
60
13
102
85
10
65
54
48
-9
38
72
8
86
44
29
97
87
59
71
5
25
55
114
60
72
29
8
27
14
98
112
44
64
94
22
50
64
47
60
92
-17
115
26
10
86
58
48
73
51
65
98
16
72
73
-9
98
36
65
-16
39
49
107
1
55
11
65
67
90
84
34
89
57
71
73
13
32
-1
49
118
3
35
67
-10
52
105
16
-2
80
29
82
12
16
85
48
18
19
-41
56
65
8
14
27
6
62
36
109
74
54
28
70
-2
53
52
53
54
36
102
72
77
50
82
67
87
40
81
25
94
15
74
6
106
95
76
23
29
68
8
30
15
58
83
1
25
88
22
38
47
50
32
-4
22
31
18
41
116
22
80
5
79
43
28
39
81
72
35
66
31
110
64
23
-3
0
-1
116
40
56
76
81
49
67
35
70
43
48
90
82
-28
79
86
16
11
65
38
68
39
84
45
17
38
117
17
59
58
21
55
96
66
90
84
56
47
81
73
36
38
111
44
95
77
45
40
97
31
80
57
74
47
90
39
19
66
38
56
66
53
84
42
60
53
60
-7
17
77
45
10
39
47
30
67
19
48
49
82
6
61
55
12
70
9
70
101
35
18
79
37
27
86
84
49
111
97
-15
51
59
27
-2
76
80
27
58
87
69
36
126
27
71
81
56
49
22
-1
3
11
61
54
76
82
20
53
100
76
35
95
10
48
56
-11
57
109
63
87
38
27
-4
65
46
39
27
42
33
37
53
81
36
8
-4
43
40
24
4
61
89
82
73
58
29
78
90
21
46
92
77
78
54
26
41
45
52
79
70
25
61
24
38
37
84
114
73
7
2
-6
80
82
22
134
28
21
62
96
83
38
52
61
31
81
93
49
114
102
80
25
95
24
44
107
93
133
61
29
59
55
74
56
57
61
8
31
98
73
19
52
6
56
1
34
91
40
-5
67
2
22
55
50
36
48
186
-44
39
46
77
40
71
94
26
90
69
72
81
99
62
51
27
2
94
74
57
91
156
76
86
106
79
50
88
89
60
54
35
53
71
54
102
13
25
76
16
16
34
74
3
14
41
37
118
76
94
43
89
112
64
40
30
30
29
26
48
-37
80
81
-3
75
60
-14
43
83
23
25
102
-8
48
19
26
83
51
37
51
73
16
35
-15
-6
39
19
31
47
19
87
86
45
53
20
27
36
17
34
44
5
69
61
56
14
29
85
93
27
-9
39
54
41
46
4
27
22
28
25
96
63
44
82
74
70
76
117
123
75
110
85
56
15
15
75
39
101
47
91
47
53
62
68
87
52
74
58
58
63
64
99
97
40
81
110
66
85
90
55
89
38
42
164
69
3
45
53
39
87
93
69
32
30
79
93
38
84
87
68
4
16
72
15
107
38
10
97
46
38
81
21
41
48
98
67
96
78
42
57
20
51
61
43
41
87
23
56
42
23
95
-2
26
46
-5
54
59
9
10
120
31
12
-9
84
86
89
71
106
69
41
37
63
2
106
125
90
94
95
37
47
89
68
18
65
38
69
57
13
86
29
53
76
54
29
65
108
8
50
24
48
26
6
16
90
41
39
48
26
-18
101
85
73
37
2
90
44
53
26
97
68
36
97
39
38
45
84
60
0
27
94
10
62
13
106
42
18
39
14
62
134
53
0
114
70
3
33
85
47
91
58
73
37
64
29
71
52
91
39
113
102
58
20
62
57
34
41
71
75
69
109
89
67
54
-22
129
68
84
76
69
103
72
90
97
84
26
126
15
97
52
73
88
1
9
101
61
66
153
55
99
51
103
123
73
48
144
87
93
13
55
87
53
99
57
43
71
63
78
58
37
103
44
50
34
13
78
73
63
61
38
96
67
93
47
72
73
34
50
60
57
16
81
21
49
56
74
41
80
35
50
42
80
60
10
21
12
43
13
61
56
48
59
78
9
35
72
106
147
27
83
3
89
80
71
53
52
83
53
43
92
-24
25
79
63
76
23
112
-2
57
54
132
91
49
76
41
14
107
64
28
40
104
75
0
5
43
6
77
22
90
67
50
50
40
37
-5
21
76
129
65
45
45
80
69
54
45
90
47
15
71
28
13
35
6
93
41
35
55
6
56
85
80
66
47
51
51
45
99
43
77
84
131
18
97
75
75
67
44
35
26
60
23
109
3
47
39
64
60
76
101
46
106
38
111
11
71
16
23
37
40
63
76
39
88
124
103
55
65
99
84
12
94
19
75
84
57
90
39
94
105
158
56
66
121
80
61
41
15
110
15
114
124
38
62
41
88
56
19
82
4
28
127
33
24
82
104
54
71
82
73
38
60
52
49
72
38
73
29
84
110
83
71
0
63
42
4
62
100
31
51
83
78
36
88
22
97
-5
-25
74
91
47
114
37
35
88
71
60
-35
63
-3
68
94
4
55
66
60
41
106
52
44
88
57
41
46
74
-23
23
7
20
47
18
62
66
57
78
76
96
13
9
99
74
167
26
53
20
34
80
17
53
58
73
71
104
61
37
55
40
49
57
84
77
100
25
54
28
58
74
78
58
60
61
15
53
49
67
97
65
43
94
30
91
58
53
93
79
94
79
74
36
78
24
43
34
74
28
118
59
25
102
77
104
33
62
85
5
77
46
74
6
7
49
49
23
61
0
52
27
35
95
14
45
61
67
23
61
68
24
98
43
59
68
81
95
80
71
46
64
-2
62
89
22
79
76
53
97
28
-22
-22
68
86
18
63
16
93
107
87
65
118
14
29
45
59
8
-5
36
70
77
31
113
90
35
26
22
88
7
75
48
41
74
-2
75
79
80
123
-26
42
50
64
75
59
27
76
88
37
116
45
108
106
83
80
83
59
15
92
31
87
57
27
43
96
68
38
59
53
87
56
64
60
65
23
38
32
47
-2
32
45
108
34
59
76
38
99
57
121
23
44
72
60
71
63
11
24
15
12
53
110
-3
55
22
137
28
42
40
66
102
78
58
69
31
80
117
81
61
47
14
88
64
34
103
22
24
68
22
44
63
18
11
65
33
82
48
33
45
44
110
49
38
36
35
65
24
29
98
96
112
24
65
46
69
25
43
32
65
75
27
79
81
56
49
84
78
26
21
66
6
92
56
54
74
103
84
87
81
126
31
50
-41
-8
100
92
8
70
75
71
16
38
69
43
53
1
42
30
85
64
4
79
60
49
116
74
66
81
64
43
94
48
55
81
102
106
38
72
67
61
133
66
90
83
72
46
66
58
7
4
29
47
67
91
56
24
55
20
137
33
47
3
0
64
19
97
-1
43
6
61
87
30
51
11
88
58
34
30
44
62
80
42
66
76
46
66
83
62
77
33
81
32
3
-7
36
42
85
52
2
49
59
71
41
45
-1
66
46
3
69
25
97
29
154
64
89
102
74
60
98
133
57
56
120
45
112
-3
87
120
18
53
41
69
94
98
25
22
70
71
22
24
39
84
72
51
89
95
23
44
72
82
87
66
71
48
73
97
93
67
44
72
50
84
33
65
109
71
2
79
-16
-5
71
54
-31
55
90
-4
59
24
11
63
21
62
1
69
0
15
104
76
34
105
56
42
66
50
-4
61
14
54
120
52
85
73
99
80
61
81
51
110
98
62
8
29
-3
74
48
44
37
19
32
31
14
-4
79
38
28
-7
120
92
111
94
0
9
65
74
21
29
62
83
67
79
19
79
91
84
36
32
68
77
47
70
122
45
18
62
65
20
52
95
55
74
62
26
-2
11
27
75
108
63
136
83
79
13
78
55
73
72
40
33
51
80
40
72
62
59
92
92
83
105
32
37
79
138
132
98
61
79
43
8
39
41
56
55
86
27
57
95
76
27
27
85
48
56
86
81
31
87
101
67
-5
48
24
50
56
79
66
41
20
121
73
33
4
49
61
77
133
31
68
82
57
59
58
42
10
36
75
52
-7
85
33
82
69
31
61
66
105
95
67
84
41
99
33
59
27
78
34
75
54
80
57
65
-3
80
47
74
26
90
77
141
90
24
63
13
70
35
69
82
5
72
-11
89
26
50
89
66
42
-2
67
28
73
51
84
51
101
48
108
77
53
109
0
24
113
53
41
63
36
51
29
54
79
84
64
-9
34
72
51
14
106
96
71
118
55
91
26
37
8
51
87
5
-6
43
46
75
-3
21
88
65
24
50
-5
59
65
11
74
53
59
84
76
12
35
64
29
81
26
100
5
56
61
51
68
41
73
48
25
71
0
121
0
4
44
13
33
130
46
54
13
68
21
15
45
58
-19
98
50
57
54
23
60
73
43
16
69
49
31
69
73
89
45
11
26
55
49
49
39
65
23
88
65
20
39
85
57
56
72
51
78
32
66
79
67
85
39
59
55
38
51
109
64
13
79
80
49
124
31
122
9
139
10
57
43
98
36
51
45
54
18
54
76
50
49
24
56
34
51
35
22
23
99
65
71
79
112
38
8
41
111
67
45
136
79
80
91
15
123
58
40
55
45
86
53
37
112
67
10
82
25
67
77
50
69
39
43
60
55
16
75
72
53
45
8
122
93
58
36
64
10
57
60
65
118
105
111
105
22
43
45
84
56
107
130
5
36
-3
-2
101
15
58
21
56
79
25
48
23
78
64
76
93
57
101
98
81
101
45
81
42
55
115
28
28
70
67
-3
39
82
69
131
23
48
59
34
38
72
30
77
43
27
77
92
82
115
-15
54
67
96
74
57
81
23
66
56
76
28
61
77
47
