18
42
12
14
16
26
11
16
19
26
30
20
18
18
31
11
13
11
24
45
11
11
16
10
9
13
16
29
10
9
10
9
25
17
11
9
13
14
13
18
11
29
13
14
10
13
16
12
12
11
10
10
10
13
12
15
39
14
9
9
9
8
9
11
11
14
11
17
16
10
12
9
12
11
15
10
10
14
10
10
10
13
12
15
15
18
12
10
19
11
10
12
11
9
37
11
9
18
10
13
17
9
17
15
14
9
15
23
20
13
21
22
19
24
27
23
19
29
19
24
27
20
19
9
30
11
9
11
20
17
11
20
15
31
9
9
13
9
11
27
15
14
12
22
11
16
17
13
10
21
24
18
23
22
15
20
13
19
20
9
19
18
15
18
44
12
14
36
14
20
11
15
33
29
29
18
28
13
11
17
26
18
27
11
12
17
11
20
8
24
11
10
30
11
12
15
17
17
14
21
24
14
26
37
14
12
18
46
12
16
20
20
16
27
18
23
27
26
38
27
39
24
91
25
50
10
83
21
20
15
16
13
12
13
50
17
21
21
15
21
21
94
20
21
28
24
16
28
19
35
15
27
20
18
63
29
16
25
19
10
30
23
13
15
31
34
53
18
12
35
23
20
20
18
18
24
16
14
16
14
37
42
34
12
42
63
54
15
40
125
14
72
15
24
22
78
26
27
59
20
36
25
36
13
36
23
34
15
49
35
20
15
21
47
100
22
80
27
47
27
53
77
50
46
70
22
36
32
28
46
34
36
32
38
33
17
79
101
46
74
50
39
32
23
11
99
57
159
17
15
13
17
34
72
33
34
46
35
124
67
32
132
25
34
35
151
28
16
99
40
32
55
29
51
103
35
102
22
72
28
31
25
54
89
59
56
44
71
21
63
104
98
50
20
51
34
65
62
170
27
79
71
40
129
43
45
38
59
39
58
59
313
23
104
30
93
74
108
114
125
126
24
137
54
185
27
400
131
108
150
106
216
32
189
60
167
217
257
290
230
169
170
185
169
178
281
176
203
208
243
172
215
135
185
200
211
160
44
192
177
233
148
167
123
88
16
22
153
130
167
169
243
157
182
155
155
159
151
69
20
145
136
174
158
187
159
168
166
163
73
190
187
183
199
240
216
266
184
172
156
145
72
219
241
182
193
186
281
500
226
252
229
207
200
269
334
175
71
220
500
500
396
289
500
114
437
64
270
319
297
500
241
407
215
230
159
127
121
16
12
14
15
14
204
294
262
184
102
88
257
14
90
13
176
208
205
37
182
121
176
153
308
162
257
257
291
209
141
228
288
299
13
241
312
239
416
251
294
267
337
321
488
264
383
174
500
426
445
500
457
500
477
500
500
131
158
356
338
500
308
500
436
500
405
426
390
500
500
500
500
500
500
221
500
500
470
151
315
213
298
366
243
10
274
267
309
313
477
425
500
500
500
500
396
450
315
500
500
330
500
439
500
500
329
426
347
500
500
362
389
332
373
379
357
348
279
101
137
147
353
386
500
500
500
500
500
500
500
500
500
500
500
500
423
500
500
500
500
500
500
500
500
491
500
500
344
268
192
123
131
290
500
500
500
500
500
500
500
500
500
500
500
500
500
500
500
500
500
500
500
500
500
500
500
500
500
