15
13
13
13
16
36
18
15
18
15
15
16
39
12
15
18
29
14
9
9
21
14
14
12
12
8
13
13
13
20
8
19
10
12
13
10
10
19
10
16
10
10
10
9
13
8
11
9
10
12
13
10
17
11
10
8
11
11
14
9
11
13
10
9
13
11
15
10
12
16
9
11
8
10
9
12
14
11
12
11
9
11
11
10
10
9
11
10
11
10
8
9
9
10
11
9
9
8
9
14
15
13
11
10
13
9
11
9
11
11
10
9
15
14
14
15
13
10
10
10
12
12
14
16
10
8
18
19
12
13
13
10
13
10
17
19
10
11
13
41
27
12
15
23
14
17
39
19
17
12
24
30
20
14
11
10
23
12
16
15
13
22
12
14
21
17
15
9
10
11
20
22
26
14
10
23
10
15
11
9
10
10
9
12
21
21
10
19
12
12
11
19
19
31
12
10
12
20
13
14
14
12
10
22
14
12
10
22
21
11
12
21
13
22
12
17
10
14
10
19
15
9
12
19
12
12
12
26
13
17
9
9
9
10
9
14
11
10
14
10
12
11
15
15
14
20
10
10
15
10
12
24
10
19
10
14
14
14
14
15
13
10
13
10
20
11
13
12
13
10
15
12
10
10
10
14
14
13
10
10
12
11
9
11
12
9
14
9
9
18
17
12
10
12
24
15
12
13
9
10
10
10
12
9
13
65
11
25
39
12
17
12
37
14
30
37
27
20
17
19
21
31
13
15
17
11
19
44
27
34
16
13
17
14
29
14
40
30
37
25
28
28
31
28
28
30
25
9
33
9
12
43
18
49
43
47
43
13
32
19
13
11
14
13
32
26
41
12
18
34
15
15
24
20
11
40
13
28
33
35
30
14
27
27
11
25
64
19
68
22
28
60
24
39
78
20
40
51
11
56
34
28
50
23
99
35
70
23
98
31
40
55
65
47
72
21
21
46
27
112
24
31
31
24
28
32
64
110
61
45
54
34
30
74
41
65
55
63
32
51
80
21
42
29
64
73
87
50
100
40
40
115
29
42
54
66
53
33
54
64
46
68
110
183
85
71
30
58
36
59
53
98
80
46
47
178
64
63
97
40
103
148
80
76
23
74
138
95
82
89
96
112
64
77
86
53
136
146
25
210
31
117
56
159
208
166
114
151
178
14
45
29
204
132
147
155
256
187
190
124
145
373
369
17
356
163
155
31
251
500
435
13
233
32
500
116
41
27
16
28
107
18
14
28
456
111
330
473
144
326
288
307
265
500
480
435
482
306
344
492
362
318
215
222
232
315
408
365
390
347
214
261
253
439
440
328
500
378
261
18
140
12
219
305
190
380
424
55
500
500
500
500
206
49
318
132
65
16
27
17
23
20
16
94
115
57
15
22
53
30
135
12
14
13
22
13
14
16
227
12
20
10
16
39
132
10
13
48
376
273
312
500
254
267
500
274
229
288
162
248
344
239
220
341
220
252
193
222
239
205
196
226
249
218
217
158
202
215
500
352
500
500
500
500
500
500
500
500
500
500
500
500
500
500
500
500
500
500
500
500
500
129
17
13
12
10
371
254
13
500
500
307
112
32
10
26
130
23
10
11
75
11
12
11
14
13
175
129
13
12
111
121
159
141
186
267
236
500
500
500
500
500
500
500
500
500
500
500
500
500
206
366
236
286
299
294
307
255
263
330
236
354
286
412
398
337
290
313
371
355
278
257
239
249
243
416
360
227
290
212
344
301
276
388
500
357
288
374
500
500
500
500
500
500
494
500
500
500
500
500
500
500
500
500
500
500
500
500
500
500
500
500
500
500
500
500
500
500
500
500
378
500
500
500
500
500
500
500
500
500
