17
22
21
11
18
19
12
19
15
18
15
13
22
23
10
16
38
18
12
11
9
8
19
20
13
10
11
15
11
29
14
11
14
11
10
10
10
14
11
17
15
10
11
12
8
10
9
10
17
17
11
10
9
10
12
10
11
9
11
9
9
10
11
10
11
14
10
13
10
14
10
8
9
9
15
13
10
13
9
13
10
12
9
8
12
11
18
9
8
10
10
9
12
12
11
11
11
10
9
10
19
17
13
11
14
9
11
12
13
18
11
15
11
35
15
14
9
29
14
13
22
16
15
12
12
9
46
57
11
19
74
20
40
25
18
8
33
14
30
11
15
21
11
30
24
18
12
12
14
11
12
33
21
21
25
20
17
16
24
14
13
12
21
11
19
12
16
26
31
21
55
10
13
54
18
21
13
11
19
11
18
14
24
13
11
20
18
18
10
19
20
21
32
14
10
10
10
38
34
18
9
13
28
21
12
9
12
17
16
14
9
10
9
10
12
14
11
37
13
26
15
12
9
13
11
11
29
10
12
37
17
15
17
23
17
22
19
11
13
12
13
27
14
26
18
14
11
28
10
13
9
27
13
10
15
17
16
11
14
12
18
13
17
15
13
13
11
13
20
12
14
28
13
12
10
10
14
11
17
12
11
27
16
9
19
19
11
14
11
9
23
12
14
11
12
12
22
25
11
10
19
14
82
24
11
14
28
36
20
40
10
48
17
14
27
35
25
25
14
27
21
38
17
22
22
23
17
17
16
18
14
26
37
62
34
17
59
29
82
61
17
19
16
46
27
16
48
20
12
12
19
37
21
14
29
37
36
24
9
14
34
29
12
25
35
15
23
97
49
12
14
15
40
31
22
23
20
43
18
40
24
18
64
20
19
38
15
11
29
15
54
40
11
20
32
59
22
59
8
53
48
25
41
30
39
33
70
20
18
22
49
42
103
60
72
18
64
35
65
11
36
34
55
41
65
48
34
29
54
43
77
44
32
48
15
49
83
48
22
32
32
68
60
44
81
28
55
36
51
45
15
78
76
19
34
68
22
92
49
21
79
21
69
53
13
35
29
38
46
28
40
31
59
97
36
120
36
54
65
39
44
21
39
52
56
46
51
16
73
40
60
66
65
56
177
48
50
85
118
154
46
63
25
86
43
19
16
48
67
62
68
147
39
36
72
62
58
10
96
151
96
319
70
98
97
137
61
107
133
231
145
53
113
138
332
158
51
191
50
91
23
141
182
101
151
40
213
192
175
67
163
267
199
128
104
24
135
280
90
186
141
211
131
110
210
66
255
120
126
331
250
120
72
307
181
438
237
196
274
436
279
44
377
243
201
237
168
287
159
200
275
199
295
273
499
111
286
285
279
232
274
247
275
206
227
289
262
233
159
137
244
290
195
360
252
325
202
392
401
206
277
271
327
325
284
316
313
350
372
194
426
500
500
249
182
141
29
109
118
154
132
159
113
117
137
35
96
92
128
158
231
228
494
25
500
83
500
198
500
500
240
396
500
500
500
400
213
268
275
500
500
267
196
259
202
280
500
402
456
500
500
500
500
500
339
500
500
500
500
500
500
500
500
500
391
500
500
500
500
500
500
500
500
500
500
500
500
500
500
500
500
500
500
225
500
500
500
500
500
500
500
500
500
500
500
500
152
366
162
500
69
500
500
477
500
500
500
500
500
500
225
500
500
500
500
500
500
500
218
500
500
500
500
500
500
500
318
230
317
425
466
500
500
295
273
500
500
500
500
271
278
269
311
265
466
243
22
398
248
258
189
153
173
294
321
176
17
174
40
190
179
25
22
38
12
77
366
403
379
500
500
332
220
272
500
