15
14
12
13
14
25
8
17
27
11
32
14
29
13
11
15
26
11
20
10
10
15
17
23
8
12
9
14
13
15
11
8
11
16
14
10
10
10
10
22
10
9
10
10
11
10
9
9
9
9
10
12
13
9
9
11
9
9
13
8
11
10
10
10
9
8
9
9
10
9
9
10
11
10
9
9
9
8
8
10
8
9
12
12
13
12
12
13
12
8
9
10
10
9
8
10
8
9
9
10
10
11
9
10
9
13
11
9
16
12
10
10
11
10
10
11
10
12
10
11
10
9
13
10
19
10
11
11
11
10
11
10
17
8
16
10
10
20
17
14
12
12
11
13
13
13
17
22
13
24
13
9
13
13
24
14
11
31
14
21
22
15
12
20
8
21
19
20
27
34
42
12
20
17
19
14
19
15
10
49
21
13
31
14
27
17
24
29
15
10
19
15
15
13
32
10
11
30
16
10
22
23
16
40
23
25
20
48
17
14
26
41
21
11
12
24
18
23
13
26
14
21
12
22
30
16
23
11
17
13
20
48
22
20
16
25
17
14
19
46
11
16
53
11
13
12
25
13
18
19
25
16
11
19
22
27
17
36
13
11
35
13
10
14
9
15
12
12
9
12
29
34
34
11
15
13
28
20
17
67
10
12
18
23
27
29
23
32
17
36
16
36
21
29
13
10
18
30
15
21
15
96
11
11
27
13
17
44
24
24
34
17
9
9
32
25
19
55
12
43
32
9
11
27
18
19
50
35
52
13
39
38
19
15
32
38
71
16
24
23
29
33
59
47
19
31
34
33
24
19
124
24
89
18
37
27
12
18
26
24
51
67
31
99
42
55
50
13
72
43
49
103
33
35
25
33
52
32
45
42
74
27
55
56
39
74
62
10
61
47
20
55
54
20
63
71
33
71
72
99
36
19
120
44
73
49
31
49
19
37
88
40
21
40
75
44
25
17
41
64
45
35
27
76
34
65
35
78
46
46
64
13
72
47
51
43
90
55
68
138
71
116
56
32
31
69
34
64
62
246
52
64
100
174
58
47
37
113
83
112
106
48
80
92
93
27
79
49
67
36
134
76
86
60
48
71
107
149
145
112
44
55
139
42
108
134
58
52
84
45
44
77
100
138
72
175
152
69
60
111
230
60
106
222
42
114
184
128
146
134
233
147
312
138
183
163
83
248
84
207
85
225
305
287
256
295
217
238
229
129
298
326
446
86
287
233
370
185
139
255
181
185
183
93
270
346
265
235
220
227
188
257
187
270
321
184
67
329
198
328
287
154
240
70
185
147
201
267
263
18
279
307
214
231
200
197
145
181
181
169
238
322
202
224
216
338
285
290
282
226
239
500
336
279
379
374
330
281
460
83
323
257
500
235
215
240
427
240
343
353
303
245
226
375
393
303
251
265
281
297
374
11
453
252
336
410
197
261
282
300
350
319
274
344
476
328
387
287
250
420
359
500
312
418
381
346
435
386
500
500
500
414
437
420
336
433
426
362
458
500
500
500
493
500
500
500
500
472
301
253
332
346
500
498
435
500
500
500
469
500
484
500
500
451
500
500
500
259
500
500
500
500
500
500
500
500
500
500
500
500
500
500
500
500
500
395
500
500
343
487
500
500
500
500
364
368
357
455
500
500
500
425
500
406
418
489
500
500
460
500
500
500
500
500
500
500
500
500
500
500
500
500
444
500
486
500
455
