-62
-43
-39
-65
-62
-41
-8
-30
-54
-46
-38
-52
-49
-19
-35
-38
-59
-61
-51
-42
-44
-39
-40
-46
-65
-52
-49
-57
-41
-44
-55
-49
-39
-29
-45
-49
-37
-20
-20
-28
-48
-62
-54
-47
-50
-34
-29
-47
-35
-19
-56
-49
-44
-60
-43
-30
-39
-63
-31
-34
-46
-37
-29
-41
-37
-31
-32
-40
-46
-48
-38
-36
-45
-25
-38
-23
-30
-26
-41
-27
-31
-31
-32
-33
-38
-38
-35
-34
-39
-26
-44
-48
-33
-29
-47
-47
-35
-41
-33
-17
-35
-30
-24
-24
-14
-7
-28
-14
-34
-28
-5
-30
-10
-29
-18
-19
-29
-32
-28
-29
-12
-21
-13
-32
-22
-7
-29
-4
-22
-27
-38
-9
-14
-23
-36
-34
-11
-20
-31
-23
-27
-21
-8
-25
-21
-16
-26
-32
-17
-20
-14
-22
-17
-21
-9
-27
-9
-24
-21
-26
-26
-12
-15
-17
-20
-8
-36
-15
0
-17
-1
2
9
-32
-22
-12
-12
-19
-11
-2
-23
-3
5
-2
-13
-10
-7
-29
-9
-22
-25
-29
-1
-19
0
-23
3
-12
-18
7
-12
6
5
-16
10
-12
-14
-6
-19
-4
-5
-14
5
8
-22
9
-9
-12
12
-6
-20
20
-10
-4
0
5
8
-13
3
10
1
-11
3
-24
-4
-11
0
-3
-2
9
18
-2
12
22
-8
11
-14
-15
-17
-5
-14
6
-6
28
-2
12
2
20
19
0
-13
11
21
-18
-18
19
3
12
9
-5
-5
0
-9
1
-3
-3
4
-4
8
6
-3
-2
2
-17
-21
-11
-11
3
25
8
-5
-4
5
7
21
-5
17
-1
9
-3
-10
-20
9
-6
12
-4
-3
5
2
12
6
-1
-7
18
-6
-3
15
1
17
-5
6
-5
13
17
21
-15
-15
2
-21
4
9
-1
20
12
16
17
-5
9
-5
18
17
8
21
0
18
23
14
-3
3
25
0
0
2
-5
15
-4
9
5
1
11
8
0
4
10
17
0
-1
8
-7
16
0
11
4
-6
16
23
26
1
10
0
-1
33
10
0
8
34
17
10
12
16
5
4
-4
14
23
0
22
2
23
24
7
25
27
19
18
-9
27
-2
25
41
0
7
19
18
6
21
14
20
13
14
43
11
20
18
-5
6
25
2
24
10
25
31
32
2
7
49
16
1
28
21
3
8
5
-14
1
14
16
16
23
15
6
-8
28
5
9
7
33
31
1
18
19
28
33
9
3
15
16
22
40
-7
48
44
13
13
18
28
27
12
31
40
55
47
20
-5
10
37
25
25
6
19
13
16
25
18
22
1
38
28
28
37
24
2
23
22
4
18
38
28
29
28
26
-5
14
24
26
19
19
36
29
34
27
37
18
19
7
27
18
15
26
31
17
25
7
28
12
31
14
21
26
33
21
31
37
24
27
8
30
10
34
31
50
16
9
13
12
49
25
26
22
39
28
0
29
12
49
22
18
21
17
34
17
18
38
38
33
27
10
21
0
30
7
19
58
23
5
14
23
22
44
12
50
31
38
22
39
25
19
29
30
37
22
20
17
56
29
24
45
18
37
29
36
28
35
40
37
34
15
55
28
54
47
42
31
64
-1
37
24
32
40
41
42
25
13
51
35
44
20
43
34
41
35
35
20
40
19
42
18
31
15
32
15
33
33
26
63
41
53
8
17
55
35
14
61
39
34
28
45
63
21
28
31
50
24
35
43
32
45
56
48
32
25
23
52
31
33
29
16
15
85
56
52
25
47
27
47
43
41
40
49
61
43
54
41
21
42
30
55
33
19
52
32
52
27
40
47
51
60
68
30
37
19
59
38
67
49
48
49
21
35
47
48
50
35
40
50
52
30
69
52
49
58
32
21
63
31
48
58
39
57
43
21
41
70
18
75
16
36
26
38
72
55
36
27
20
66
39
18
32
40
31
45
33
50
36
39
49
74
66
21
31
39
28
22
55
26
34
48
11
53
35
17
39
13
42
21
13
59
61
46
39
27
40
22
38
59
50
23
28
36
40
28
55
30
28
26
48
33
32
38
37
34
44
12
50
32
70
20
45
49
42
52
37
33
50
32
29
34
36
40
34
35
48
45
26
30
7
43
54
31
25
61
28
24
71
44
45
48
46
60
34
32
38
29
36
57
32
30
36
18
53
22
31
69
73
56
41
22
37
26
44
34
35
35
44
37
3
62
55
48
39
39
62
41
35
50
57
27
38
63
23
68
43
25
57
63
37
46
44
27
51
40
72
30
36
73
28
68
51
52
35
60
31
52
50
37
13
46
30
47
51
49
44
42
41
75
32
66
17
34
50
34
45
36
33
57
50
50
36
31
50
68
81
35
32
35
41
45
14
45
51
65
41
42
37
49
50
61
56
56
48
36
44
17
10
40
47
60
25
33
55
48
40
72
34
55
45
53
45
37
44
29
18
54
37
44
75
26
36
48
24
45
48
23
58
48
36
52
52
30
57
44
38
25
11
51
34
30
50
33
27
58
55
38
26
49
60
52
44
31
86
47
65
45
45
71
56
55
40
46
46
63
46
33
53
53
43
62
69
68
20
51
45
49
47
45
74
54
39
40
26
51
46
13
75
48
57
83
44
47
43
35
55
32
49
64
42
63
66
40
27
67
31
74
70
49
63
39
47
49
45
37
59
69
71
42
35
41
51
52
39
30
64
26
55
61
52
36
36
62
49
44
47
18
59
69
43
46
37
46
21
47
72
43
53
60
73
35
50
59
26
43
6
65
67
58
38
79
68
58
72
47
56
61
53
54
51
46
43
50
39
50
58
44
41
43
28
66
51
43
55
71
34
80
46
53
51
21
62
48
51
58
41
72
41
48
41
70
44
42
37
54
42
55
66
53
22
62
46
32
49
43
54
48
32
68
32
31
18
41
54
38
24
29
22
66
55
55
47
48
34
39
35
61
54
45
46
31
45
30
59
52
36
76
62
15
64
19
60
55
50
43
56
53
39
35
47
60
46
72
55
66
61
68
49
47
57
32
35
28
68
40
59
35
38
45
58
43
65
55
52
41
36
55
38
41
49
66
54
74
60
46
54
55
54
72
65
53
78
55
50
39
49
37
44
49
46
54
46
36
48
77
69
52
81
33
20
42
21
68
53
71
44
47
37
50
41
50
42
40
75
25
38
54
50
52
46
52
53
56
45
43
66
42
28
69
59
34
62
35
49
44
47
46
77
60
39
48
43
53
66
72
90
59
37
42
64
32
60
63
61
37
83
74
59
49
47
29
45
55
77
41
47
69
51
37
52
64
59
60
64
49
52
36
36
48
27
31
59
47
53
51
49
30
55
54
69
70
24
57
51
44
46
46
61
83
85
44
69
43
61
57
42
53
73
21
43
40
51
54
5
18
30
47
86
21
57
68
66
19
59
69
56
47
48
48
60
42
60
48
40
63
60
60
55
38
43
37
48
30
42
46
47
52
61
61
56
67
44
74
77
66
50
83
76
67
62
55
54
33
60
49
71
108
48
65
47
54
49
78
67
93
44
67
45
44
79
44
53
66
61
43
27
46
53
60
60
44
50
65
61
57
56
58
40
44
41
57
26
64
52
57
56
72
76
51
61
41
4
107
39
55
65
56
43
48
62
43
50
76
60
45
47
23
50
52
59
40
43
70
33
59
58
49
55
62
63
53
49
57
54
73
34
36
42
45
47
70
60
47
86
28
37
45
53
67
71
37
57
53
61
64
45
49
77
49
49
59
41
52
76
36
55
54
59
67
43
31
34
54
76
44
32
51
50
44
68
27
36
25
60
63
65
57
61
52
71
65
55
63
73
44
68
56
46
60
57
104
65
49
55
61
59
53
60
65
40
71
49
37
51
35
49
88
67
55
49
66
47
75
58
78
43
61
68
67
27
72
40
55
55
72
74
47
42
29
65
30
56
68
46
43
27
55
56
69
64
77
65
68
81
73
71
47
56
44
57
38
54
54
76
50
85
98
30
74
65
40
71
51
42
72
24
56
94
49
79
66
30
72
64
45
26
40
47
53
47
64
68
71
60
113
38
36
55
53
58
37
79
27
53
67
76
68
31
30
77
64
53
71
66
82
44
80
48
51
56
71
73
69
27
74
60
65
84
58
44
60
76
57
14
40
45
52
64
26
58
57
41
28
54
45
40
64
41
70
61
61
50
43
46
51
28
38
65
68
44
60
73
70
21
56
66
71
67
40
59
46
57
61
33
50
59
45
77
48
40
61
47
42
64
48
51
51
64
53
80
36
62
55
34
52
69
69
17
64
49
54
36
46
51
63
61
70
36
43
57
58
87
73
60
71
62
36
40
35
66
44
57
61
46
64
57
51
59
63
63
47
51
59
52
50
41
57
66
73
41
73
62
62
40
64
40
49
15
61
46
42
59
42
65
59
50
47
73
77
70
64
69
70
28
80
45
64
68
45
49
55
38
44
55
54
66
66
69
71
61
85
72
71
73
24
68
50
56
51
49
48
77
36
49
79
52
76
36
73
52
52
76
66
48
52
56
58
85
65
78
45
51
60
66
82
63
36
60
99
60
70
67
74
74
64
86
67
38
46
73
52
64
76
53
72
64
75
75
28
54
75
39
45
51
69
49
48
59
59
63
68
57
47
56
65
53
37
69
67
73
41
50
74
48
61
56
39
43
43
61
57
80
34
70
73
64
42
47
46
43
53
46
47
65
54
62
66
71
57
54
51
57
72
37
66
51
55
49
30
42
54
72
59
77
50
59
70
49
63
47
66
38
53
56
53
48
47
50
53
67
86
51
69
49
76
69
77
57
48
37
27
56
67
71
66
85
65
52
45
67
40
34
53
51
55
73
58
56
58
71
50
54
30
37
72
89
37
56
74
49
50
44
47
58
64
50
39
52
78
64
57
70
46
55
66
53
46
43
61
47
54
36
60
65
46
74
57
50
56
59
74
64
44
69
66
36
45
34
26
50
56
84
47
67
69
47
50
23
86
66
55
38
26
38
36
59
63
59
72
67
70
50
59
37
48
54
63
60
66
62
85
66
62
41
61
51
93
64
59
55
73
68
53
53
44
65
68
77
33
49
38
54
44
56
11
43
38
37
53
54
72
48
87
61
66
60
66
73
62
94
42
67
65
32
93
55
66
72
48
50
53
60
67
67
32
69
57
75
22
53
52
62
31
71
71
55
43
38
75
70
83
51
50
59
61
54
63
55
50
63
65
66
39
71
78
46
41
66
25
50
42
68
33
54
55
49
51
53
41
54
34
71
34
36
27
41
66
55
80
75
66
54
73
60
21
51
49
69
44
45
61
33
52
65
66
87
43
88
39
56
54
48
29
55
70
61
53
47
54
68
75
30
43
52
42
44
92
64
58
74
51
69
64
41
48
60
49
51
58
56
68
55
67
76
74
50
67
47
66
57
95
51
29
65
55
37
48
51
53
66
66
59
44
29
69
68
63
53
63
63
80
52
54
74
89
78
82
64
64
75
32
56
68
62
65
67
55
80
75
33
51
59
76
69
63
54
33
40
49
47
50
71
61
41
54
57
64
74
43
59
59
43
60
52
58
54
77
62
32
57
41
40
80
47
59
34
35
72
47
34
39
59
58
68
68
54
34
69
75
45
60
71
21
49
51
31
35
62
81
46
35
31
63
37
66
52
76
52
55
44
35
38
46
69
41
36
62
80
31
73
34
60
37
40
56
80
57
50
58
50
60
53
67
52
55
55
64
50
50
71
57
59
69
80
41
49
43
41
58
49
61
38
67
54
63
53
56
75
19
39
77
59
68
52
58
50
53
57
52
91
57
79
78
80
54
57
74
66
49
67
72
49
47
78
28
70
76
57
57
36
42
53
60
72
83
64
57
37
47
60
49
29
70
56
59
68
84
64
48
42
15
52
39
45
46
50
44
47
37
59
70
62
30
64
10
58
37
37
39
76
58
66
64
42
63
55
56
41
41
44
22
46
70
92
72
53
71
52
74
74
48
67
44
62
51
71
57
68
34
61
48
54
58
66
51
60
62
76
36
67
44
67
59
43
68
55
69
67
64
66
36
72
47
45
56
62
63
32
59
65
54
73
63
77
42
76
54
66
50
59
57
53
51
58
49
52
65
50
55
51
116
51
60
36
72
57
42
58
73
66
66
55
63
44
73
83
79
65
65
61
57
69
83
54
43
81
33
47
81
50
86
41
34
78
63
83
41
50
49
56
60
45
49
86
52
69
72
41
23
88
57
81
47
46
55
56
51
60
47
81
88
69
45
56
46
104
70
72
71
26
38
29
64
75
45
56
55
32
48
59
65
57
67
46
44
54
59
63
87
49
51
19
33
61
63
78
66
65
64
47
28
70
59
45
84
65
32
59
44
58
48
46
74
45
59
45
63
64
81
45
41
46
71
56
70
74
66
59
66
64
38
70
65
57
