109
606
1000
705
142
1000
51
374
145
202
125
26
2
214
196
291
11
250
297
3
534
56
53
12
96
94
160
69
162
23
59
271
277
115
157
213
141
21
3
83
507
14
170
138
46
121
147
87
109
148
4
279
199
9
9
224
4
27
24
142
77
40
8
187
79
3
31
81
113
113
4
14
31
126
65
46
5
12
17
25
19
117
4
66
8
53
147
67
2
260
68
44
19
7
120
85
102
62
13
115
14
56
49
176
36
107
66
26
18
108
118
66
77
75
62
23
140
19
26
54
49
26
102
60
8
19
51
48
33
60
110
12
12
30
31
5
8
49
2
40
48
34
67
68
40
16
21
5
64
36
65
84
21
20
50
115
4
2
60
48
74
29
46
1
13
49
34
39
28
7
42
66
49
55
22
26
45
49
30
18
19
21
35
59
38
56
19
63
16
62
7
28
10
15
34
29
72
69
120
21
47
66
15
49
38
50
91
15
52
25
73
23
19
69
3
20
148
43
21
24
18
21
6
35
33
24
11
52
23
9
30
36
16
16
31
9
69
8
30
40
49
78
3
19
7
20
46
17
26
10
29
40
28
29
12
12
3
2
19
2
1
25
5
19
4
25
27
7
24
46
27
23
25
48
15
13
9
25
12
5
12
12
21
38
20
36
22
5
62
2
67
28
61
14
9
1
5
15
39
31
10
52
51
16
9
17
1
33
39
24
25
29
34
14
20
52
6
12
16
10
9
13
15
12
25
21
75
20
3
2
28
2
18
11
27
26
23
56
39
9
22
15
15
6
19
26
21
23
55
22
17
2
14
2
41
9
5
19
57
37
21
37
12
13
44
25
5
41
6
11
6
24
39
21
31
36
28
26
13
27
8
37
4
20
14
26
26
20
50
20
6
66
32
58
28
2
11
24
21
42
4
2
15
10
17
12
2
5
16
4
19
12
7
29
32
19
24
15
47
11
4
14
19
19
3
7
5
62
14
14
24
8
8
10
13
27
6
24
26
20
6
15
3
26
13
33
18
26
6
4
9
19
7
15
21
26
61
3
11
28
12
8
40
7
19
12
27
10
14
3
19
7
44
51
35
2
33
12
55
3
3
10
20
47
5
15
18
7
38
21
6
17
18
52
1
32
2
2
6
25
5
40
14
18
13
24
9
39
19
4
2
8
25
6
21
11
5
2
15
10
17
19
9
21
11
23
26
39
19
19
51
4
22
13
15
25
43
38
7
30
26
2
35
37
15
12
42
3
2
3
2
9
21
3
35
39
30
31
20
6
42
9
11
26
10
21
8
10
43
4
5
5
16
5
22
21
13
6
22
31
29
17
45
6
18
17
25
46
20
8
22
4
18
40
21
13
3
27
14
8
1
16
5
16
20
55
16
19
14
15
7
13
42
4
31
31
23
25
3
31
13
14
17
13
54
28
40
7
17
26
14
7
25
26
9
5
31
7
52
3
35
3
11
5
2
7
7
22
3
2
12
11
24
16
11
23
6
34
25
33
9
11
17
18
20
10
51
26
12
27
30
6
19
15
19
15
2
54
4
10
15
27
29
10
11
8
36
26
20
25
12
41
7
1
27
4
9
19
3
8
18
27
4
29
23
3
17
19
16
40
8
8
18
15
24
13
39
13
27
39
2
20
43
22
15
21
42
56
15
25
1
10
13
8
10
20
16
5
9
21
2
15
18
6
27
5
12
13
30
14
19
10
19
15
27
14
9
12
27
4
24
5
47
17
2
19
7
5
8
21
25
30
24
25
13
14
10
17
25
6
28
5
4
13
19
17
2
35
36
1
21
27
11
3
30
21
4
5
3
37
13
18
41
18
13
5
19
12
21
15
13
9
15
11
33
9
19
6
32
13
6
5
19
14
8
8
18
7
11
24
28
26
6
1
18
7
45
15
29
4
7
21
36
7
4
14
2
17
76
17
24
22
6
23
11
14
31
31
29
33
11
13
22
32
11
13
17
9
11
20
14
16
42
37
4
19
12
5
19
5
18
25
21
11
18
8
11
11
21
27
19
19
4
46
16
5
10
24
9
40
15
12
36
16
34
19
15
21
12
11
27
13
6
20
27
22
17
22
24
30
24
16
13
53
5
16
36
8
22
5
40
3
10
25
29
13
48
6
6
13
35
21
11
3
17
16
8
19
14
12
15
24
2
8
41
11
23
13
4
6
5
25
5
28
8
21
25
12
49
6
18
12
14
9
6
1
10
13
5
8
50
24
27
11
36
2
14
31
10
9
20
3
22
31
21
3
19
10
22
13
17
21
17
5
24
25
20
8
15
20
4
12
16
12
8
13
32
21
1
8
30
39
9
13
16
3
7
5
24
20
33
28
27
22
38
17
3
13
38
11
4
13
4
26
10
15
20
11
35
13
19
5
24
23
8
16
17
7
13
27
5
4
21
32
33
15
27
1
19
12
2
24
26
20
7
16
14
8
11
6
23
2
11
14
5
21
25
10
8
8
30
19
14
10
7
12
7
20
35
5
36
6
10
22
11
12
2
13
18
25
14
20
7
17
5
12
7
13
4
15
8
22
8
10
18
17
22
13
15
23
11
12
29
20
29
16
8
25
20
10
19
6
15
19
7
24
8
21
20
20
16
19
16
12
7
11
27
6
9
20
25
20
18
18
21
36
23
10
7
25
9
11
12
17
16
8
5
36
34
21
5
21
15
3
14
6
5
19
27
18
8
25
31
8
30
12
35
4
20
12
8
28
54
13
13
4
1
23
24
2
31
17
10
31
3
8
4
18
9
10
24
11
25
17
4
13
14
11
14
6
19
9
20
8
4
16
11
42
13
22
24
9
13
16
23
11
14
47
12
21
12
12
14
17
5
21
13
31
23
2
20
22
11
15
12
13
38
15
20
33
16
12
37
26
6
16
20
19
4
1
12
5
3
23
6
16
12
5
16
5
1
3
22
20
6
4
15
23
22
4
4
30
19
4
5
6
26
11
11
22
27
16
24
30
19
38
20
16
10
24
33
5
3
25
7
30
29
11
8
17
16
3
13
2
31
23
7
15
7
19
5
4
7
8
16
42
5
7
4
29
23
14
6
8
29
5
15
2
12
19
10
31
17
2
15
21
7
15
17
4
4
13
7
3
26
2
18
21
23
12
9
27
10
10
16
10
2
26
21
13
15
15
14
28
5
4
18
25
19
3
15
9
3
3
7
19
23
30
19
24
69
15
7
18
3
23
16
13
24
23
11
1
11
6
16
28
16
14
9
20
3
13
17
6
2
7
8
12
15
23
4
18
14
18
36
19
15
34
2
12
23
14
12
1
8
10
32
18
25
16
14
4
13
16
2
2
4
12
5
7
11
19
23
11
14
16
6
12
8
20
14
4
15
24
4
4
23
21
4
24
14
9
6
11
25
4
11
28
23
11
18
25
4
9
2
24
14
3
3
8
13
4
6
43
2
9
18
21
2
4
19
1
13
21
23
2
9
16
28
27
26
18
21
13
14
11
15
8
22
16
25
6
11
5
6
12
4
25
24
6
11
4
12
27
2
23
10
23
17
2
7
24
26
28
12
4
3
6
24
7
4
7
19
16
36
6
32
5
18
2
4
13
14
7
6
26
7
15
14
21
3
4
43
8
16
12
7
14
13
16
31
14
8
11
9
17
24
18
6
18
9
5
8
14
15
21
30
21
10
10
18
19
13
5
8
11
5
6
25
4
2
11
11
17
12
25
6
14
22
18
15
6
5
22
5
19
18
18
10
3
33
22
21
3
21
30
17
3
3
12
10
12
23
22
4
4
19
20
6
2
47
26
3
23
2
21
4
5
13
12
20
7
18
16
12
17
17
26
42
26
23
26
16
14
13
7
30
11
12
9
22
24
3
12
15
12
10
4
17
14
20
11
26
14
22
27
6
8
8
25
22
19
15
7
16
30
13
14
21
12
12
9
16
10
30
2
4
22
24
17
11
2
18
6
16
19
15
22
8
11
1
17
8
5
17
17
3
18
18
14
13
9
18
3
33
5
15
8
13
14
23
8
1
16
7
16
20
7
12
25
26
10
4
12
9
9
4
27
13
16
33
17
8
5
2
13
18
14
22
4
21
16
4
2
13
5
13
44
23
7
14
12
24
10
18
11
17
5
30
18
29
22
10
5
2
8
17
7
2
29
12
18
13
5
11
7
16
16
8
13
3
12
23
11
9
11
10
4
9
4
11
4
12
11
38
22
4
13
22
9
5
3
24
9
9
13
4
18
3
3
27
6
4
12
7
4
43
22
3
12
13
5
18
3
16
21
18
21
7
29
14
21
20
8
21
18
8
27
6
17
9
4
13
20
12
1
12
6
14
9
10
23
8
7
14
5
14
6
16
11
18
10
6
5
26
2
13
22
28
27
27
20
7
16
12
13
4
14
8
13
6
6
1
5
12
5
23
7
19
12
31
22
16
5
4
9
7
9
28
5
8
18
10
29
25
25
10
12
22
18
8
13
20
40
23
6
16
3
5
26
8
9
6
8
27
17
30
9
11
13
10
12
14
12
18
3
20
37
4
9
1
11
19
5
1
5
17
6
6
10
11
19
34
9
17
13
15
12
17
13
12
12
8
10
6
12
10
10
23
7
20
7
8
36
15
12
23
16
11
14
7
20
10
29
11
3
10
6
45
9
9
11
4
10
24
6
2
8
11
30
18
16
3
18
4
5
7
3
7
17
13
5
3
28
24
12
22
5
20
32
15
4
5
18
39
23
28
3
12
5
4
17
16
5
2
13
14
21
9
5
21
8
15
21
12
16
13
15
5
15
24
24
10
13
20
15
7
5
18
4
12
33
3
14
33
11
7
20
16
23
5
21
24
20
9
16
13
26
19
16
13
13
15
18
10
3
22
9
2
5
11
11
27
14
4
2
4
14
20
14
15
16
2
14
16
20
20
17
27
2
9
14
17
8
6
10
3
17
2
10
6
22
5
9
4
33
27
25
5
5
9
1
14
31
12
24
17
5
8
5
15
13
13
18
16
21
7
6
20
15
11
23
20
16
18
25
43
4
11
22
26
5
9
3
14
7
13
21
31
39
24
7
28
22
19
20
12
16
23
10
2
10
10
8
5
7
31
1
9
6
10
8
2
5
15
10
12
10
14
25
17
4
23
28
3
23
14
15
15
6
19
15
16
22
13
29
4
8
27
23
12
14
28
27
18
6
13
1
7
35
12
21
7
3
9
20
18
7
25
15
21
41
17
5
15
14
11
5
2
15
7
25
10
3
10
13
7
19
16
10
12
13
9
3
16
14
12
8
3
3
30
22
14
16
14
12
8
10
32
11
25
5
19
18
6
5
18
4
17
22
11
25
14
4
10
15
2
25
15
14
11
9
6
4
12
21
14
12
8
4
3
14
8
22
10
8
14
13
18
28
20
8
13
13
41
13
19
9
10
13
13
3
4
6
3
12
8
16
7
8
18
10
3
15
18
8
8
3
20
12
21
18
8
2
13
11
2
36
18
5
11
11
22
20
6
14
12
4
25
5
12
16
10
16
14
8
13
10
12
21
4
15
26
13
13
11
12
22
26
2
11
1
1
10
1
31
12
25
12
31
9
5
19
6
4
2
14
13
22
5
6
5
23
19
21
16
12
7
7
9
12
11
16
4
11
18
9
2
8
9
24
13
10
1
18
18
24
13
33
21
18
3
13
22
12
8
18
6
8
14
16
3
6
5
11
3
27
3
3
15
5
19
10
5
33
25
6
11
14
5
7
26
2
1
29
14
6
22
11
4
7
13
8
12
4
2
21
14
6
5
18
7
4
18
3
12
8
17
26
27
19
16
2
19
2
25
5
17
15
10
8
13
8
5
8
13
18
13
4
14
28
31
22
20
20
15
10
21
26
7
20
15
10
18
3
27
27
11
18
35
22
1
15
12
27
9
4
6
20
8
33
17
10
19
6
3
14
6
14
14
12
9
21
23
19
14
3
11
12
22
26
3
28
16
18
17
4
11
16
9
10
10
6
29
3
5
14
14
21
4
18
11
19
11
17
30
8
13
17
15
3
20
24
23
5
6
2
24
24
11
21
5
14
31
10
9
8
17
25
3
8
16
7
3
3
9
7
14
4
20
10
7
5
21
21
29
46
9
27
23
11
9
14
27
14
29
3
4
24
24
17
11
8
27
13
13
7
37
17
22
25
22
20
12
6
38
4
9
40
20
9
16
3
7
10
11
1
13
18
8
50
22
11
4
23
4
15
7
19
2
26
32
4
9
21
17
11
15
28
31
9
6
17
6
25
36
15
12
23
12
15
30
18
11
24
20
11
23
9
9
9
19
35
28
10
43
11
28
17
20
9
10
25
19
4
5
19
14
1
23
11
4
8
23
41
17
3
4
10
35
16
6
29
23
31
14
5
35
10
4
26
8
9
7
7
22
10
33
13
17
10
35
27
6
15
15
19
9
38
29
4
15
6
20
6
20
25
9
16
5
3
13
3
35
1
14
19
7
25
25
4
31
10
5
11
22
10
8
4
6
19
22
1
5
10
24
5
4
9
21
27
22
26
3
15
12
26
8
20
1
14
3
21
8
27
25
33
22
23
15
12
15
5
14
3
12
14
16
14
10
19
6
2
22
15
24
14
4
5
3
7
39
3
20
11
9
9
22
13
15
23
17
15
31
13
15
21
25
26
13
20
12
9
14
10
38
6
2
4
13
1
11
18
9
5
8
11
23
14
14
20
10
13
6
13
26
22
25
8
15
1
8
21
13
31
6
13
12
7
19
14
12
12
19
42
23
5
19
6
17
7
5
9
4
6
3
11
6
4
29
17
6
36
15
17
8
20
1
5
20
10
42
14
26
19
13
4
20
24
2
26
6
13
20
4
17
13
16
15
21
20
13
22
2
10
7
45
22
6
9
11
15
9
18
12
9
11
20
2
13
25
20
16
3
16
9
13
5
25
4
29
2
4
18
7
4
12
23
16
24
12
3
22
8
12
27
8
20
9
37
12
18
19
10
4
7
15
21
4
8
6
16
5
18
29
9
27
10
11
16
9
13
14
16
11
18
12
6
10
22
10
1
20
16
23
3
2
13
4
12
21
4
9
8
17
9
14
11
17
18
6
10
27
10
11
19
27
18
18
9
12
30
12
34
14
5
7
2
25
15
3
10
12
6
21
17
11
40
15
2
6
11
21
3
5
3
15
14
5
7
29
23
27
24
8
34
9
15
9
29
3
15
8
2
4
7
17
6
29
3
1
33
13
3
3
10
24
14
23
5
18
11
23
26
19
5
21
20
18
3
23
20
15
10
11
5
9
15
5
48
5
15
4
13
13
8
41
19
22
3
9
1
15
15
5
16
31
28
26
12
16
15
22
2
25
4
10
15
2
15
24
9
14
5
19
8
17
5
16
8
10
18
23
11
2
12
24
39
15
4
6
10
23
8
3
21
10
3
36
7
1
8
7
11
36
23
13
14
16
3
30
3
15
8
7
3
15
28
18
10
18
9
33
18
19
20
16
16
3
21
7
9
22
9
12
17
6
13
2
20
17
8
9
7
12
16
6
7
8
25
17
23
11
13
69
33
16
26
13
4
28
6
7
12
12
8
20
19
3
14
16
26
10
8
19
1
14
5
7
9
4
11
16
6
22
8
6
17
39
3
9
13
23
22
15
5
8
1
9
23
3
10
1
22
24
26
1
24
14
22
14
22
14
25
3
9
1
35
8
22
18
22
5
15
8
34
4
20
22
12
17
22
4
14
11
12
6
19
11
6
17
10
3
12
5
3
17
25
16
5
14
7
22
39
23
2
13
23
8
37
14
23
13
20
19
18
26
11
18
15
28
20
4
21
11
7
21
29
33
19
7
3
4
9
41
7
29
7
43
16
33
16
20
1
3
36
14
9
3
19
24
11
19
4
3
18
15
19
5
6
34
14
16
22
26
15
14
9
6
9
16
3
18
20
9
10
15
16
4
18
26
10
18
25
19
19
22
4
13
20
9
14
3
11
22
4
14
11
4
12
8
12
22
20
8
5
21
21
29
6
6
6
6
26
16
10
24
24
20
7
10
21
23
24
2
37
25
15
35
12
9
16
13
6
8
4
7
21
5
10
19
20
19
15
6
6
9
18
39
3
22
8
16
15
21
17
32
24
14
3
4
21
5
5
12
34
15
5
13
4
22
11
11
16
10
11
8
19
16
11
10
3
23
12
3
36
36
5
22
5
11
2
37
13
23
11
13
14
1
15
21
9
8
5
13
5
12
4
29
26
11
12
10
10
4
4
24
4
31
3
2
4
1
7
13
8
16
14
16
5
15
27
19
8
18
43
17
19
18
1
29
8
9
17
10
6
16
22
15
9
13
10
5
21
14
6
5
10
21
10
22
11
25
21
4
22
19
5
3
18
6
4
18
12
6
12
18
10
12
5
15
26
13
8
1
4
21
16
8
29
12
17
22
24
29
17
14
13
17
36
36
6
5
7
12
7
7
19
18
9
14
12
18
9
11
6
46
9
6
21
2
2
17
11
31
3
21
14
29
9
22
5
13
6
15
13
20
27
20
21
5
10
14
10
38
9
13
1
16
3
14
23
5
22
20
16
4
26
33
4
16
15
20
4
5
21
16
16
17
12
12
9
12
25
18
23
9
2
41
16
31
7
26
16
21
14
11
20
17
12
12
10
28
6
16
32
10
8
12
24
8
2
23
25
7
18
4
18
12
17
17
13
26
5
17
13
34
19
12
9
15
19
8
30
18
22
18
5
30
21
3
14
4
6
12
14
10
8
10
23
19
16
11
16
17
7
31
16
16
17
4
5
4
23
15
2
6
10
8
7
10
28
13
9
5
13
2
12
12
8
21
7
8
21
22
16
17
11
24
2
8
8
20
5
5
6
19
26
4
5
15
7
29
15
10
15
5
35
11
11
20
21
7
12
14
13
17
18
8
12
11
7
38
11
20
15
33
4
7
12
28
16
2
22
3
15
3
19
8
14
4
3
19
19
12
11
8
17
28
12
13
6
18
3
6
8
37
27
5
32
23
16
8
4
20
7
28
6
20
15
25
6
8
23
6
15
28
3
23
19
9
8
9
18
15
7
4
10
26
8
13
22
3
22
13
4
21
15
28
12
6
15
17
13
14
36
17
29
16
26
15
17
15
1
12
12
30
16
38
17
15
2
16
10
45
11
16
2
8
18
21
8
8
4
8
8
1
15
9
10
6
2
18
14
10
13
12
26
23
19
5
2
5
24
14
11
4
12
17
10
18
12
22
11
8
20
7
17
9
8
14
6
2
10
33
31
5
13
8
9
18
5
6
15
16
8
14
5
41
4
13
10
7
10
13
6
7
8
10
12
23
2
15
18
17
14
11
10
19
9
16
21
17
15
9
31
17
18
4
29
28
4
7
15
15
5
11
5
3
10
14
13
19
21
25
17
4
4
5
17
12
26
8
18
5
4
7
25
5
5
3
4
24
9
8
8
23
5
6
31
8
2
14
19
7
10
19
5
23
2
17
16
18
12
2
7
22
37
17
10
24
11
15
5
13
16
23
21
13
11
4
14
17
30
2
16
13
9
16
12
12
16
23
20
11
18
10
27
15
6
3
18
13
3
19
44
23
20
26
19
22
5
13
8
14
6
6
14
16
15
10
22
20
6
17
23
15
6
31
7
21
4
4
36
14
18
8
6
22
19
10
15
12
18
8
20
23
11
9
12
6
22
11
23
28
11
17
2
8
5
32
14
31
12
24
1
2
7
17
16
2
25
6
11
4
28
11
25
4
5
30
34
8
22
24
6
24
15
1
21
5
25
32
4
16
18
15
3
20
11
28
10
12
8
37
4
4
17
10
12
10
2
27
23
16
17
12
17
30
3
19
6
9
14
22
22
3
19
33
15
17
8
26
3
15
19
13
22
4
14
12
15
34
5
11
8
24
13
13
16
26
21
22
23
4
10
7
11
28
22
9
7
6
7
12
19
5
18
25
3
13
15
20
10
18
11
14
5
29
18
8
8
16
13
29
3
26
22
25
8
19
1
7
3
7
21
20
7
12
12
22
27
12
7
18
12
24
6
18
20
15
15
2
5
31
13
13
3
37
24
17
9
15
10
22
15
10
13
10
22
14
14
20
6
14
6
19
32
27
3
3
12
4
10
15
15
25
5
22
4
10
12
22
13
3
42
4
17
5
13
13
15
17
8
27
5
3
12
18
11
17
4
5
10
14
35
16
2
33
14
12
25
12
14
1
10
3
9
7
2
21
27
12
9
30
14
5
7
13
5
20
21
15
48
2
27
11
18
5
11
25
17
16
25
5
6
12
4
3
1
16
14
7
28
11
13
5
2
12
4
24
16
2
6
15
16
18
20
28
28
13
22
14
14
26
38
12
5
10
16
17
4
22
7
13
17
37
17
6
18
25
30
9
1
18
7
1
5
17
11
14
16
20
3
11
9
4
27
11
8
20
22
21
10
3
8
4
19
13
3
26
15
20
22
21
3
22
8
17
12
12
7
19
20
5
8
11
13
11
5
20
25
17
20
16
9
18
4
9
17
18
6
10
7
3
25
20
20
6
9
7
20
17
18
26
1
36
2
14
3
18
7
15
4
21
20
9
24
18
2
29
18
9
3
3
12
14
15
10
8
7
15
17
21
8
4
9
20
4
4
5
6
5
3
16
9
15
24
27
33
16
8
19
11
26
11
24
3
8
21
1
16
24
8
13
3
8
4
9
4
12
4
2
24
11
19
34
6
3
30
4
10
11
4
18
26
13
8
14
27
27
12
15
8
14
9
13
23
4
16
17
16
18
14
24
5
22
5
21
2
15
22
1
17
10
7
25
14
4
6
5
11
23
2
8
20
29
10
13
15
19
16
24
2
21
9
15
7
21
6
19
4
14
20
8
14
9
15
24
20
2
7
15
11
2
19
2
22
5
8
3
20
17
12
11
12
2
8
18
5
1
1
13
9
17
18
8
16
15
3
6
12
12
28
16
6
9
25
7
3
24
20
11
15
5
33
21
6
24
14
3
23
33
52
1
16
9
34
15
24
26
17
29
11
18
20
11
19
11
1
17
6
17
31
33
6
7
3
18
2
2
7
26
13
12
11
13
14
8
4
12
20
22
16
8
19
23
11
6
17
19
19
3
11
5
19
5
4
14
5
8
25
18
11
29
13
3
16
11
15
37
13
8
2
16
13
13
23
8
36
14
18
11
3
15
10
16
5
12
4
8
20
18
17
26
4
20
44
3
16
2
39
27
17
14
1
9
15
5
17
25
17
8
31
12
9
18
5
20
20
10
3
22
17
13
10
11
19
9
41
11
3
12
3
16
11
10
10
18
7
28
2
26
26
2
27
8
26
24
16
17
21
18
39
3
24
20
7
9
11
29
17
13
11
16
11
38
17
17
16
39
18
6
16
15
20
19
29
25
25
16
3
34
15
13
18
2
10
4
9
15
7
30
10
9
8
20
8
18
19
11
3
18
6
9
21
2
45
18
10
30
14
4
8
51
43
33
4
15
18
25
9
10
1
8
6
24
17
1
31
5
10
6
3
13
17
14
19
11
4
13
14
26
14
2
31
5
3
23
42
26
19
25
14
5
11
10
26
1
16
22
2
8
4
26
23
28
19
22
20
4
16
17
12
8
4
13
6
21
10
19
3
2
10
29
23
31
19
13
12
28
10
8
25
26
11
7
1
33
16
26
13
10
8
6
6
14
32
20
12
18
33
19
2
14
18
12
26
28
20
12
6
30
17
17
27
7
17
17
9
32
26
8
29
44
10
23
14
4
15
5
8
36
17
5
40
9
36
12
10
5
9
32
25
16
17
3
9
19
2
19
2
16
36
10
27
23
22
29
10
2
10
7
15
12
30
12
23
9
5
23
26
14
1
8
17
21
6
2
5
10
19
3
2
20
19
6
13
19
6
27
12
13
4
6
3
13
3
8
8
5
8
6
19
8
3
2
23
13
16
23
6
9
14
2
43
4
27
6
4
36
12
30
14
11
5
9
21
41
21
19
14
6
24
21
20
7
26
12
31
15
37
35
22
18
23
15
7
28
18
9
9
20
5
13
14
1
6
13
3
8
11
11
35
13
18
4
2
30
12
17
31
26
18
23
15
14
12
13
32
19
18
32
17
13
3
12
30
7
23
21
15
3
17
4
9
4
6
19
4
17
7
8
9
9
13
23
22
9
13
6
7
3
17
26
23
16
25
11
7
18
24
14
5
28
10
5
21
6
12
13
27
18
10
16
7
27
26
22
9
34
12
3
10
11
20
30
25
20
15
11
3
3
23
2
10
7
13
2
5
13
1
18
22
2
6
21
9
29
16
10
5
27
8
7
19
7
23
17
31
2
20
10
13
26
6
12
16
3
22
20
15
16
19
21
12
3
9
17
10
16
22
13
9
6
6
10
12
12
1
7
16
17
4
11
15
12
16
14
4
21
25
17
3
25
10
25
18
21
13
22
7
19
8
14
6
36
7
15
3
7
19
25
9
37
15
7
18
17
30
10
31
24
6
12
3
3
16
16
10
19
22
7
21
6
17
20
3
6
18
11
3
24
14
20
4
3
10
17
7
17
4
18
10
11
12
30
18
20
17
18
7
8
15
11
13
4
6
12
13
6
10
20
27
5
3
11
3
17
17
9
15
18
3
19
12
2
6
17
8
29
15
22
43
29
13
8
18
13
3
7
10
30
15
6
7
18
7
24
7
10
18
21
26
19
16
2
17
5
8
15
3
3
22
26
25
11
6
16
13
9
5
16
21
17
13
13
1
8
16
6
16
6
2
12
19
13
10
22
15
11
15
3
6
12
11
7
6
11
13
18
21
9
6
2
5
30
