159
73
431
118
12
803
499
148
95
372
16
141
236
112
9
36
225
247
71
388
156
155
160
253
70
357
91
338
4
7
52
336
68
200
244
44
126
92
57
141
4
268
71
116
36
192
298
108
41
52
52
26
318
102
3
60
147
57
237
12
26
311
65
79
89
70
82
122
6
82
67
46
95
16
91
62
27
90
54
61
41
88
5
8
97
79
107
60
58
32
49
43
27
58
17
6
115
73
21
38
14
20
136
220
117
61
6
12
21
39
51
22
41
35
39
10
9
22
39
26
69
28
16
21
42
10
44
35
13
4
43
18
65
36
47
30
5
71
12
20
4
14
6
66
36
15
7
40
38
24
65
19
50
35
48
59
8
23
36
47
43
6
58
26
67
23
20
17
22
39
22
27
56
6
85
80
31
15
16
5
72
39
14
93
3
16
4
31
20
10
25
19
74
52
36
26
12
31
28
60
28
32
63
11
18
24
31
17
2
42
22
14
31
32
10
12
8
36
34
40
27
11
2
42
23
4
27
26
17
38
38
70
66
37
12
16
36
12
40
9
4
8
5
28
18
6
58
44
134
35
4
30
42
47
24
40
9
36
21
13
42
3
21
6
36
2
56
9
40
25
16
28
53
38
16
23
2
75
20
8
14
21
14
15
32
115
47
26
35
14
15
8
31
3
14
21
8
21
7
45
44
5
11
49
4
24
44
4
13
1
51
60
23
43
38
45
18
12
58
9
50
32
2
8
23
21
20
15
57
9
5
22
28
7
14
7
10
30
24
10
4
8
10
2
2
16
11
3
25
11
26
8
4
44
48
21
11
41
23
23
43
22
22
4
13
11
17
7
37
28
19
13
16
4
17
58
20
19
24
3
6
8
31
9
10
38
21
30
43
2
69
2
37
42
8
15
5
36
26
1
7
28
12
3
4
18
30
22
8
20
5
17
36
14
15
36
31
44
26
24
33
60
51
26
11
56
8
32
13
24
50
4
21
9
30
5
10
37
7
34
43
20
2
17
34
28
22
16
12
23
17
23
20
20
37
14
36
9
24
23
7
28
35
32
27
18
31
54
25
34
4
6
4
5
6
43
16
15
17
13
14
15
18
33
14
5
35
23
25
5
22
8
9
9
36
46
40
41
24
17
46
26
33
13
18
33
11
10
15
36
14
26
23
5
30
18
18
21
11
4
38
20
13
43
2
67
13
4
36
8
8
14
1
10
11
15
34
17
4
20
31
7
8
6
23
40
30
18
24
20
27
8
11
31
39
35
27
18
2
40
33
9
14
19
23
10
12
8
16
6
42
29
11
69
11
21
13
45
17
20
15
25
43
13
8
15
15
34
11
3
9
17
20
11
24
8
5
4
11
22
7
36
25
38
10
5
5
7
6
3
10
3
4
15
14
15
10
17
3
32
3
12
9
16
12
7
2
9
7
56
43
36
4
15
18
39
8
33
6
33
4
3
19
15
27
39
15
15
17
23
3
1
17
12
21
6
22
24
22
18
18
10
26
12
15
61
13
14
15
8
42
11
12
29
12
27
46
15
13
25
23
17
33
40
20
22
33
11
19
15
37
7
7
21
27
36
18
23
9
32
12
23
4
7
1
12
5
23
9
29
26
2
17
9
7
7
13
22
12
11
6
37
4
26
10
36
2
31
20
22
17
13
17
29
10
21
12
18
7
21
11
11
28
9
6
22
28
5
27
21
9
11
8
12
8
21
19
5
14
42
28
17
16
6
36
26
25
3
22
30
20
35
8
8
9
10
44
18
8
9
4
12
8
17
19
29
11
12
5
45
25
4
12
16
13
24
15
9
20
33
27
19
18
30
15
16
13
17
27
3
8
3
12
24
4
16
2
19
8
13
24
13
5
19
10
42
15
20
14
40
30
22
22
21
16
36
4
5
19
14
29
9
4
18
18
2
40
16
31
35
18
6
9
3
20
16
20
5
17
18
12
13
31
27
22
6
16
2
29
19
10
27
32
33
7
14
20
9
19
7
4
17
25
15
9
21
13
32
14
2
36
3
11
12
31
11
7
3
25
9
6
2
18
16
35
25
25
6
7
31
16
6
5
13
1
6
21
9
13
20
2
7
9
26
3
12
20
18
10
6
15
14
19
5
24
19
15
17
6
12
17
9
6
13
6
5
19
13
21
19
10
18
19
40
6
4
22
5
14
18
2
14
20
14
24
9
34
4
5
3
10
2
32
38
9
2
29
16
40
9
7
19
2
9
30
4
33
22
21
31
14
12
21
19
23
15
11
3
8
9
5
8
1
9
1
1
6
13
13
6
24
17
16
11
19
12
5
38
23
10
18
33
13
17
3
29
19
6
14
3
7
25
11
11
11
19
11
15
25
20
20
14
19
4
1
13
13
10
14
21
10
7
14
20
16
4
16
26
16
16
14
6
22
7
8
11
6
4
29
7
3
9
11
35
14
16
38
26
5
18
13
14
8
16
14
5
27
3
15
10
26
25
4
23
18
8
20
10
10
44
4
15
12
14
18
3
24
8
32
19
26
9
5
5
24
13
28
12
29
19
18
13
45
30
4
20
15
10
19
16
4
32
10
28
38
13
29
14
3
18
9
35
7
21
3
25
30
3
3
11
10
31
12
13
15
2
27
16
7
22
30
31
6
6
23
11
5
14
26
7
34
7
8
24
15
7
10
32
23
17
2
7
27
8
12
21
12
7
4
9
39
17
15
10
28
21
14
16
1
8
15
13
3
26
16
7
24
10
42
6
24
4
8
11
3
11
22
20
18
11
17
8
31
10
4
3
34
33
14
7
1
3
5
20
14
15
26
17
15
17
5
3
12
17
5
24
21
8
10
8
32
10
18
20
19
3
4
7
15
18
14
6
31
17
7
15
13
9
2
5
21
15
14
12
8
10
11
3
5
11
12
7
13
3
8
23
13
3
8
9
21
5
12
25
18
38
1
19
13
4
9
15
8
37
18
9
3
11
31
12
7
25
14
8
21
23
16
14
36
10
9
14
14
15
24
21
21
18
19
17
6
38
11
9
13
11
1
3
12
14
15
17
29
20
27
25
2
16
30
19
16
45
13
18
17
13
4
13
15
2
2
27
10
12
25
19
27
8
44
9
10
19
4
22
15
22
7
4
17
12
16
18
16
7
24
15
15
3
32
6
10
20
27
6
2
21
32
2
19
2
13
28
11
26
12
19
17
17
14
12
5
30
13
28
12
19
14
18
7
11
6
17
23
8
17
10
32
40
13
11
13
15
13
15
13
30
23
18
18
3
11
31
13
6
4
17
21
22
24
11
13
9
9
12
6
5
16
7
6
20
22
5
4
22
2
6
21
19
14
9
16
5
14
17
20
23
25
8
13
18
29
25
28
10
16
11
11
24
23
11
3
25
2
9
24
24
27
12
9
2
25
23
10
2
6
15
15
8
11
1
24
13
25
20
17
5
7
13
20
17
5
14
6
10
13
27
11
13
17
10
49
15
22
16
14
18
4
13
12
27
2
16
23
21
22
16
15
20
9
12
24
14
22
12
23
23
24
27
43
29
12
3
5
32
19
4
6
24
20
30
10
5
10
28
6
18
28
24
15
7
8
30
6
16
18
7
9
16
6
18
2
7
20
28
19
4
36
19
3
7
19
19
24
22
13
6
7
15
13
15
7
13
15
8
5
19
12
32
14
19
3
16
5
6
44
9
15
2
2
5
10
13
9
20
10
21
25
24
6
15
20
17
14
26
4
4
38
12
1
29
5
5
14
29
30
20
16
5
4
24
9
2
2
5
16
4
10
28
12
20
9
58
9
15
21
4
17
18
22
23
28
13
20
18
33
3
17
10
15
6
4
16
1
22
13
1
8
24
19
22
28
18
19
23
19
9
31
28
4
14
2
19
14
45
25
9
7
7
13
7
27
7
8
9
20
32
22
7
3
22
7
9
12
6
11
16
12
6
23
13
15
25
36
34
7
18
9
13
21
17
26
22
6
2
17
5
14
26
46
7
5
16
32
13
4
3
17
41
17
20
20
13
5
9
11
7
31
6
5
11
12
16
19
35
32
15
37
4
6
1
10
7
4
27
6
8
8
11
17
11
9
24
17
25
14
20
18
20
9
10
11
8
6
1
48
14
13
3
17
29
50
23
6
5
5
40
16
11
5
17
5
5
19
5
18
11
6
3
15
31
6
31
7
16
15
20
16
28
15
30
4
18
15
18
26
19
16
15
21
11
31
15
21
28
6
6
10
29
5
21
6
19
8
9
11
25
14
8
10
11
14
9
10
13
9
9
10
28
35
37
19
11
21
8
2
2
12
7
12
9
20
22
2
6
12
13
9
23
12
25
17
18
2
21
15
27
9
19
24
37
1
27
2
22
22
12
16
36
2
12
10
24
6
6
6
10
15
28
24
8
5
2
18
19
29
31
24
14
19
25
9
16
16
12
13
8
11
28
11
15
8
35
17
22
22
6
11
13
2
9
25
12
2
16
26
14
9
17
15
22
9
11
20
25
12
11
7
14
10
11
9
26
24
23
14
4
14
22
9
11
5
5
16
14
28
1
13
5
16
14
4
11
22
4
17
10
18
10
13
14
3
4
20
15
3
11
7
5
9
33
9
18
9
22
23
26
4
6
17
9
27
19
6
12
6
18
6
18
3
16
15
25
20
5
22
11
12
18
2
14
24
8
5
16
22
5
1
16
6
18
12
18
6
12
16
18
12
30
22
4
14
7
4
21
7
15
23
9
4
16
21
11
26
5
12
3
5
4
9
6
16
6
8
13
20
14
19
14
25
21
1
4
14
15
15
17
8
19
27
1
42
1
12
13
4
8
22
15
9
27
6
24
16
7
7
20
7
10
12
12
4
11
30
25
20
20
24
20
23
27
18
10
6
18
12
17
12
15
24
11
16
24
19
12
7
5
13
20
6
16
20
12
14
45
11
17
5
5
10
30
5
7
12
12
2
24
3
12
19
2
15
11
7
4
14
20
8
3
16
8
11
31
18
14
16
16
31
16
5
3
18
20
22
24
5
20
21
12
24
12
2
39
19
19
15
3
18
19
8
15
7
6
26
2
10
20
19
12
23
14
19
3
22
20
13
11
4
34
9
21
3
19
37
4
14
15
24
19
10
21
10
4
20
16
27
16
55
40
1
5
33
3
17
32
29
7
8
5
17
24
25
14
9
16
13
21
7
14
24
3
42
20
20
17
5
18
8
10
14
22
13
4
9
24
22
15
13
6
23
25
10
20
29
4
20
15
16
10
11
12
12
4
17
13
14
27
7
13
21
5
9
2
26
9
15
37
7
12
5
9
7
10
16
43
14
22
3
24
19
25
4
5
13
22
14
4
12
15
20
9
6
4
17
37
24
7
13
13
11
13
11
16
17
3
7
34
4
24
3
4
5
15
16
23
8
28
20
4
22
17
1
28
10
16
14
18
8
12
20
13
30
18
22
19
9
7
8
14
6
4
13
7
28
33
19
21
7
15
10
4
13
18
23
9
3
9
31
19
22
23
2
4
12
7
5
6
22
4
11
3
6
19
9
10
2
15
7
27
10
3
14
17
30
8
10
15
21
8
7
19
2
13
9
40
18
20
6
6
18
13
22
12
13
24
8
20
5
8
14
5
6
29
19
9
18
4
1
19
22
10
23
20
7
20
15
13
6
5
17
14
16
9
5
3
14
10
22
13
19
13
20
28
43
14
37
15
22
19
14
22
21
2
10
10
27
21
13
11
3
14
9
8
3
19
12
23
33
7
18
11
17
9
22
13
9
6
25
6
10
6
13
12
4
25
6
12
19
17
9
12
12
10
8
13
22
4
20
3
17
30
13
5
19
13
28
18
3
1
20
3
7
16
6
16
12
29
20
13
15
12
10
19
14
6
5
25
18
11
2
6
16
12
7
7
11
18
13
21
6
19
18
13
2
15
6
8
16
17
6
18
23
13
5
11
25
8
13
8
20
19
9
6
4
6
2
13
8
14
16
3
6
5
12
3
21
19
12
15
19
5
24
14
27
15
10
7
20
19
4
14
20
18
16
4
11
24
19
13
16
9
11
18
18
5
3
16
17
1
4
14
16
3
5
14
19
9
18
4
13
23
5
14
7
2
5
23
8
2
8
5
9
3
15
5
16
16
13
4
20
28
23
10
6
9
20
12
8
9
22
20
25
12
19
18
31
8
11
9
18
35
19
12
18
4
16
4
16
27
19
18
14
15
2
3
7
13
6
14
13
13
26
3
14
18
15
9
12
8
12
4
23
18
8
3
24
25
12
10
8
17
3
13
8
15
7
21
7
23
13
20
17
16
2
23
1
17
16
13
5
4
30
10
3
17
9
16
24
15
7
19
11
24
16
4
16
20
3
15
5
5
10
20
18
3
7
14
15
10
8
8
23
28
30
4
14
9
4
10
33
5
3
15
14
4
36
12
9
26
21
10
12
2
11
18
16
15
15
12
10
14
14
2
22
28
9
18
20
20
4
10
9
9
23
5
9
35
8
21
2
9
14
8
23
11
15
10
9
9
6
5
12
24
15
6
14
3
7
3
22
4
7
8
11
5
19
14
20
26
9
24
3
31
16
16
32
4
4
16
28
31
8
10
9
6
28
5
14
17
24
17
3
22
23
13
9
7
9
7
16
18
4
15
8
6
5
34
32
8
11
18
9
32
14
12
13
16
14
4
27
16
15
19
4
4
9
20
17
9
16
16
3
4
10
26
4
20
36
17
4
4
18
6
26
3
11
10
4
23
18
11
4
5
12
9
21
25
7
8
12
19
7
17
7
9
7
4
7
4
16
6
12
10
24
15
26
13
23
11
19
4
17
18
6
16
15
3
24
5
3
6
47
12
27
10
11
32
27
6
5
14
22
28
4
4
19
9
22
2
5
17
25
20
8
32
6
8
4
24
3
10
5
12
18
16
7
7
18
9
5
8
8
27
20
6
13
12
15
7
4
22
17
12
16
3
5
8
5
29
14
6
15
18
6
2
20
19
23
9
15
4
10
23
20
19
7
3
11
26
22
31
9
15
8
18
27
40
24
12
6
17
20
18
5
10
8
16
17
3
12
4
13
21
18
9
5
4
15
16
2
11
26
25
13
19
20
34
2
21
15
22
16
5
12
32
6
14
22
19
25
10
19
8
44
31
10
12
10
19
11
25
10
6
17
4
15
9
14
11
10
12
11
17
4
12
33
21
6
5
23
12
8
21
3
7
16
15
16
11
12
21
8
21
4
22
9
11
25
8
21
21
11
41
13
25
23
14
6
23
12
9
10
13
17
9
16
3
9
20
15
11
19
11
5
16
13
14
23
28
17
5
10
12
6
18
4
37
7
31
12
24
8
24
3
7
15
32
5
7
18
4
10
4
5
9
27
4
7
6
15
5
25
7
1
11
19
18
11
20
3
9
4
29
15
12
17
10
6
9
16
15
20
7
2
24
24
13
12
23
4
9
7
7
15
4
13
11
17
17
7
10
25
8
14
17
16
7
14
17
20
10
4
18
6
8
10
4
24
15
5
7
2
25
11
5
24
12
5
16
4
14
37
7
7
12
2
6
12
1
13
4
29
8
12
4
8
23
5
4
8
16
5
24
10
11
8
34
10
11
3
9
2
30
3
10
4
8
2
4
16
15
6
21
5
6
41
15
7
16
16
13
18
20
5
5
14
25
20
5
26
18
2
13
25
8
23
15
9
10
5
9
17
10
41
18
4
13
13
3
22
6
27
25
16
15
4
1
2
11
2
24
16
16
11
21
7
16
12
3
8
3
10
14
23
5
4
4
13
11
15
2
15
18
13
12
5
5
19
8
20
12
7
19
16
21
13
2
7
9
2
4
5
3
16
19
10
14
6
3
8
21
14
16
13
6
3
24
5
14
12
13
21
4
4
23
13
13
4
20
24
20
14
22
11
3
2
13
18
9
15
24
15
22
31
18
6
20
6
9
29
1
9
12
13
11
15
14
5
12
22
3
2
15
4
8
7
19
22
12
10
15
9
17
13
17
8
11
17
7
19
21
10
18
3
5
15
16
6
17
9
23
12
17
10
6
22
14
18
6
15
4
19
3
6
15
9
5
15
10
8
23
21
3
29
5
9
17
21
2
12
1
8
6
4
1
10
2
2
4
4
12
28
13
6
18
26
8
12
12
15
15
12
24
23
3
11
11
8
23
12
4
7
6
22
28
27
8
2
7
21
14
19
11
21
17
3
17
16
20
9
10
23
4
8
10
2
3
8
16
2
13
16
22
7
17
21
23
26
2
10
10
15
24
13
7
19
9
4
30
16
15
9
22
16
6
11
9
33
8
9
3
3
17
21
6
3
10
13
10
3
36
16
3
4
7
21
10
3
13
3
3
43
21
34
22
18
10
14
11
11
15
20
12
26
1
6
19
19
3
16
22
2
10
5
17
4
15
24
13
4
24
6
17
8
18
7
18
18
6
7
4
7
22
17
4
9
27
18
32
7
31
8
26
5
30
18
12
14
3
17
9
7
9
15
9
4
8
13
11
17
12
17
7
6
21
20
17
7
11
11
8
9
19
38
7
29
6
4
18
5
16
15
16
15
20
21
11
3
14
1
11
8
32
11
22
15
15
17
18
19
12
10
20
19
7
17
4
11
28
21
3
34
4
11
6
3
21
16
12
18
19
16
26
18
14
12
3
24
4
9
18
8
1
18
17
21
10
16
17
12
20
16
18
5
22
30
1
40
17
18
4
9
3
9
16
15
29
14
9
14
1
15
19
7
22
14
6
4
10
18
7
31
14
1
9
6
1
12
2
4
36
18
7
15
10
4
6
19
2
12
6
12
4
11
8
7
6
31
23
15
17
9
21
18
26
5
15
12
9
3
3
13
2
11
19
7
14
9
5
7
18
34
10
20
1
23
23
20
23
21
13
17
4
10
5
13
4
18
17
12
15
5
3
4
13
8
13
3
15
9
21
16
15
15
14
15
18
11
10
20
25
28
16
16
14
18
47
23
8
7
7
12
9
16
17
25
19
1
19
7
22
6
41
16
12
6
19
26
3
3
15
5
11
2
7
12
13
21
20
6
16
6
29
17
14
14
30
17
17
10
11
22
4
3
24
26
5
14
14
7
29
6
8
13
22
2
19
46
20
3
8
21
18
10
10
28
6
5
12
1
11
6
12
4
14
7
19
6
2
37
4
10
5
1
16
28
26
10
8
6
10
3
9
13
4
17
14
15
51
10
34
16
13
7
11
10
26
4
17
13
16
4
16
12
20
21
16
10
24
4
15
30
17
22
9
24
29
15
11
18
18
33
42
8
14
6
14
10
9
13
10
20
3
15
3
9
6
5
25
18
16
4
7
11
13
4
4
7
17
22
14
24
5
2
18
4
12
54
15
3
12
42
6
7
25
11
11
6
4
18
13
11
13
12
18
16
4
6
19
25
4
5
25
3
10
14
22
13
5
35
11
9
8
46
7
4
3
14
12
9
8
31
10
9
5
7
41
21
21
31
4
7
13
19
17
30
19
21
16
2
16
3
6
22
9
13
4
5
26
8
22
10
12
16
3
21
9
34
18
18
7
4
38
14
12
10
7
18
7
14
14
15
14
11
5
42
6
15
38
30
10
29
10
27
3
29
12
10
11
30
13
13
3
22
24
12
3
12
19
14
6
9
26
29
5
6
6
21
19
6
32
10
17
9
31
6
16
10
28
30
5
6
19
2
6
8
10
48
12
12
16
23
14
19
19
10
17
16
5
6
36
7
13
26
17
4
6
14
25
23
18
9
3
5
27
2
6
6
8
12
22
11
8
22
7
14
25
15
13
8
6
1
10
4
30
3
20
3
5
2
23
5
12
4
14
7
18
16
10
11
27
7
8
22
12
7
9
10
10
15
13
15
14
9
4
7
24
11
3
28
21
6
12
8
13
6
5
1
31
12
11
9
4
35
2
20
4
8
13
12
11
13
1
10
28
26
30
7
12
20
2
4
5
17
10
23
7
5
8
21
25
5
5
3
3
27
4
7
25
3
16
19
13
15
32
16
21
20
2
22
18
12
6
2
7
23
31
14
22
24
21
9
13
17
17
7
12
9
11
11
4
14
19
25
20
13
9
17
11
13
33
7
4
16
10
14
15
15
24
18
9
5
11
26
9
10
11
19
13
25
29
11
26
2
10
27
42
7
14
21
17
14
31
15
17
12
8
17
2
5
4
27
24
4
20
6
6
24
8
10
24
5
1
11
14
19
12
10
11
9
17
7
2
6
9
19
27
1
12
13
4
13
2
16
16
8
26
19
10
16
19
26
8
16
7
3
22
3
26
15
20
7
5
20
16
13
10
4
8
25
22
5
21
19
27
31
12
4
15
7
18
19
16
9
5
21
15
13
8
26
10
5
4
18
6
13
10
2
29
22
5
14
8
4
13
6
20
21
24
6
9
13
13
19
7
8
4
4
8
45
6
13
17
19
6
4
15
15
19
14
7
12
3
12
14
11
23
5
12
6
16
8
21
14
14
6
4
16
33
9
15
5
5
3
8
48
17
12
18
3
12
24
3
23
20
11
22
20
17
23
19
5
11
13
4
15
10
9
2
24
13
20
23
6
9
8
29
12
17
1
7
3
7
21
20
6
12
9
15
22
19
5
7
15
12
18
12
4
9
13
3
15
25
7
18
21
21
6
46
8
16
7
7
13
17
14
2
11
9
2
1
7
16
7
3
25
16
6
12
20
14
7
16
14
14
13
23
19
16
15
18
43
1
19
12
38
5
5
36
19
9
7
12
5
15
17
8
17
5
4
3
41
22
7
11
21
38
16
2
20
16
2
15
16
21
1
24
5
3
9
9
22
10
12
4
12
14
27
8
10
7
11
7
2
3
7
9
15
8
34
29
30
9
5
22
7
16
20
21
18
33
6
4
5
30
5
10
8
17
6
3
24
12
11
16
24
5
22
4
25
19
20
22
5
24
27
17
31
3
21
16
6
9
5
17
14
17
10
34
9
25
3
20
19
14
21
13
7
14
4
15
5
15
15
11
31
12
20
6
9
4
29
39
18
12
30
23
11
1
9
3
26
22
16
11
20
45
16
6
15
12
7
25
19
20
6
18
6
20
18
20
19
10
13
29
20
29
10
18
8
31
11
5
4
23
19
17
17
29
1
22
4
7
32
16
23
2
3
15
15
4
25
5
28
19
7
17
3
3
12
14
21
8
6
8
25
29
17
4
19
28
3
16
13
7
1
2
20
34
20
18
8
16
15
31
17
17
7
3
8
21
1
16
51
2
5
4
7
22
30
30
20
4
4
18
12
7
3
20
18
7
9
14
13
22
32
24
12
32
13
9
13
20
7
14
11
21
13
28
2
13
10
2
23
5
22
2
16
22
1
17
12
20
20
12
4
3
14
16
20
19
29
4
22
7
4
29
21
10
8
3
25
23
11
8
7
10
22
13
20
10
3
19
17
28
6
4
34
15
10
2
18
17
5
8
3
25
11
10
18
13
13
3
5
15
7
8
3
3
7
36
16
6
17
13
19
20
16
6
12
3
6
21
11
19
24
21
6
5
16
18
15
33
7
3
12
34
6
48
17
12
6
8
4
13
17
21
20
16
4
17
2
13
30
3
8
13
15
10
17
11
6
17
31
8
13
5
1
12
5
11
4
9
19
21
4
25
21
21
15
25
17
5
12
46
20
22
4
7
14
10
12
8
6
6
6
4
8
9
12
23
17
14
23
9
13
21
11
7
37
13
8
2
16
5
26
28
9
6
29
26
11
15
27
26
15
11
6
17
16
16
15
7
13
8
25
20
15
24
12
3
25
9
15
2
18
21
16
13
7
14
14
25
24
3
13
22
14
4
10
22
11
16
21
12
20
9
41
6
12
7
11
31
14
15
4
25
6
6
14
3
11
1
5
12
6
12
13
29
5
24
4
26
20
6
14
12
14
2
1
13
3
18
16
15
12
9
23
9
17
6
11
17
25
16
3
19
2
5
7
6
12
9
4
12
19
11
5
22
15
8
8
13
14
18
29
23
12
7
22
5
21
2
12
17
3
9
7
7
5
2
10
8
13
11
23
8
20
8
16
9
14
8
16
6
11
31
12
8
21
18
30
12
10
27
6
29
12
19
4
3
3
27
1
15
15
6
28
9
10
1
4
10
21
3
14
35
6
15
20
17
2
3
4
14
10
4
11
6
8
20
18
25
16
12
17
13
17
6
3
2
28
2
12
14
6
14
5
9
7
11
18
16
9
5
19
3
5
20
7
5
9
32
31
12
32
16
5
5
10
6
16
6
17
13
13
2
24
15
4
23
25
3
21
13
10
8
14
19
21
19
19
5
9
15
5
6
20
10
21
4
23
17
7
7
20
19
15
6
17
30
9
16
16
16
29
11
12
12
20
11
6
28
17
19
10
20
12
5
11
13
11
21
5
14
15
13
24
31
9
22
7
6
11
13
5
9
19
27
21
8
19
17
2
19
5
10
9
19
30
10
14
12
8
10
5
5
9
4
14
19
16
5
5
8
7
14
18
21
23
22
19
5
22
5
9
15
10
17
8
12
5
4
7
7
15
4
23
17
8
14
8
5
28
28
18
17
16
27
9
12
17
3
3
25
12
13
4
5
3
16
20
11
15
2
13
8
3
2
13
21
10
18
15
7
23
6
16
17
21
37
16
2
23
29
12
16
3
1
14
7
8
17
18
5
18
21
14
6
24
23
20
6
22
42
16
3
4
6
32
17
17
8
3
11
22
6
26
27
9
14
32
6
9
3
9
5
6
1
12
11
10
9
11
35
39
9
11
15
7
15
4
2
3
21
20
18
13
27
20
14
14
8
30
19
18
27
9
29
42
5
1
21
16
3
9
16
3
10
17
12
19
3
19
25
12
18
10
19
17
19
26
21
3
30
16
27
11
7
19
5
11
20
5
23
20
18
36
8
2
2
2
17
8
2
4
17
21
23
28
15
6
3
9
10
18
26
13
4
37
28
22
15
9
15
11
8
16
2
2
4
14
1
18
22
2
6
19
3
4
6
19
10
3
7
8
7
6
35
8
6
17
10
6
14
30
16
9
10
12
11
8
10
8
9
13
3
15
18
6
21
15
24
1
25
9
3
16
22
8
11
15
2
41
12
2
2
25
10
7
22
10
4
11
17
6
13
2
21
2
4
7
16
4
13
2
39
23
22
19
17
4
17
26
3
10
21
12
13
12
4
14
18
3
7
18
13
16
15
6
20
25
16
11
20
4
3
1
23
15
6
35
6
12
3
7
29
24
4
3
21
11
19
5
9
10
20
3
11
8
6
17
3
14
13
15
2
18
20
19
3
4
4
7
15
6
11
16
17
18
33
5
3
18
13
16
14
6
15
20
14
2
2
15
30
11
9
16
5
12
38
16
18
12
2
5
14
6
29
13
7
31
12
7
19
4
15
13
7
12
1
6
19
4
32
5
18
17
12
15
25
9
18
2
2
28
28
18
16
2
18
5
8
19
17
12
