10
14
23
27
19
23
23
28
24
20
19
13
20
33
21
14
11
22
29
25
22
17
12
17
16
19
20
19
35
21
30
27
32
18
30
23
21
23
19
21
19
20
24
24
22
19
27
22
16
21
21
18
20
21
21
13
18
18
27
22
22
33
29
22
15
29
24
16
25
19
14
16
26
33
19
24
16
27
43
28
37
23
21
20
16
28
27
19
14
16
15
25
24
16
20
17
21
24
21
30
24
31
24
18
21
25
16
32
28
11
20
24
21
18
26
15
25
15
22
14
24
25
11
25
23
28
22
32
19
21
27
25
21
16
14
17
20
23
20
22
19
18
22
20
24
18
25
17
17
19
18
22
25
14
26
27
26
24
29
41
26
20
28
34
17
21
20
19
31
20
28
16
19
21
19
32
26
21
30
26
22
35
26
35
23
20
20
26
27
47
19
30
24
17
25
23
19
29
23
27
44
25
16
31
21
23
33
31
20
17
23
24
17
42
17
25
21
16
20
27
19
30
28
22
26
20
23
18
35
25
27
27
23
24
16
22
16
31
27
19
19
37
17
15
21
29
38
16
19
17
24
21
25
15
24
23
32
26
20
20
25
17
19
21
22
14
20
28
21
16
46
21
36
46
28
22
22
18
29
29
35
32
31
40
37
27
26
28
32
36
20
19
38
23
43
41
35
18
25
26
26
22
18
31
46
23
34
36
24
24
29
46
27
28
21
23
27
22
20
26
29
39
22
32
19
29
36
23
36
28
29
32
40
18
46
19
54
33
38
27
44
18
53
34
31
42
56
30
24
36
44
36
37
39
20
32
38
37
27
32
52
42
41
42
50
34
21
44
29
29
24
22
38
28
30
37
33
47
36
26
41
35
36
43
22
30
37
30
50
47
31
36
25
47
32
50
33
53
38
33
22
30
27
34
26
42
29
31
48
31
40
47
31
40
38
36
33
23
31
38
62
35
36
38
36
54
59
29
28
39
35
48
45
51
43
48
23
61
25
31
46
36
35
34
49
57
18
34
45
39
26
29
38
45
66
30
42
35
74
23
34
26
35
33
41
52
25
43
28
33
52
37
35
34
50
25
19
36
45
49
45
64
57
57
35
28
47
53
69
45
40
32
49
40
55
32
66
41
49
45
28
44
38
33
39
55
65
36
41
54
47
31
44
29
44
67
39
30
54
51
53
59
44
46
31
46
49
66
47
65
35
43
39
37
38
36
44
59
70
64
37
46
50
84
48
43
45
81
28
75
36
69
51
48
48
42
36
58
55
59
40
59
95
59
52
54
53
37
53
36
54
40
54
68
65
57
44
53
47
60
34
47
72
42
56
44
51
65
50
76
41
51
67
61
89
49
54
70
44
60
65
83
35
63
80
72
51
47
42
68
74
65
50
61
43
67
47
64
57
35
74
102
57
60
94
50
70
93
56
60
60
76
58
75
42
84
71
69
46
73
98
75
40
50
60
73
38
83
49
97
73
49
84
93
69
61
38
73
89
63
69
44
97
89
69
129
46
79
76
71
49
75
56
110
122
89
55
60
60
88
91
50
97
86
80
83
74
92
42
85
96
69
68
90
53
78
117
63
92
69
96
82
94
85
70
85
65
81
70
122
67
45
67
53
58
63
78
86
55
85
91
113
100
92
118
117
87
88
82
31
87
116
71
75
114
119
94
113
43
95
62
58
86
127
67
73
79
95
64
75
95
117
96
96
68
84
44
66
98
68
127
112
102
88
87
81
99
46
89
74
51
127
104
102
133
71
97
84
89
85
82
100
67
60
141
69
109
96
75
95
75
101
98
78
72
72
85
63
107
81
80
109
113
77
90
126
107
104
88
100
76
94
100
103
103
103
94
97
61
95
127
78
64
102
128
107
70
87
111
90
81
91
110
102
79
123
116
102
109
94
76
107
97
82
66
92
118
90
91
51
90
136
122
87
81
162
102
74
112
104
82
146
184
97
128
100
113
98
154
97
85
95
105
102
75
57
113
91
98
145
79
123
95
107
97
115
120
123
135
91
65
138
96
129
123
136
146
104
155
91
96
157
172
159
85
125
74
151
94
140
114
151
146
83
105
83
118
126
119
108
132
111
98
119
127
91
154
112
145
122
83
146
109
121
116
144
140
99
92
79
105
103
100
98
82
147
106
81
104
93
90
89
126
120
107
108
103
96
188
114
115
157
132
64
134
148
137
162
132
119
140
156
141
53
138
133
152
134
179
80
90
140
155
109
119
127
99
98
124
99
123
159
127
123
128
151
181
160
142
121
159
159
169
125
110
107
156
128
95
70
138
149
112
144
103
134
80
148
152
150
162
115
122
140
114
108
195
102
141
130
145
153
142
134
146
139
115
110
169
140
136
150
132
135
108
155
119
182
129
181
146
140
113
134
141
161
147
101
143
143
113
213
109
104
115
119
115
126
148
92
150
91
129
140
159
106
172
111
121
113
79
107
145
133
169
89
152
177
145
144
183
139
144
104
122
119
109
140
127
147
123
109
151
140
152
139
191
140
91
148
150
193
112
125
179
134
104
97
164
161
169
94
136
