10
15
25
46
18
19
13
16
49
28
15
12
34
22
29
16
14
21
28
15
16
13
12
24
16
33
18
26
24
38
10
12
27
11
9
24
21
22
15
35
20
27
13
30
51
31
20
15
17
14
22
13
24
28
22
14
29
24
9
26
31
30
19
21
16
36
11
27
23
35
9
19
19
22
29
37
15
47
32
17
67
31
29
16
10
11
19
13
15
12
18
15
28
24
23
9
19
30
13
31
17
14
35
13
12
28
26
37
16
10
34
12
12
13
20
12
56
13
14
15
24
14
11
26
23
34
19
32
18
19
16
13
35
23
22
19
13
14
14
28
14
15
25
16
16
39
12
13
43
17
14
28
29
10
27
13
12
35
21
17
17
23
47
35
14
30
14
37
16
28
17
18
30
12
17
31
17
21
46
24
15
13
16
35
43
18
20
54
35
34
37
32
27
25
11
19
24
28
29
26
20
43
7
12
39
14
8
19
16
19
34
30
15
47
27
13
16
20
20
20
29
20
15
12
26
16
17
9
49
16
41
40
35
28
12
19
16
27
38
31
40
57
24
18
12
49
15
16
20
11
16
35
14
13
22
39
52
33
29
16
35
17
10
17
30
12
11
14
24
13
45
28
21
51
35
50
26
10
10
10
26
37
50
31
22
15
13
71
17
38
10
10
55
13
10
68
20
19
9
60
30
14
21
31
57
17
14
25
36
29
25
34
12
34
12
24
41
17
15
58
35
27
42
24
15
29
22
16
25
10
12
31
23
17
16
15
16
14
18
13
30
14
28
39
38
52
13
12
48
53
27
23
19
37
13
11
24
34
41
47
68
49
35
74
28
21
24
27
28
70
16
36
16
44
35
32
30
23
16
23
42
14
53
43
18
41
16
12
19
21
26
30
28
20
15
31
34
30
51
19
18
44
14
12
20
44
18
26
45
18
16
40
42
20
44
43
12
23
11
23
37
19
22
24
49
18
22
11
34
14
26
12
25
22
40
11
21
9
19
16
30
45
19
25
24
71
10
30
14
9
34
35
15
36
79
10
30
10
18
15
11
18
62
10
21
111
26
47
14
27
170
32
34
14
29
19
25
22
26
30
42
30
44
69
36
27
19
9
73
10
27
35
16
25
14
14
22
72
57
27
15
40
34
18
27
80
23
29
36
30
83
50
33
24
25
64
16
14
43
74
29
61
16
54
25
27
73
36
71
28
70
29
40
15
18
18
15
90
53
27
16
37
25
43
10
80
44
27
24
10
26
91
91
14
31
46
15
30
33
34
23
58
54
30
27
40
13
16
36
68
76
76
45
41
31
23
28
54
8
74
11
38
55
24
48
34
19
10
19
66
45
31
23
85
20
17
40
31
81
24
23
54
32
15
76
31
24
29
18
11
16
86
38
69
23
20
21
36
65
22
113
35
41
29
29
23
84
112
16
24
22
63
60
79
12
83
32
113
27
76
77
111
26
34
126
81
98
73
55
101
54
31
113
63
81
56
45
36
102
51
102
33
107
62
14
110
49
119
84
11
36
99
30
108
71
76
33
55
17
113
118
22
137
67
20
40
60
141
89
86
112
73
37
98
50
40
121
78
29
35
71
105
98
34
54
49
27
85
24
32
58
45
99
64
133
59
57
139
55
49
41
91
88
48
83
32
133
76
86
17
19
97
34
68
83
64
41
53
24
89
13
30
16
22
52
36
51
32
40
34
55
183
95
61
81
27
102
73
102
125
119
115
93
74
97
81
58
21
88
91
36
70
131
98
84
93
40
82
101
69
75
55
76
67
32
52
99
38
94
160
94
94
73
17
12
98
107
37
89
50
74
99
82
28
65
90
118
93
57
166
37
98
74
126
77
83
175
48
90
36
22
55
25
85
13
14
21
47
52
35
136
17
75
149
26
51
93
33
250
76
68
100
99
71
123
54
92
34
65
43
61
133
90
98
43
131
148
29
105
39
27
83
185
104
128
146
62
114
129
72
83
53
47
84
74
17
35
72
118
185
30
110
94
84
84
138
59
105
68
86
27
90
101
72
64
116
131
58
98
95
43
184
67
38
112
47
36
105
130
85
80
37
115
76
114
34
40
61
171
38
23
135
96
135
39
107
155
96
73
108
42
48
32
17
136
129
82
96
102
39
137
122
142
15
122
75
85
104
102
42
19
33
250
203
64
82
112
101
231
123
51
124
35
101
99
98
102
206
113
89
132
57
93
28
32
117
214
146
144
133
91
128
100
59
117
194
133
99
23
90
239
59
50
131
80
149
101
91
84
49
113
58
174
83
98
58
116
105
188
104
44
141
95
155
141
112
32
146
97
158
132
154
170
53
72
82
125
93
102
65
143
104
63
42
125
106
100
103
122
142
113
125
116
100
102
139
58
48
129
107
164
157
39
125
29
98
80
69
179
338
139
181
121
62
140
105
112
102
236
17
98
135
124
149
176
115
109
206
44
132
121
85
70
79
85
100
120
130
193
189
158
97
176
30
38
169
133
130
73
105
69
161
133
139
162
117
71
159
103
109
48
309
55
92
299
207
74
124
71
199
231
134
108
81
59
126
173
160
112
91
146
214
119
162
111
180
99
165
46
208
202
113
136
33
42
146
41
193
100
171
114
65
145
34
107
97
88
163
126
44
185
140
107
191
123
139
192
495
132
38
159
88
51
365
255
93
109
158
72
145
112
79
136
107
84
108
37
151
142
132
76
160
108
36
129
98
33
168
114
59
58
206
190
157
236
152
88
151
160
136
110
93
82
143
142
133
137
114
126
126
206
109
148
139
150
80
128
220
109
234
142
118
127
201
128
200
109
137
98
107
158
62
124
147
149
141
116
198
123
183
134
76
331
106
162
79
161
70
134
186
146
107
141
161
206
149
188
212
103
103
226
204
69
108
95
131
262
124
130
131
290
95
252
122
278
64
130
224
213
152
36
265
109
260
124
60
52
210
146
151
115
115
191
96
137
329
128
90
170
188
76
119
99
100
99
57
333
98
91
152
141
51
30
125
136
126
163
124
152
262
268
263
114
111
165
358
239
94
111
121
247
151
157
49
234
128
181
290
265
187
220
115
196
145
164
139
111
125
240
159
198
202
180
168
222
129
212
330
170
187
241
100
220
