13
14
28
14
17
31
45
18
16
18
20
17
14
37
22
16
12
18
11
26
23
9
13
13
17
23
25
15
45
22
47
23
39
13
44
34
44
31
24
20
23
10
43
13
23
16
28
22
8
35
20
42
32
19
19
12
15
15
23
16
32
92
18
24
13
28
44
14
16
23
25
16
13
53
10
32
26
30
22
30
14
10
17
33
23
20
29
9
17
28
11
27
31
14
12
27
11
16
14
17
10
27
26
15
15
12
14
14
33
14
16
27
14
24
8
11
22
17
26
11
12
33
15
27
21
19
24
39
36
26
10
46
20
12
12
19
12
19
30
16
21
10
20
26
42
19
10
30
16
39
16
15
18
11
28
10
16
31
24
31
55
10
35
13
16
25
29
18
46
23
45
13
14
19
30
32
18
20
37
30
16
89
46
50
19
15
13
11
18
47
10
26
28
17
17
23
12
34
13
13
44
15
31
53
34
28
55
24
16
10
17
15
11
18
29
20
28
13
24
36
12
68
35
16
22
26
38
13
31
18
38
18
32
10
30
23
11
55
33
18
8
18
14
12
17
20
16
17
23
31
30
12
25
29
13
16
21
48
8
19
26
16
11
17
29
12
23
19
15
28
78
29
25
20
20
15
12
26
40
44
34
8
21
67
52
17
12
12
57
20
41
36
35
9
49
19
21
15
37
25
56
14
11
29
54
11
24
59
10
25
18
74
9
12
47
28
12
41
36
14
17
20
18
14
26
17
65
14
57
19
13
32
21
18
59
19
62
17
55
29
35
9
112
75
22
41
101
69
28
27
48
24
91
53
29
24
13
42
36
16
10
44
61
20
90
26
11
44
11
14
28
16
74
15
23
22
18
53
18
32
26
11
27
63
23
12
29
17
27
49
51
32
29
98
32
42
56
100
27
39
31
44
33
32
29
25
18
43
84
48
87
43
21
72
34
61
25
13
14
56
18
16
73
19
42
71
21
52
27
100
48
113
44
53
20
77
19
156
28
30
44
26
14
29
76
54
31
98
39
36
30
33
52
68
31
75
42
80
73
16
54
20
26
17
21
81
19
19
40
16
32
43
20
33
53
19
26
88
35
29
29
81
76
69
33
45
19
90
95
21
74
22
77
16
98
19
69
79
19
29
61
57
19
41
36
64
139
67
65
50
20
24
44
60
121
64
54
31
22
19
90
84
88
24
42
48
66
66
65
43
33
52
13
19
26
21
25
128
63
58
30
67
15
89
48
31
29
82
12
25
18
130
33
49
68
60
18
67
69
53
54
119
168
120
60
46
91
74
85
25
43
24
86
116
133
89
53
16
76
60
42
67
93
52
71
65
42
100
38
161
26
62
73
44
103
32
69
18
48
29
42
31
58
171
98
89
49
20
31
71
220
62
105
94
96
69
75
69
33
38
102
148
34
82
118
65
45
118
98
57
99
132
66
112
36
66
38
22
62
95
97
135
16
84
90
129
18
109
54
129
83
99
139
116
16
82
29
96
63
128
89
70
91
142
78
230
65
55
64
96
120
39
48
185
122
75
36
128
109
89
213
108
173
166
67
70
28
124
46
96
177
121
20
110
59
162
240
98
139
142
76
63
95
120
211
69
150
110
70
144
49
103
85
18
22
99
101
91
51
140
40
98
85
233
224
188
142
128
142
28
158
240
131
136
192
29
135
156
83
110
110
144
162
295
29
133
37
117
108
127
250
90
173
268
152
91
21
86
156
110
125
176
124
125
60
63
149
49
139
98
97
172
78
149
222
75
70
98
126
147
122
171
119
50
146
115
143
139
46
70
113
108
134
98
180
47
89
110
108
143
121
147
204
98
130
153
199
233
151
88
88
191
88
143
168
115
113
110
73
199
133
104
100
135
337
77
113
68
85
116
84
135
30
98
147
136
88
160
57
135
82
145
114
78
18
53
82
156
124
37
125
188
300
145
138
319
98
115
213
120
125
342
311
249
273
102
191
190
304
74
69
275
107
212
100
80
184
155
76
103
119
162
123
127
173
132
182
221
363
135
117
220
124
329
190
214
223
166
198
121
100
227
183
297
115
225
154
212
116
217
177
145
421
52
84
169
201
324
149
248
261
169
156
144
88
201
257
98
391
175
130
203
143
285
165
289
253
121
130
35
125
30
114
132
107
247
180
151
62
119
74
172
57
93
234
212
158
175
251
157
246
249
387
26
281
174
294
251
201
148
160
307
198
61
207
151
195
171
271
159
27
220
178
122
223
73
116
65
225
216
99
455
219
202
188
204
288
331
279
267
332
276
133
128
171
146
195
226
161
59
263
166
153
182
169
244
150
219
237
198
168
181
192
232
166
132
188
107
165
229
122
347
205
252
285
131
274
133
308
145
137
247
127
137
161
263
211
247
166
163
232
227
194
198
73
343
286
161
141
190
124
379
90
149
152
116
151
167
213
166
131
126
162
256
64
40
196
19
215
61
169
211
158
226
376
107
312
413
199
243
302
350
245
181
241
129
135
212
175
239
124
103
164
157
250
139
251
118
91
201
221
238
183
132
104
207
148
37
261
95
185
81
175
