9
13
26
33
20
14
31
12
12
13
19
16
18
34
24
13
9
19
72
23
12
17
12
10
11
11
15
11
21
17
61
25
64
15
39
14
12
24
13
30
17
32
16
21
13
18
25
23
22
15
18
13
11
16
21
19
14
14
24
13
25
20
41
19
13
11
29
16
18
8
12
21
38
34
13
10
17
15
40
61
21
22
17
21
22
63
35
30
13
11
19
26
27
16
27
15
35
16
24
34
42
51
12
23
37
20
12
14
15
10
18
25
27
8
27
19
18
22
22
12
37
14
8
33
13
45
14
53
23
29
37
25
13
19
10
12
12
37
20
23
14
19
24
14
27
16
44
9
8
14
13
18
16
21
22
33
39
18
34
69
18
30
20
10
26
14
9
17
17
19
29
19
19
20
16
23
19
25
34
11
33
43
28
39
17
37
16
16
30
40
15
23
14
11
18
38
21
32
16
29
21
22
22
24
9
32
23
63
16
22
40
18
23
72
12
36
29
12
21
44
14
18
36
27
20
23
21
24
36
60
23
37
25
27
11
41
12
29
36
18
14
13
11
15
24
17
17
16
21
17
10
23
19
10
61
32
56
19
20
20
21
19
37
10
22
21
13
69
33
13
39
23
24
64
47
19
40
20
31
13
44
42
15
34
51
12
42
15
15
50
10
18
21
33
91
32
16
22
42
14
18
41
24
28
44
35
64
37
14
16
23
32
60
55
11
12
39
19
21
16
28
76
28
82
15
13
14
22
69
77
23
59
94
9
35
10
82
80
46
43
106
30
36
28
61
41
81
11
13
73
85
51
19
33
19
81
78
86
21
42
121
36
34
51
75
26
29
95
53
28
46
35
32
45
52
24
65
73
19
24
60
71
29
36
36
36
41
29
53
82
24
82
31
52
49
23
32
56
26
41
28
24
44
73
15
39
79
20
18
49
39
73
32
45
32
43
51
39
56
16
158
38
28
102
63
64
141
23
35
26
78
62
90
96
86
80
12
24
39
24
30
50
78
16
39
90
14
17
93
50
34
50
66
72
103
24
59
40
82
50
62
26
40
50
68
32
17
65
40
68
23
86
15
59
15
34
22
35
62
105
85
68
103
40
53
28
135
99
25
80
31
50
53
62
39
68
62
18
81
56
33
66
32
28
45
86
96
27
52
44
35
19
118
29
35
130
42
35
111
41
86
75
33
65
44
62
72
134
55
116
27
51
47
34
50
54
50
18
116
112
63
21
104
130
91
32
77
89
27
140
73
60
71
119
46
38
44
79
58
89
56
35
108
86
68
74
85
45
62
18
42
30
25
96
64
62
70
90
58
16
49
70
146
51
70
39
79
77
118
92
85
94
124
56
150
148
97
114
46
157
123
87
43
36
135
138
58
138
55
137
49
69
55
72
25
83
71
126
67
54
23
87
80
51
118
30
44
102
87
63
65
18
61
34
85
104
77
94
53
114
198
89
19
105
31
49
41
136
58
122
102
62
33
137
123
70
81
95
101
46
61
32
193
152
127
117
71
106
125
111
50
132
101
106
331
140
115
75
73
105
92
52
128
98
127
69
124
36
39
133
52
53
138
101
32
63
179
92
111
68
125
136
135
116
47
166
42
148
97
153
84
29
36
113
32
60
130
31
119
62
142
121
150
52
174
144
54
113
37
71
127
124
85
131
100
130
122
133
38
223
58
47
87
91
120
134
149
228
113
101
55
144
142
76
64
163
45
92
71
63
150
85
137
88
157
58
120
114
50
53
88
103
53
124
151
79
134
117
102
60
34
49
39
48
166
108
112
136
22
162
49
178
106
94
31
65
121
49
169
100
54
133
141
140
113
170
120
34
46
53
169
85
193
101
97
214
93
77
89
183
126
58
127
151
120
122
42
122
168
139
121
110
225
114
69
98
188
179
140
101
93
65
97
147
61
165
164
129
136
52
142
199
73
110
40
132
107
92
108
126
48
132
162
30
90
141
64
40
110
105
61
48
188
140
37
52
89
146
177
163
109
107
115
151
55
78
199
95
76
58
84
184
104
85
132
208
171
77
253
149
192
127
410
103
40
137
99
137
148
133
86
279
38
107
178
45
84
114
93
94
77
66
33
57
264
46
171
83
131
67
76
242
92
78
70
88
122
123
49
146
139
159
86
208
134
234
48
48
172
100
161
66
87
147
85
82
118
43
67
67
117
224
55
151
64
135
99
160
217
233
139
81
194
133
295
187
91
142
139
40
105
104
235
131
128
112
95
162
99
78
102
115
107
58
130
209
280
98
140
137
142
130
270
187
155
123
234
122
75
39
156
183
112
197
114
166
82
145
186
186
233
76
89
157
158
147
393
97
181
129
169
93
156
173
100
76
50
114
168
233
86
154
246
206
113
224
237
289
206
360
143
139
138
173
331
179
216
144
164
102
110
240
189
105
107
69
88
122
50
134
92
126
152
137
269
206
426
169
131
142
21
156
178
125
170
71
149
111
163
125
226
81
179
109
98
118
133
137
186
98
120
97
142
161
142
241
145
261
76
161
157
58
146
205
172
65
186
110
265
107
230
66
57
281
155
144
66
73
130
184
94
128
251
70
106
56
171
180
218
149
188
72
92
141
216
174
84
81
174
151
45
138
190
33
133
134
146
147
145
224
229
160
148
132
181
211
147
180
126
98
138
121
282
144
204
161
162
188
178
68
178
177
159
207
62
49
224
134
130
128
155
104
159
167
123
180
169
57
49
174
366
149
58
146
309
42
103
106
148
183
