-15
15
-27
-55
-19
-17
27
-13
21
41
31
-19
-13
71
137
87
119
71
219
115
37
43
55
83
57
57
93
73
91
89
11
25
97
55
39
53
129
91
99
41
-47
-51
19
21
9
-55
15
31
-27
55
-55
-45
133
-41
-13
85
79
-39
-21
83
23
1
185
99
155
55
109
123
135
115
131
63
49
-29
1
1
-33
-55
-49
-19
-23
81
169
153
37
-33
-73
-63
-81
-3
-37
-7
25
-7
19
-77
-51
65
17
-9
-35
107
63
21
53
221
91
53
23
11
131
93
41
17
13
49
-7
9
-29
-11
9
147
47
171
161
177
243
247
109
113
209
215
299
123
111
33
31
37
79
51
91
77
73
57
277
117
147
159
189
159
79
73
79
29
43
-81
-45
81
67
103
205
67
195
101
105
83
91
117
93
95
77
85
175
49
89
63
89
87
81
91
77
49
123
87
33
95
101
107
209
131
185
121
131
189
107
165
131
125
111
231
147
183
227
285
321
95
69
285
175
343
75
149
109
153
39
139
189
189
243
205
201
141
89
135
107
67
83
203
159
247
303
233
163
243
237
233
215
111
113
125
151
111
141
111
193
143
183
223
223
215
205
183
317
91
181
-1
159
117
191
15
109
55
169
181
219
191
211
173
213
167
285
209
71
43
49
287
199
89
7
13
83
49
83
19
149
43
19
-5
-35
69
67
61
91
19
57
145
125
135
111
-3
41
43
157
83
53
81
69
59
51
51
-7
91
69
37
107
117
-17
-27
-13
35
79
85
175
105
201
143
33
77
57
75
55
43
71
35
165
121
65
215
95
143
147
147
135
247
203
109
185
117
85
189
175
223
307
297
189
137
199
111
147
193
121
107
159
199
343
199
105
201
201
93
29
51
121
73
195
91
149
151
203
47
159
97
217
213
289
81
163
-37
49
97
229
205
151
225
131
217
199
263
169
77
179
91
63
87
137
105
117
91
103
149
167
93
69
99
161
163
83
89
121
117
137
107
199
211
231
65
197
205
185
195
229
199
145
261
209
223
131
253
195
195
211
161
181
255
197
239
197
103
227
195
111
51
63
75
59
67
35
207
85
65
203
181
65
89
65
91
101
65
135
141
175
79
193
123
185
163
163
219
133
229
299
143
179
83
175
215
147
71
59
59
41
131
57
11
25
1
33
13
59
145
215
181
195
121
173
107
213
133
225
123
115
101
59
75
75
13
19
9
93
-5
39
5
33
23
83
91
103
73
103
95
121
31
65
47
67
33
111
167
195
53
197
249
215
297
117
107
57
239
141
147
167
145
117
93
55
177
227
19
77
61
207
99
235
131
121
257
177
201
147
199
143
291
173
105
209
195
51
189
159
115
69
127
111
151
91
81
53
65
97
33
121
125
105
83
379
201
183
165
275
231
199
259
215
117
183
229
239
253
115
123
139
137
91
63
53
145
215
147
155
131
169
131
115
81
139
133
163
99
141
243
69
135
43
31
283
129
207
311
353
355
311
185
279
107
115
165
169
165
257
277
165
323
237
247
345
263
219
283
351
205
353
109
107
159
121
95
195
135
97
125
221
195
133
67
197
183
235
189
175
157
145
195
207
211
205
289
71
89
59
65
9
123
169
127
71
15
41
79
149
103
217
97
135
99
151
103
119
169
87
139
151
219
85
283
81
253
45
209
281
183
329
215
247
135
111
235
73
161
195
167
99
59
195
137
185
127
93
61
141
229
203
139
199
239
213
133
113
141
311
191
61
89
141
123
147
217
123
131
159
221
149
293
247
313
347
249
295
337
211
251
259
213
235
237
105
185
235
175
65
183
143
175
181
193
125
109
139
159
243
131
127
145
161
153
153
201
103
143
151
103
219
71
131
117
79
103
95
213
197
111
217
213
59
209
225
301
93
253
195
285
275
225
375
215
181
155
175
159
245
133
277
139
109
95
95
113
149
91
93
97
113
219
169
97
157
161
187
235
329
195
251
181
179
27
167
243
259
227
41
167
375
213
203
147
155
173
179
85
233
183
255
229
201
151
221
77
143
77
85
103
167
75
37
61
173
123
113
119
221
83
99
61
129
81
87
167
59
33
125
159
247
147
227
233
77
167
157
205
185
171
133
117
179
151
169
83
189
127
71
147
125
225
147
129
149
135
103
111
105
65
95
67
49
31
211
41
65
95
73
123
55
115
121
87
113
99
179
125
137
97
55
97
121
93
155
63
37
59
51
129
149
141
97
151
69
55
113
155
181
99
69
55
95
83
159
177
101
233
189
157
181
129
193
297
241
185
249
257
181
141
39
91
189
157
175
185
215
219
145
193
205
229
275
183
287
255
49
57
43
293
277
263
233
289
189
229
123
113
195
217
211
263
235
187
193
127
237
175
237
147
171
249
145
219
209
319
167
141
215
201
189
221
247
179
139
187
79
115
79
103
263
213
257
37
235
237
237
207
249
145
185
181
145
221
159
225
165
217
255
205
339
235
67
231
247
161
95
239
207
273
271
223
339
239
123
249
151
263
227
199
197
145
183
225
175
257
361
213
181
225
229
215
205
211
251
165
187
195
215
105
201
313
341
241
173
141
207
145
175
189
221
175
275
243
275
319
313
217
235
229
315
213
105
223
161
181
55
193
195
175
191
95
191
165
207
177
149
203
139
127
265
109
213
177
143
87
181
189
53
223
169
95
57
89
111
237
123
323
203
127
197
239
211
225
211
195
217
61
217
131
201
171
325
267
207
183
205
243
255
207
239
85
137
125
109
163
121
187
103
123
135
243
229
199
213
283
255
363
255
161
271
165
223
161
157
97
251
231
249
101
163
251
133
165
167
235
243
215
187
147
173
181
129
117
147
179
163
237
179
345
83
245
203
247
321
265
265
271
129
83
141
179
121
67
125
179
81
183
77
185
261
313
223
157
219
135
253
237
175
143
139
211
291
193
239
265
181
209
331
277
167
141
157
109
153
235
221
233
163
171
209
243
133
193
223
189
227
165
219
219
191
151
307
227
189
177
239
211
219
159
215
223
149
241
183
231
179
193
195
219
263
257
125
157
271
183
343
279
153
225
197
407
273
283
287
185
229
201
311
219
123
299
225
191
295
195
247
223
365
287
275
191
299
173
197
345
297
91
169
49
249
325
299
317
227
175
247
245
183
303
203
223
241
197
115
139
131
205
335
243
321
175
271
159
173
189
175
149
171
127
161
165
121
127
231
179
143
195
185
171
211
249
181
157
187
133
155
211
179
217
165
219
151
227
191
151
197
155
217
175
181
159
179
191
211
193
209
211
133
245
155
225
175
175
147
283
181
155
127
181
215
295
97
73
231
175
153
105
247
123
163
63
193
163
185
287
91
235
145
151
183
197
289
153
253
179
231
241
375
187
201
199
109
149
189
117
185
115
195
119
247
281
137
291
121
147
245
205
165
223
211
211
135
89
81
107
43
21
63
77
75
121
101
85
137
201
185
79
101
177
103
105
221
107
169
103
91
135
73
71
153
143
71
93
121
109
105
57
127
127
133
91
153
133
105
127
153
181
79
137
151
125
83
143
103
105
83
127
105
155
107
83
105
119
115
97
49
81
77
71
65
123
129
129
115
117
77
99
207
79
119
113
135
147
123
107
71
57
89
107
35
109
127
87
143
161
135
115
85
115
227
215
173
