-15
-5
-7
-35
-15
-1
-1
7
101
-29
-23
3
45
105
61
67
19
135
105
117
55
131
-1
55
101
31
11
91
75
-1
55
125
63
139
51
131
87
47
49
75
-19
-61
-11
47
29
-27
75
193
125
147
113
85
103
11
73
75
99
139
79
181
121
93
103
161
63
13
3
31
77
83
91
69
65
101
-51
-35
33
179
165
181
121
47
201
43
159
129
81
67
27
9
93
77
23
-11
-31
-39
13
-25
9
-17
97
189
83
129
127
-3
75
27
87
105
61
41
31
47
15
67
19
123
81
29
63
89
97
17
15
27
55
3
67
47
79
37
95
185
87
115
161
65
5
17
47
73
87
81
43
21
61
49
255
103
-53
117
107
149
119
57
103
95
215
277
215
221
299
229
177
167
227
361
73
45
31
131
183
111
169
187
49
7
65
127
75
149
119
25
69
51
73
55
81
85
75
81
65
39
77
27
87
33
247
-19
85
229
135
47
123
41
207
189
147
81
63
87
117
89
-3
145
149
123
115
79
43
67
109
97
119
145
223
99
3
173
239
91
65
133
71
59
55
-25
89
51
85
109
87
13
13
75
57
79
95
227
183
171
267
67
133
47
131
131
211
77
235
311
139
113
91
65
123
143
113
103
115
83
269
221
209
357
123
153
77
133
27
159
175
67
141
119
93
111
93
63
113
107
185
177
209
101
69
99
173
185
91
65
63
73
41
69
47
85
215
115
79
31
313
227
267
255
181
135
225
189
155
347
233
241
263
195
265
253
307
141
455
215
263
319
229
279
259
197
171
211
161
141
179
143
85
51
65
93
171
211
231
231
155
83
125
127
181
247
305
99
187
243
143
71
179
213
163
129
69
47
115
255
127
103
163
441
223
99
139
61
93
131
85
163
339
35
93
67
81
133
59
95
69
39
37
59
91
77
113
73
181
245
169
241
193
63
211
165
173
287
247
81
183
107
271
195
169
111
329
301
245
99
101
99
223
125
195
243
231
131
343
217
291
167
287
215
381
157
173
241
177
211
185
97
151
179
215
117
245
79
107
241
147
137
65
265
93
171
79
199
23
257
213
285
177
203
105
247
143
183
169
227
201
51
53
3
63
149
81
-29
195
277
243
93
221
103
177
181
99
149
101
199
127
67
25
-19
27
-7
211
77
125
207
165
135
171
229
85
101
101
175
207
181
153
55
109
151
103
7
163
147
69
225
107
109
91
107
181
205
157
173
229
131
235
147
145
133
179
167
175
139
91
189
65
127
67
163
225
41
101
71
143
183
163
-7
115
189
25
77
117
85
77
127
85
157
173
131
135
153
141
111
101
109
153
95
129
115
159
-5
105
213
97
149
69
63
103
83
63
101
149
181
65
143
181
69
147
171
79
127
147
223
203
61
249
219
105
195
157
257
59
273
165
99
95
103
163
157
141
121
121
213
245
167
113
139
69
149
169
151
145
113
181
151
205
161
163
137
237
155
63
183
171
177
105
115
283
245
325
99
185
101
313
217
171
195
99
197
169
149
137
77
89
159
167
101
127
177
169
131
201
117
93
119
153
33
165
155
103
109
133
135
85
143
113
157
153
155
135
103
131
87
87
91
139
169
147
129
103
175
135
209
177
77
119
169
91
107
79
171
97
73
69
69
81
81
121
89
81
169
185
139
99
137
55
113
163
157
247
107
179
163
67
215
181
185
197
67
153
133
111
167
161
113
101
213
123
137
179
-17
143
137
165
111
189
111
143
175
105
93
111
177
127
63
189
109
135
169
227
283
255
257
251
197
139
135
33
17
139
127
93
229
99
159
171
175
283
209
209
129
157
149
339
159
145
141
139
119
199
239
115
185
161
187
193
167
217
237
207
113
143
139
167
135
11
209
233
143
195
233
163
259
225
189
147
231
279
105
211
169
265
155
207
93
95
149
157
209
165
167
145
117
159
211
219
145
179
155
177
59
153
231
237
171
147
147
99
159
293
161
281
231
231
149
155
199
105
155
211
31
131
175
139
215
113
87
125
127
63
217
197
171
187
201
173
229
291
229
229
359
239
301
175
165
157
217
175
169
151
161
79
77
105
113
181
257
35
153
101
119
85
199
189
181
131
81
89
251
201
109
79
159
95
73
53
107
155
157
101
431
221
205
205
167
195
171
199
141
127
219
241
187
277
65
149
81
127
75
53
165
199
139
265
131
57
185
257
193
143
191
109
109
53
135
103
171
101
137
147
103
89
169
175
245
139
151
161
99
153
141
159
185
209
279
199
191
143
123
199
119
225
161
199
209
177
149
129
149
97
161
177
139
141
119
221
99
217
157
155
177
163
157
149
113
139
149
83
87
121
121
171
253
185
151
117
107
207
175
241
139
167
163
127
109
145
141
193
171
39
123
27
121
145
89
85
87
165
345
103
279
209
211
275
257
149
147
227
181
175
161
69
65
91
87
27
231
109
105
323
75
63
77
75
95
63
143
63
139
119
181
-5
69
77
63
75
99
81
115
75
51
81
77
105
57
107
99
129
89
117
57
41
-25
11
-1
77
65
57
1
115
43
13
131
67
37
79
51
117
75
83
79
87
113
71
161
-41
29
55
63
87
143
91
149
187
131
119
193
157
57
89
-7
143
123
73
195
201
261
251
43
189
113
145
181
41
189
195
121
165
109
87
99
115
103
213
155
255
149
235
401
119
203
225
327
159
225
185
71
187
233
173
185
271
163
77
111
97
29
45
123
67
133
235
185
159
133
131
125
183
39
123
121
59
113
103
133
127
109
149
105
99
75
53
125
129
163
37
19
141
115
141
101
141
89
73
185
95
193
151
27
97
131
143
191
147
135
125
225
243
119
151
153
221
225
165
173
113
103
89
55
79
123
229
185
97
167
259
105
151
225
137
195
119
99
101
163
45
117
189
159
119
139
113
109
39
309
263
253
157
189
85
141
205
213
113
297
151
233
145
101
209
189
159
125
81
163
73
183
139
177
189
85
113
119
165
87
89
85
109
145
153
117
93
119
235
115
133
97
143
137
161
157
149
101
79
153
129
141
151
119
171
111
77
67
49
45
115
89
121
43
79
121
153
149
69
25
17
21
95
119
-13
75
9
41
127
93
27
101
113
81
171
123
39
163
165
237
243
177
125
107
197
157
113
153
45
143
169
321
207
245
401
339
217
301
307
301
215
173
125
157
91
145
195
179
231
223
159
103
227
197
149
119
123
213
213
199
103
163
83
123
211
111
193
121
195
91
49
143
165
245
155
89
155
195
241
239
165
211
161
129
151
183
57
215
123
211
237
219
159
185
203
145
127
161
255
201
223
213
101
203
251
193
391
101
303
135
227
311
235
59
129
135
185
205
153
87
131
159
121
199
201
233
395
309
273
273
331
183
241
205
155
113
255
305
161
217
133
237
343
329
159
163
143
193
123
161
33
63
159
113
217
107
135
69
79
51
69
85
89
141
69
199
243
97
253
213
143
173
213
103
163
125
149
133
191
205
119
157
117
97
127
141
129
77
107
163
129
49
71
115
97
109
99
113
331
283
123
153
105
139
159
245
95
159
255
189
299
353
131
137
211
219
123
115
127
135
151
201
145
27
151
95
17
87
93
71
71
145
201
177
195
201
153
105
271
217
159
229
189
97
179
145
205
171
87
113
111
75
143
185
177
101
95
65
197
175
105
119
249
157
199
163
177
183
83
221
97
73
55
79
187
271
119
-13
107
173
121
165
123
199
153
293
123
151
103
35
5
21
83
215
75
193
187
261
165
151
265
165
237
69
315
331
109
85
197
195
189
291
141
109
135
143
221
-5
69
85
111
197
119
107
91
135
