15
25
13
19
18
17
18
17
16
17
24
31
24
27
18
22
18
11
15
18
14
17
17
23
15
15
13
13
11
11
16
18
10
18
12
13
10
11
13
14
11
18
16
12
14
14
18
13
18
17
19
12
14
14
10
12
15
10
17
15
12
12
10
13
11
14
13
11
12
14
13
15
11
14
12
14
13
11
10
12
12
12
13
12
15
24
19
16
15
13
15
16
16
17
20
17
18
12
19
22
13
17
14
17
19
18
14
25
26
20
17
18
10
19
19
27
15
16
12
14
15
22
17
18
18
20
21
25
12
13
18
19
15
12
13
13
15
11
16
16
20
13
12
14
14
13
17
14
18
13
13
16
16
14
15
16
15
15
14
14
12
15
18
13
11
21
13
15
14
14
12
14
13
12
23
13
9
15
18
13
15
13
12
16
16
16
16
14
13
14
16
12
10
15
14
14
19
11
23
13
11
22
14
16
11
16
20
21
14
21
17
17
35
20
28
15
21
14
16
21
19
20
16
23
21
21
14
24
20
21
17
34
26
21
21
15
18
18
19
14
31
17
17
34
34
28
28
18
32
17
27
31
31
34
26
37
25
38
23
30
21
40
37
28
42
26
27
31
31
18
26
43
28
52
22
23
20
21
22
40
52
36
29
40
46
70
40
55
44
56
35
53
45
41
44
44
65
52
36
66
50
53
57
56
33
43
36
33
54
48
50
55
76
59
64
36
57
64
81
83
52
86
93
66
80
55
59
72
68
90
54
64
49
61
48
75
54
67
62
60
75
78
77
83
94
85
106
85
88
85
76
66
98
74
92
91
98
82
76
107
97
82
78
102
92
104
83
76
79
124
94
80
92
68
108
92
83
114
96
100
89
122
133
102
81
87
83
69
55
72
114
78
96
109
104
71
96
84
80
122
108
135
90
105
125
152
138
147
165
130
168
161
162
61
160
166
108
158
175
176
161
175
191
232
245
138
98
122
152
111
217
174
228
206
79
173
251
251
224
229
180
198
216
152
188
180
197
207
133
134
197
146
227
137
147
202
187
202
105
145
113
188
170
144
206
225
209
300
223
283
201
273
281
188
280
182
293
237
278
268
234
255
251
293
288
331
327
217
338
197
300
253
128
206
280
285
257
297
226
246
236
270
233
211
240
333
320
275
274
295
308
288
276
301
312
243
312
371
315
343
442
434
322
416
465
415
425
452
310
410
379
432
316
351
359
254
329
351
302
354
320
314
377
307
313
317
323
317
316
352
294
222
200
228
245
264
281
300
363
257
274
315
282
254
305
287
282
308
269
313
256
262
231
296
325
322
244
362
280
365
355
327
331
398
418
403
402
326
400
236
357
350
296
403
412
446
373
320
287
262
304
294
293
281
284
227
265
286
277
189
305
290
242
304
297
282
262
273
297
302
286
269
254
280
225
310
322
243
208
294
181
194
244
256
201
218
354
261
343
345
347
259
263
259
245
243
268
245
307
329
283
282
296
301
305
353
404
366
