17
25
10
19
18
17
17
16
17
23
28
37
16
22
19
27
12
9
17
24
23
10
8
40
22
21
12
12
11
10
9
18
10
11
13
14
12
9
12
18
13
19
17
12
25
23
14
25
22
12
20
12
26
34
10
13
11
9
20
27
14
17
11
13
9
16
16
13
12
19
22
13
13
26
20
25
17
12
9
20
12
12
20
14
13
77
37
18
14
12
12
17
16
22
11
35
31
16
54
20
10
11
11
28
19
18
20
49
13
12
24
24
10
22
9
55
9
9
15
14
15
23
17
33
13
27
24
31
15
15
17
18
11
13
15
9
12
14
17
21
13
11
12
15
13
14
13
11
9
23
13
30
19
18
10
8
16
28
12
12
20
18
12
15
11
19
23
21
12
17
14
19
24
10
55
13
11
24
14
14
17
22
14
23
14
23
28
12
23
14
13
10
12
26
26
22
18
12
61
11
12
15
18
22
14
32
20
23
15
43
12
36
124
12
74
10
42
17
16
24
17
39
14
41
22
46
12
12
24
14
15
90
21
28
37
14
20
12
23
17
57
11
15
23
64
18
11
20
22
17
10
41
38
39
24
61
28
24
41
35
36
43
17
15
47
22
28
24
16
14
24
21
37
47
41
18
16
19
10
34
32
31
36
24
13
113
77
43
16
105
14
36
53
45
11
37
29
77
30
56
42
52
46
73
26
33
21
39
19
28
39
33
71
79
57
14
54
73
63
137
27
49
85
37
174
42
66
51
83
129
19
91
55
30
29
31
25
33
65
8
57
148
55
93
107
39
125
114
139
131
110
48
50
97
65
66
142
83
75
66
94
52
107
158
75
134
95
90
62
135
126
75
114
77
211
119
107
116
115
150
147
190
129
74
103
69
104
73
61
70
92
85
101
157
150
135
98
89
19
144
73
229
152
130
140
168
169
258
264
254
294
232
164
82
364
396
87
326
305
244
352
497
441
304
481
135
119
16
462
40
320
389
399
392
108
413
368
394
279
419
350
412
443
84
317
463
53
500
292
271
91
65
284
333
304
287
395
113
164
108
13
286
48
45
46
232
349
453
103
201
261
219
236
231
396
301
199
500
365
319
383
364
233
263
275
297
492
192
278
268
500
212
222
204
416
441
338
405
348
269
273
182
207
42
207
183
141
124
13
97
137
147
181
21
224
39
123
392
260
374
358
431
500
283
500
500
500
500
500
500
500
500
500
500
500
321
500
500
500
500
500
500
500
500
500
500
500
500
500
500
500
500
500
500
500
500
500
500
500
500
382
500
500
500
500
500
500
500
353
491
239
197
304
293
287
276
141
346
15
423
500
263
257
500
340
500
496
425
441
432
434
477
500
500
500
342
323
449
377
290
281
275
248
280
258
252
15
302
254
267
295
283
283
500
425
260
269
297
363
332
259
377
219
387
192
493
500
215
118
444
70
43
102
77
103
103
322
258
500
500
402
500
500
500
500
500
500
500
500
500
500
500
500
500
500
500
500
486
