14
36
17
23
12
24
13
16
18
23
33
23
35
34
24
22
19
15
11
9
13
21
34
29
15
13
10
9
12
15
11
36
13
12
10
10
12
10
13
18
10
26
16
10
15
16
16
12
18
26
44
16
13
9
11
15
33
10
23
11
13
11
14
9
11
11
13
9
9
12
11
8
14
13
10
11
11
9
12
11
11
10
11
10
10
11
14
18
8
10
11
11
12
11
11
11
10
10
12
45
13
21
18
12
33
21
15
38
71
49
19
22
12
24
21
19
15
11
11
15
13
17
14
11
14
30
11
12
11
9
13
19
14
12
9
10
19
10
13
11
12
12
9
13
9
10
13
11
10
9
10
12
15
10
14
11
9
8
9
10
8
13
9
13
9
10
12
11
9
18
11
10
13
12
19
13
9
12
16
12
11
11
8
16
10
11
14
18
11
12
10
11
11
15
8
13
17
11
21
15
9
46
13
19
9
13
22
37
22
19
14
15
14
43
18
24
24
17
16
15
38
30
35
44
14
20
13
73
37
14
21
41
49
13
20
17
15
20
15
13
27
17
26
42
37
36
65
15
53
12
21
50
19
31
26
18
31
59
19
64
25
63
81
49
54
36
57
43
78
9
31
68
26
66
38
38
14
11
42
37
108
47
47
107
86
129
72
172
144
97
37
64
50
73
115
71
170
68
54
90
65
128
143
107
42
100
62
33
127
76
97
142
205
131
169
77
111
117
213
196
128
193
110
179
151
126
105
177
113
140
120
173
124
172
171
163
162
138
172
166
153
151
200
177
164
227
181
172
174
145
213
209
266
139
160
142
147
153
179
175
235
137
167
168
180
150
137
134
165
151
142
139
158
154
135
144
167
114
143
166
17
160
112
195
152
155
138
18
14
11
116
103
165
143
59
16
155
12
162
214
217
120
13
163
195
220
131
184
217
25
147
246
193
57
220
261
76
156
223
196
165
85
191
262
196
175
174
79
163
66
155
144
192
175
127
20
163
233
133
260
39
149
232
158
83
123
204
203
157
170
199
173
168
152
254
131
165
133
155
130
134
174
162
209
291
13
184
164
185
261
153
181
338
161
287
88
176
147
183
213
216
192
169
149
143
182
178
271
376
205
286
295
298
251
254
175
159
321
209
300
381
434
243
193
362
500
471
500
500
456
500
500
337
378
188
177
500
500
283
270
500
470
113
500
500
500
329
490
500
189
184
194
214
169
305
205
360
337
188
290
244
312
500
270
200
217
243
282
309
493
379
263
223
210
215
237
376
467
500
283
221
500
423
262
496
500
424
500
500
500
500
500
500
500
500
500
500
500
500
500
500
500
500
374
500
500
500
500
337
12
415
362
17
281
317
392
363
241
344
131
348
279
219
193
164
196
194
213
231
236
213
180
222
256
327
484
433
453
452
500
500
500
500
500
500
500
500
500
500
500
472
500
363
500
279
500
500
469
500
500
428
290
285
215
240
423
295
164
194
149
12
14
151
221
15
251
435
500
500
500
332
272
76
215
169
277
174
246
331
500
500
500
