15
22
14
23
22
12
18
14
20
10
9
30
18
24
19
15
10
12
13
21
10
33
23
12
17
18
9
20
11
12
29
11
9
10
12
16
10
16
14
11
10
11
9
17
10
15
15
9
15
11
13
9
13
10
11
13
13
10
10
15
12
15
10
25
17
14
11
14
15
17
12
26
10
11
13
11
11
13
12
10
16
19
15
12
20
18
20
18
29
16
28
32
26
35
55
12
32
9
12
17
10
15
14
17
13
11
15
11
12
13
20
16
9
18
13
11
13
9
9
12
15
13
13
11
11
12
9
15
14
9
9
13
12
13
14
11
17
10
23
11
10
11
14
9
9
12
9
10
9
11
11
13
10
15
9
15
14
10
13
16
10
11
14
10
10
8
13
10
19
10
15
10
9
10
11
9
10
11
9
9
8
11
12
9
11
9
8
12
9
13
17
13
9
10
9
14
11
9
9
10
10
10
14
10
10
12
14
9
12
10
12
9
9
13
12
18
16
14
20
11
13
11
8
9
13
16
10
9
11
9
9
10
12
12
10
9
10
16
10
8
13
16
10
22
14
9
13
23
12
22
11
19
28
20
31
25
15
15
26
10
14
17
16
17
30
37
12
22
16
39
19
18
31
46
10
35
13
23
17
56
31
12
15
12
27
37
16
23
24
16
56
28
17
17
21
58
19
32
35
56
32
16
22
32
28
17
62
12
45
22
55
42
28
45
21
27
56
15
14
18
46
55
147
23
19
44
42
45
61
34
70
21
15
27
14
32
32
30
22
51
37
37
98
95
88
44
24
43
24
52
24
26
100
41
67
139
47
46
49
74
45
28
26
70
91
75
42
82
34
172
36
35
42
35
77
86
74
65
59
74
71
139
96
40
16
65
30
84
85
69
92
127
106
73
34
96
74
40
42
35
101
44
85
44
82
32
39
109
88
40
56
116
131
67
78
82
58
59
67
86
36
56
56
85
90
91
46
142
58
92
112
74
33
101
111
33
119
163
139
163
129
41
183
140
195
41
139
131
156
16
176
32
326
32
48
48
36
39
30
117
110
116
44
80
141
220
175
235
159
202
285
255
390
139
303
256
380
86
223
245
225
94
145
433
386
500
232
94
321
16
15
16
18
34
28
161
13
15
22
17
18
21
29
259
116
309
306
14
18
191
169
13
162
409
500
187
178
190
236
253
500
500
412
500
500
376
440
500
235
418
500
500
168
172
156
140
145
231
156
163
162
156
151
125
165
286
242
195
180
178
239
15
159
184
295
211
223
384
214
225
397
297
226
182
245
218
232
268
250
312
335
302
208
242
500
500
196
500
290
254
500
234
261
500
500
500
500
194
500
47
500
500
295
500
500
500
420
500
210
500
500
500
500
500
500
500
500
500
500
15
500
500
185
399
242
184
175
214
267
206
149
10
16
13
15
12
10
10
10
8
9
9
11
10
10
19
12
12
13
23
9
11
11
11
12
118
26
51
12
10
12
12
59
11
14
16
167
14
10
9
115
182
276
11
15
18
242
10
9
11
12
11
9
14
11
11
15
8
8
8
17
9
10
9
10
11
11
11
10
14
16
21
38
57
19
154
60
107
14
13
10
11
10
11
10
10
11
15
11
10
11
17
12
11
10
11
11
9
10
15
10
12
10
15
16
113
500
500
459
355
500
320
414
500
500
500
281
193
211
500
390
181
215
310
122
140
145
500
128
258
169
500
265
131
500
476
375
227
485
500
500
500
160
500
422
500
500
500
439
445
500
258
254
344
235
118
195
148
133
46
11
14
21
135
146
292
352
500
296
204
382
500
313
144
284
387
500
490
196
500
500
244
454
500
500
500
500
500
500
500
432
380
262
327
280
319
500
500
500
500
500
500
284
13
384
500
500
202
152
131
161
145
165
136
169
157
187
225
500
205
274
196
175
147
158
152
170
