-57
-31
-66
-56
-34
-45
-39
-22
-44
-38
-32
-42
-56
-25
-52
-41
-33
-50
-29
-27
-23
-38
-24
-22
-31
-36
-30
-22
-31
-27
-23
-24
-33
-15
-20
-12
-17
-14
17
2
-11
-4
-11
-8
-12
-5
-15
-20
-12
-12
-2
-8
3
-6
6
-13
4
-13
-10
-3
-12
-14
4
3
-2
-14
-6
-10
-5
-7
7
-6
7
-10
-2
10
1
-3
12
-21
-6
0
7
4
8
-14
-10
-6
-6
4
5
9
11
-6
4
14
17
27
-2
0
13
15
7
22
0
-3
-6
-5
0
12
-1
15
-6
-8
-9
-9
7
-2
-2
11
-8
7
-7
4
16
-1
-17
-5
1
4
-18
4
30
-2
14
0
11
15
6
-4
29
31
-5
18
-5
13
-1
9
-15
-3
0
12
11
26
13
18
14
6
9
13
0
1
3
13
-3
4
9
5
8
8
17
-13
13
9
5
4
5
9
7
12
9
5
3
11
15
10
18
10
-1
7
9
1
-3
-3
5
21
2
10
17
9
-7
16
18
14
-7
-10
14
8
1
11
7
8
8
13
15
21
12
5
20
0
31
-2
-8
5
0
0
12
-8
0
8
0
8
9
-6
4
0
-1
11
13
-1
-2
13
21
5
16
21
10
-9
18
4
5
22
3
-13
18
-7
18
0
-3
26
-1
1
16
6
11
16
17
5
19
14
8
18
-8
9
42
33
14
17
24
30
5
11
13
29
10
15
20
5
25
16
16
2
21
24
24
33
23
21
15
46
27
16
-1
28
22
14
24
2
13
23
28
35
26
28
57
40
48
36
41
40
24
36
65
39
37
37
39
27
50
34
39
43
46
52
36
44
32
62
57
44
54
42
71
53
44
63
44
17
47
22
49
35
43
36
48
56
32
63
49
47
41
42
51
52
26
61
56
44
27
44
44
44
39
57
49
44
47
55
40
48
57
34
33
46
56
56
21
56
49
39
43
64
58
54
80
41
47
70
48
40
50
51
58
56
69
49
47
15
50
37
49
52
31
70
40
60
51
67
60
75
52
47
46
62
68
47
55
59
44
64
54
19
56
54
54
64
57
54
40
66
63
36
58
63
58
39
69
48
62
58
40
62
76
53
67
60
55
71
70
48
60
70
58
52
43
59
50
65
60
47
73
58
70
55
60
53
54
64
48
64
85
67
62
74
47
76
59
84
71
47
55
60
52
58
69
50
50
53
61
70
58
51
63
48
65
68
58
28
36
66
55
52
82
47
68
69
52
93
51
83
71
61
62
53
73
56
81
80
92
75
58
67
70
65
48
60
58
74
68
58
53
66
71
55
61
81
92
65
85
81
100
71
79
84
78
71
68
55
77
63
52
58
68
90
100
71
74
57
77
65
83
73
66
79
85
83
62
71
96
83
83
60
77
81
55
72
84
77
81
97
75
79
70
68
72
74
84
81
84
64
68
104
71
49
74
53
64
63
60
53
65
68
82
75
59
75
53
78
60
68
69
62
81
52
71
89
86
64
73
79
79
70
84
85
74
78
96
54
67
69
37
87
66
102
41
73
72
63
86
92
68
79
73
88
75
63
63
79
73
62
74
104
75
101
57
77
55
79
82
50
74
92
72
87
33
89
49
51
60
73
50
46
57
75
76
64
85
62
55
83
77
122
91
55
63
90
84
65
79
74
71
66
66
97
71
65
51
85
67
64
91
90
91
74
68
75
72
87
82
88
64
72
70
64
81
69
86
66
84
49
72
98
102
77
68
55
72
100
75
74
79
63
75
93
54
78
91
62
49
87
86
91
73
72
74
52
81
79
86
54
88
79
72
50
84
63
70
72
60
82
77
84
92
48
69
77
66
86
73
86
63
53
98
86
77
61
49
52
82
100
41
100
61
51
72
79
61
82
64
101
58
76
69
74
55
65
79
58
80
72
81
60
57
70
91
82
84
78
63
89
77
96
86
63
87
70
46
70
88
88
94
78
80
78
71
70
89
91
67
94
66
69
83
85
88
81
82
74
78
67
85
72
76
90
102
76
90
104
66
104
102
79
79
59
64
74
83
58
70
87
70
82
87
91
82
78
62
84
75
69
88
75
68
77
83
82
80
73
108
91
76
89
127
45
90
73
81
107
90
77
82
95
101
90
96
72
108
97
71
104
87
88
88
89
65
91
81
87
100
84
94
82
95
77
97
79
59
81
68
104
81
64
85
79
93
88
96
72
63
89
86
79
93
76
87
105
69
80
91
90
87
100
99
59
94
89
95
86
89
75
78
77
78
82
76
72
75
88
67
98
86
94
71
81
89
97
83
81
74
79
72
93
82
95
77
74
79
83
105
69
88
106
79
76
95
68
55
89
84
69
82
95
82
92
95
75
97
54
68
73
85
63
106
79
83
88
85
74
47
87
73
98
98
83
86
91
78
63
80
107
91
67
74
69
58
65
92
74
70
68
81
84
100
78
82
84
98
65
83
70
100
82
96
71
87
92
79
107
97
83
82
63
97
102
88
104
78
81
97
94
96
76
86
73
105
79
91
81
82
59
102
67
86
96
78
83
79
78
79
80
75
71
72
82
91
75
78
87
65
87
87
85
83
67
80
67
72
91
78
101
67
95
94
76
82
111
97
99
84
96
79
86
67
86
84
92
84
104
86
102
