-56
-35
-61
-72
-25
-31
-38
-21
-50
-21
3
-25
-58
-50
-53
-37
-5
-18
-24
-8
-11
-64
-22
-40
-49
-44
-18
12
3
-8
-29
1
-39
-16
5
-9
-21
-24
3
-11
-21
-6
-1
6
-6
-19
-7
-25
-24
-25
-17
7
30
-7
-7
3
30
-9
-7
-24
-9
-6
-1
-27
-24
-10
4
-14
-16
-11
4
15
17
-14
-28
1
-11
-15
-19
-10
-25
-8
-8
-15
-10
-28
-21
-15
-8
-25
-7
-17
17
-19
13
-5
-8
3
11
-10
-1
1
-5
-11
-7
26
-5
3
17
-3
-20
84
25
-25
-17
-11
21
28
-13
-9
-32
4
-31
-12
11
13
-9
-8
-3
24
-18
-11
53
17
-6
-20
-3
-10
-22
3
2
-14
1
35
-10
-16
-10
4
-20
-24
12
21
-3
-3
9
-17
-11
-5
51
-9
2
2
-21
-6
-11
5
13
40
-1
101
29
-6
4
10
2
-7
-6
32
-1
19
9
2
-9
30
14
11
7
-1
8
-19
5
11
-10
-9
-9
39
9
19
25
24
2
0
19
8
0
14
10
-2
-2
-9
-11
-15
21
11
23
-3
5
16
31
3
50
12
-1
-11
-14
24
18
-25
8
6
1
48
22
-10
76
2
0
39
20
-21
-4
23
5
0
34
-8
15
2
25
22
1
-5
0
-16
23
8
17
4
-9
-4
20
7
48
54
-11
57
21
11
6
5
-3
26
23
8
55
0
27
9
16
15
18
57
16
42
20
16
31
13
41
50
12
9
67
44
37
22
3
21
-6
34
22
37
-1
68
34
28
23
-4
-19
-13
20
71
-8
31
53
38
62
29
-2
10
-6
43
25
34
13
43
29
2
28
13
49
31
22
18
32
35
15
77
44
39
46
23
46
15
38
49
30
41
-11
20
33
56
41
-4
56
30
41
68
3
8
35
46
64
21
8
58
56
19
-15
-1
60
53
56
72
13
21
78
60
62
53
51
49
-18
44
69
49
13
24
41
21
50
55
69
52
97
32
65
91
30
43
48
84
20
94
94
72
85
3
54
65
75
74
40
62
62
56
30
58
30
98
25
16
34
71
105
32
44
67
15
77
48
53
72
77
63
53
66
12
0
72
23
77
24
63
63
50
57
39
68
54
5
78
74
23
88
44
72
79
43
73
58
43
78
100
78
60
19
68
52
76
95
54
85
72
54
67
52
59
84
44
84
56
66
76
52
69
59
25
71
69
80
27
81
93
63
44
79
92
87
99
72
28
87
60
28
4
72
29
84
74
-6
35
62
60
58
102
88
66
75
48
50
54
34
-8
68
62
108
65
104
77
69
31
55
41
63
39
81
34
89
28
70
42
78
42
90
62
95
57
54
93
122
84
36
75
73
60
59
65
62
49
64
64
39
103
90
70
38
35
56
81
74
37
26
95
122
98
48
90
109
90
63
60
42
59
19
75
33
91
66
94
92
68
69
52
108
65
47
108
56
39
83
89
81
71
43
90
74
77
26
54
82
63
51
70
103
94
71
72
72
4
73
25
76
36
26
90
74
32
78
61
78
32
63
68
83
94
68
-6
47
84
45
77
76
96
67
92
69
98
67
63
72
42
38
120
78
53
41
107
102
45
80
72
77
38
100
50
34
47
84
29
50
50
27
23
69
83
17
50
13
52
85
29
41
51
82
7
65
-13
26
51
43
97
90
43
9
65
79
22
82
36
20
74
53
78
75
62
49
46
54
31
71
75
43
93
18
75
48
95
59
58
23
67
18
48
47
54
62
66
114
68
-5
87
53
50
59
13
54
94
52
37
58
52
65
52
25
67
76
61
14
22
87
58
60
69
77
44
54
52
74
24
80
79
73
-10
72
31
44
35
77
56
33
69
94
28
23
54
34
65
68
57
74
42
77
88
25
72
67
72
86
104
58
101
60
74
52
65
40
63
33
93
43
78
65
135
53
47
59
15
91
92
52
16
82
56
78
43
49
57
66
103
32
23
11
115
73
52
45
66
42
93
70
77
78
95
72
55
75
65
37
67
69
75
94
99
94
73
83
56
61
24
100
85
47
98
55
74
82
102
26
98
81
55
96
63
47
76
95
61
64
96
101
44
59
82
93
60
61
57
62
55
25
81
37
20
78
69
82
84
88
96
72
100
63
55
65
61
81
97
58
65
88
82
90
86
81
73
59
80
27
66
75
67
104
63
-18
82
75
67
96
49
96
99
71
58
71
55
68
65
46
91
40
31
85
58
69
132
84
86
25
44
52
106
65
88
89
139
59
50
66
77
86
103
87
49
103
74
71
78
44
78
49
55
58
64
81
37
57
62
42
98
79
71
85
75
37
103
84
67
80
61
57
58
53
90
58
83
48
91
89
42
66
103
62
72
58
70
47
55
111
21
72
77
78
75
105
58
82
65
67
70
64
23
37
60
89
113
59
67
36
43
77
112
80
59
70
78
86
85
74
82
99
69
89
70
40
17
87
79
37
77
110
71
83
64
110
60
111
63
62
30
54
46
82
32
110
94
63
107
95
40
57
66
62
81
73
79
22
77
77
55
55
48
114
100
119
60
86
50
62
82
63
68
75
112
40
74
81
45
94
69
55
62
109
54
85
64
62
83
51
55
57
95
73
77
75
57
75
78
107
85
38
91
63
89
72
53
84
106
91
83
87
95
72
62
82
21
113
63
93
113
61
97
74
90
76
88
104
80
30
36
95
77
72
65
64
57
59
71
41
83
47
76
117
60
50
76
97
70
80
94
68
78
88
89
65
60
68
63
90
28
91
55
64
31
68
88
97
75
37
101
108
9
70
79
68
64
49
67
102
67
131
59
67
78
60
36
72
37
96
95
69
29
63
63
80
77
39
67
54
49
74
61
91
76
102
110
46
31
90
94
61
73
86
94
53
85
105
83
78
50
102
81
64
47
60
60
98
74
78
75
51
68
70
67
54
65
77
105
39
39
27
67
73
76
98
60
62
37
39
73
81
53
57
92
89
61
90
92
90
46
79
93
20
98
119
92
92
106
82
44
76
81
87
63
80
81
37
76
84
51
47
45
67
74
86
35
79
62
78
70
57
67
41
68
19
99
81
102
25
76
31
92
73
63
83
70
49
68
57
50
74
67
77
82
47
13
64
62
55
71
41
85
70
75
