-58
-34
-63
-70
-29
-41
-24
-12
-41
7
27
-31
-30
47
-42
6
2
-51
11
17
9
12
32
9
48
-3
29
16
-3
15
-22
-15
-14
4
5
2
-9
-21
23
-11
-11
-17
-21
-3
-27
-17
6
0
12
-14
-3
-24
-6
0
8
1
16
-16
-18
26
-5
-5
2
48
-7
3
-10
-5
-9
3
4
-17
2
-8
0
14
-11
-23
-4
-12
-19
20
20
0
-9
-8
-13
11
-20
38
10
18
-20
-19
-11
11
67
41
12
48
28
91
-12
58
1
1
15
3
37
66
45
21
12
10
46
12
56
9
0
49
16
90
17
42
31
0
16
-24
7
12
5
29
103
-6
74
87
40
57
50
-4
113
61
43
82
47
87
37
75
18
6
4
68
81
58
77
57
69
64
31
84
69
71
93
70
55
50
72
68
79
18
75
11
66
68
53
84
71
64
53
63
57
90
50
67
83
59
69
66
56
74
49
2
58
13
74
77
63
64
58
56
-6
70
86
44
-8
-4
49
56
67
39
49
56
46
17
64
60
66
65
66
-11
50
77
50
46
50
51
60
56
59
85
68
57
46
12
21
-13
-31
-23
74
99
20
19
39
64
51
50
24
10
5
19
34
34
-12
-23
75
-14
80
9
38
92
69
-15
62
43
25
56
61
49
47
13
75
37
-30
2
62
101
68
78
37
113
35
-4
52
24
5
44
39
10
4
10
43
21
75
26
29
67
44
86
7
67
25
24
1
34
40
24
-1
-11
15
13
44
13
44
42
66
97
58
57
64
43
33
8
76
40
16
13
48
39
60
9
30
47
26
92
26
43
15
62
66
44
75
36
90
77
80
97
63
-9
75
45
64
19
40
74
126
97
57
37
11
36
58
61
83
50
63
97
66
98
39
59
61
48
44
55
68
71
55
106
60
95
108
30
29
63
35
68
50
85
48
80
-7
111
81
83
85
48
22
51
46
72
76
71
70
109
114
41
58
46
79
70
20
89
37
70
36
85
76
85
62
43
67
35
102
49
83
88
48
94
75
99
68
26
32
34
68
93
43
73
49
95
95
33
44
37
55
32
74
66
38
44
81
46
78
85
93
109
60
68
94
61
106
61
55
58
40
74
74
83
72
71
53
84
67
9
98
63
66
80
51
111
61
67
59
110
69
62
63
95
62
71
72
89
39
76
54
83
68
115
79
62
83
70
74
93
120
124
64
52
79
61
78
88
82
100
109
57
74
81
68
75
92
118
51
27
86
84
73
81
137
82
75
60
98
79
77
58
83
84
89
76
64
88
95
49
92
110
75
79
100
82
108
90
56
51
85
74
40
77
78
112
100
30
95
94
73
78
54
46
88
67
83
24
90
53
86
51
45
63
74
84
80
63
45
72
79
80
134
92
55
118
117
65
67
96
85
80
94
63
105
101
46
108
64
73
76
28
60
50
110
52
64
28
82
72
71
60
74
97
41
52
73
93
61
66
101
73
81
82
74
92
67
51
79
80
63
86
119
40
85
74
38
58
85
88
54
86
117
47
99
88
68
93
66
59
77
72
78
73
90
70
90
130
92
77
87
58
57
59
92
60
57
122
63
110
72
102
86
88
79
94
65
82
50
53
67
73
96
86
57
83
61
100
111
73
89
69
99
99
71
71
60
69
72
106
95
41
21
86
56
69
84
102
123
93
72
44
79
93
92
77
77
96
62
82
113
72
85
93
85
68
45
100
102
96
85
79
95
98
59
104
58
48
88
113
49
71
120
89
67
92
95
96
54
74
74
106
76
52
114
44
101
45
72
52
79
64
70
94
84
97
91
94
46
64
29
68
110
82
85
68
81
79
71
78
88
94
69
78
85
78
119
90
108
99
71
104
80
89
66
71
98
74
43
74
58
93
66
60
51
59
66
86
100
80
66
57
115
97
64
57
63
78
82
73
105
118
81
98
63
99
62
72
90
74
80
75
85
103
82
96
109
81
99
82
84
64
89
65
69
71
90
121
135
99
100
73
117
100
102
92
68
109
47
86
83
81
42
59
68
83
115
98
75
64
62
113
83
86
68
35
103
130
53
76
86
104
79
70
90
79
60
56
103
68
53
60
34
105
113
97
110
96
121
102
76
79
108
115
66
98
93
94
100
70
68
100
97
87
93
105
106
93
120
88
95
108
86
114
60
53
107
61
78
58
122
90
72
94
-11
84
109
83
81
92
67
94
89
83
87
91
77
96
90
5
107
103
113
129
115
64
89
73
74
87
84
89
91
87
120
85
110
80
76
90
120
64
91
83
94
120
76
107
110
141
73
57
71
37
69
73
99
127
76
119
105
81
108
64
106
72
50
101
89
108
66
79
119
90
119
83
74
86
113
118
75
101
75
96
54
108
71
115
74
61
115
83
76
77
78
71
70
53
93
62
86
94
96
62
91
76
67
91
75
59
45
81
66
87
99
80
83
83
109
91
92
76
89
84
63
68
72
90
87
85
96
109
87
100
125
60
132
54
82
75
66
125
98
112
58
89
93
93
105
96
79
44
68
84
59
89
85
85
74
118
59
57
87
62
53
87
92
92
122
70
76
82
104
115
71
97
80
131
122
91
80
101
116
92
83
110
29
75
89
91
75
115
69
104
106
130
124
71
116
113
68
52
95
89
97
111
74
95
80
86
76
88
72
71
79
94
85
92
115
80
26
98
111
120
93
125
90
119
101
96
91
93
82
74
92
55
122
64
70
108
85
90
88
129
45
117
101
86
91
75
94
90
92
51
96
93
99
116
76
107
111
99
118
119
103
70
76
