-58
-34
-65
-67
-27
-43
-32
-24
-56
-47
-62
-40
-59
-48
-56
-72
-44
-59
-46
-51
-49
-64
-68
-39
-67
-51
-49
-56
-47
-36
-57
-80
-47
-41
-80
-67
-60
-39
-13
-36
-70
-26
-43
-8
0
25
-28
-49
-21
-48
19
-5
5
0
28
-29
3
-16
-6
8
-12
-25
18
14
22
-29
-18
-9
32
-6
29
-2
39
12
38
54
50
14
82
-16
18
29
31
48
85
-13
27
5
35
29
33
68
85
24
27
72
46
112
11
3
43
34
79
115
22
-43
-10
-9
-32
36
-17
2
-46
-5
-55
-47
-35
-18
25
26
-22
-25
-19
-22
5
6
-61
5
18
13
-25
29
26
13
26
-42
-12
7
-3
23
47
125
-27
1
-13
26
8
13
-26
5
0
-5
13
84
12
51
26
-7
-20
23
-43
-22
-16
19
-62
-20
-46
-49
-13
-37
-21
-47
6
-22
-26
-7
-24
-37
3
-12
-36
-39
-19
-16
-15
-1
-21
-1
-60
-18
-6
15
-32
3
-22
-35
-36
-20
-19
7
-20
37
7
6
-14
-52
19
25
-16
22
-14
-15
-10
41
2
39
-11
-15
-12
48
41
-54
-71
33
-17
-80
-20
-65
-48
-47
-57
-49
-2
-1
-28
27
-7
72
0
-67
-8
37
47
-22
-10
37
24
-24
-13
-57
-50
55
29
-17
-34
3
-19
-20
-21
-48
-64
39
-13
-65
28
-56
30
-25
35
42
-19
17
-18
25
60
74
-68
33
73
36
-36
-15
-21
-9
41
2
33
-8
73
27
18
-21
20
44
32
49
23
-80
4
66
8
42
12
12
-24
7
-19
59
-48
69
30
30
25
3
87
22
88
55
102
123
58
87
153
78
111
75
76
42
85
125
48
109
104
69
75
55
38
113
99
56
103
112
142
56
78
96
96
43
96
39
99
72
56
57
30
93
65
88
102
90
84
56
78
90
50
112
77
88
65
66
74
74
47
104
92
88
77
75
58
39
113
48
70
74
92
103
-12
108
87
46
98
75
114
78
125
58
75
133
70
52
73
70
102
89
106
30
67
22
54
73
125
32
52
115
99
94
135
129
140
108
116
111
68
128
78
97
92
110
108
60
106
25
91
96
94
70
80
107
48
83
140
30
117
121
71
110
163
84
147
84
51
89
142
108
98
24
54
143
106
-2
46
99
62
44
75
116
105
79
90
26
88
126
92
116
93
74
99
124
65
90
187
99
111
63
79
112
114
141
134
104
59
146
99
24
162
91
58
63
98
82
121
105
98
127
128
174
118
42
30
137
99
126
105
66
94
150
28
154
19
151
88
18
123
113
123
27
117
154
102
104
29
97
154
123
41
105
15
136
114
107
61
97
98
130
40
124
162
129
158
146
113
110
188
161
80
165
134
151
99
116
129
98
100
106
240
92
128
107
119
155
86
158
104
136
92
133
114
126
187
186
96
110
118
133
108
142
93
113
139
127
92
127
142
124
130
108
173
126
68
125
72
157
99
10
124
153
123
74
106
76
147
124
159
115
81
129
36
144
133
158
114
110
138
83
159
158
168
84
93
83
112
126
121
101
132
111
137
124
92
100
26
173
43
157
17
102
96
114
148
129
95
156
145
145
81
152
121
130
105
70
156
135
79
301
9
92
123
135
82
20
135
112
73
133
-21
182
-2
-30
19
83
29
7
15
153
115
117
150
111
136
145
141
302
77
118
125
158
125
93
137
126
80
94
167
114
90
97
79
110
125
100
189
107
151
98
129
94
113
150
71
163
114
37
145
98
116
112
133
68
132
83
127
204
187
114
88
97
92
154
124
98
152
121
120
169
113
107
158
111
91
181
82
181
141
77
103
26
136
114
124
146
132
172
125
55
124
90
140
63
85
132
88
91
163
61
193
131
38
127
121
137
71
55
156
108
152
50
6
29
117
158
33
158
18
20
133
86
107
108
61
150
29
120
114
35
112
103
150
4
149
101
147
114
26
133
117
189
127
125
62
140
133
152
268
35
77
88
25
152
130
139
146
157
111
123
137
117
119
138
115
103
79
115
75
137
133
118
89
122
111
124
89
79
96
143
139
131
79
148
61
186
162
139
118
41
81
147
136
69
115
123
75
119
162
154
110
84
79
124
84
103
152
89
126
139
110
122
86
128
146
183
130
165
280
12
177
99
130
170
148
73
87
136
124
118
125
103
121
141
130
154
122
157
105
143
114
110
121
84
193
111
141
114
155
132
128
83
68
130
118
163
128
82
140
128
127
101
147
96
147
191
117
67
161
92
99
130
104
99
144
119
109
151
147
84
133
95
128
82
106
127
124
123
95
103
96
123
94
116
49
106
105
138
86
134
112
164
105
107
101
121
139
146
151
105
117
93
135
134
241
101
106
159
108
73
143
97
43
146
91
80
133
120
123
124
151
131
93
65
83
103
125
134
157
117
144
18
98
126
27
118
114
138
148
104
112
121
126
70
130
249
111
108
135
107
117
118
108
137
130
122
116
115
157
159
129
121
126
56
69
113
177
151
124
115
119
159
99
179
138
175
65
42
165
174
143
151
119
115
123
133
130
140
112
73
160
101
96
108
117
13
153
95
140
127
135
139
127
94
71
115
100
68
89
119
129
123
58
165
97
157
172
111
36
127
150
130
75
128
86
148
141
121
118
116
23
165
105
108
109
162
152
120
59
166
85
153
124
122
61
99
