743
51
22
170
106
287
62
1000
98
203
393
2
75
87
271
118
960
215
923
1000
1000
62
1000
814
474
7
470
98
34
526
728
191
1000
935
12
18
74
1000
1000
268
372
15
479
1000
109
205
544
632
69
1
558
180
3
1000
145
38
1000
805
1000
193
120
311
52
29
28
1000
976
1000
556
525
953
1000
1000
1000
25
20
1000
8
1000
207
1000
275
1000
50
1000
1000
1000
1000
616
541
1000
1000
287
530
1000
50
86
525
164
118
158
44
133
31
229
728
459
219
154
505
28
294
68
912
245
99
125
484
237
140
180
691
489
175
336
271
366
396
246
1000
31
89
833
8
638
325
79
60
81
32
15
24
239
212
1000
1000
470
84
546
58
391
99
538
206
685
146
383
946
484
217
297
66
32
22
332
462
507
1000
1000
105
311
49
39
124
1000
293
26
164
16
204
377
642
470
14
358
141
201
528
105
76
521
116
737
94
952
1
334
396
594
191
69
280
81
174
106
297
129
73
177
359
306
532
83
410
100
313
15
138
339
251
72
860
46
270
420
51
301
85
211
96
769
19
296
401
129
143
399
84
210
288
81
124
402
164
46
416
793
101
35
284
409
66
90
6
27
228
4
91
709
210
192
23
31
461
372
176
78
165
382
232
158
312
119
160
341
84
240
11
48
776
27
159
368
97
15
277
341
563
