506
1000
518
164
326
799
82
17
582
45
588
15
831
321
254
625
817
59
40
919
21
110
196
78
37
20
54
199
66
369
266
85
883
226
161
310
1000
31
334
34
312
559
233
392
609
22
1000
32
1000
1000
88
31
184
961
416
19
1
379
340
15
1000
1000
618
518
400
1000
1000
463
206
617
1000
778
1000
971
1
7
129
85
16
1000
5
1000
1000
873
88
90
1000
489
186
344
928
174
883
1000
1000
956
514
1000
950
279
50
57
182
1000
1000
1000
1000
142
47
101
3
55
772
8
1000
1000
1000
1000
46
19
20
1000
1
493
91
189
979
675
864
367
20
1000
575
124
97
989
320
132
24
852
11
32
191
200
393
63
3
298
144
503
1000
79
200
964
1000
1000
624
64
51
120
624
1000
289
111
496
47
144
23
427
267
227
347
256
1000
55
615
89
141
19
293
95
1000
243
278
642
1000
545
494
927
337
287
379
583
363
44
37
3
29
145
118
1
912
222
23
504
198
98
482
353
72
57
205
54
55
786
188
493
470
166
13
456
656
727
402
257
1
451
203
321
30
22
98
31
10
186
200
422
281
314
48
177
503
29
784
21
616
9
306
809
71
117
1000
29
1
52
100
496
822
