1000
39
1000
421
433
519
1000
215
1000
143
183
1000
788
1000
459
906
1000
84
88
217
15
1000
614
592
1000
538
781
900
8
1000
69
1000
66
942
523
826
175
1000
1000
394
378
204
86
162
269
80
102
31
77
1000
1000
4
618
67
1000
477
5
160
119
604
527
839
1000
660
1000
727
1000
409
1000
886
1000
14
935
716
651
94
1000
752
1
228
511
233
202
116
270
80
1000
844
971
419
194
208
247
974
276
360
467
291
748
87
234
629
359
1000
34
545
80
1000
462
192
174
205
885
88
499
498
387
324
161
737
344
229
1
719
10
68
162
302
156
96
619
127
400
100
545
177
461
115
64
48
13
427
74
714
58
1000
1000
14
176
100
111
776
74
424
125
246
1000
541
16
336
43
154
95
180
265
702
317
194
273
21
153
125
448
215
53
113
327
483
433
918
22
30
205
341
81
88
165
104
562
205
182
421
440
117
68
5
218
139
456
357
78
126
276
108
270
433
123
208
130
105
207
480
306
133
156
206
237
16
29
4
503
123
133
1000
317
91
240
784
119
241
3
513
1000
155
177
154
255
70
155
618
195
4
666
192
211
31
72
58
244
310
393
103
407
55
66
75
149
205
624
48
41
85
70
427
61
26
79
68
71
63
22
423
23
109
11
42
59
31
199
117
431
974
