-56
-20
-73
-52
-31
-66
-58
-12
-43
-73
-59
-42
-59
-66
-35
-38
-46
-39
-11
-8
-26
-40
-56
-59
-53
-47
-62
-44
-35
-35
-20
-56
-43
-40
-48
-50
-26
-36
-33
-16
-21
-41
-59
-39
-17
-43
-46
-66
-70
-52
-59
-66
-30
-67
-63
-38
-59
-50
-63
-43
-23
-12
-21
-47
-42
-22
-54
-21
-38
-45
-26
6
-12
-25
5
-45
-33
-55
-53
-47
-48
-47
-65
-18
3
-35
-32
-22
-15
-23
-5
-25
-49
-19
-73
-47
-63
-64
-4
-44
-50
-34
-52
-36
-68
-58
-33
-49
-36
-30
-31
-6
-69
-73
-34
-56
16
-25
-64
-58
-45
-15
-74
-40
-56
-31
-53
-54
-44
-80
-74
-46
-14
-32
-52
-17
-57
-33
14
-67
-51
-50
-8
-28
-47
-30
15
-42
-21
-48
-23
-6
6
4
-67
-34
16
8
-1
41
42
-38
-42
-19
-3
-1
-20
-41
-23
39
-31
-44
2
28
16
-52
-32
13
-31
-40
-4
-12
-27
54
15
-24
-16
3
27
4
36
58
16
-34
28
48
35
1
-27
31
-18
-27
-26
-10
-11
-18
42
-31
-18
-22
-47
12
-1
-27
57
-6
-40
8
27
46
-10
-72
-3
-3
-1
69
13
29
48
-36
33
79
0
0
6
11
-4
9
39
33
7
38
13
11
-8
67
37
71
36
-6
-34
-10
-50
63
-12
35
14
3
31
67
14
17
3
37
35
29
12
85
49
82
-41
-33
1
-33
55
51
12
45
54
64
38
24
1
0
-1
62
45
-17
63
-34
-36
33
56
5
68
22
87
54
67
47
110
-7
21
12
35
50
55
25
44
26
30
106
37
33
30
72
64
-15
21
43
-10
12
-1
55
62
60
2
24
106
-1
63
6
-12
25
31
50
46
3
7
48
27
28
16
129
66
0
-22
63
58
20
49
60
27
4
130
68
59
55
-6
48
15
74
72
71
98
105
20
23
58
84
61
12
62
-2
55
88
232
14
74
68
41
76
78
74
63
15
-28
94
26
-16
55
48
27
71
58
33
8
6
85
40
76
41
13
-6
62
85
91
9
28
14
78
98
18
43
15
59
98
74
59
61
104
41
67
74
61
93
46
87
43
89
33
64
19
100
47
49
94
68
98
67
74
54
7
47
142
91
30
76
114
25
87
39
8
54
102
62
31
46
44
15
153
94
96
120
100
62
65
131
80
117
99
73
110
54
38
103
110
95
62
61
84
73
98
115
77
108
41
103
103
60
77
134
94
56
120
63
82
255
66
93
47
116
76
103
96
97
55
112
160
138
57
4
87
64
25
120
109
82
19
83
117
111
60
98
109
92
90
74
22
85
92
71
55
17
98
84
62
91
89
54
132
74
111
84
75
8
44
21
1
39
-1
43
29
27
38
102
27
85
59
139
35
87
47
101
65
48
123
62
48
78
95
87
123
126
116
79
58
117
-5
108
98
84
108
26
103
89
133
47
97
151
92
46
91
38
99
91
73
69
60
150
60
108
92
101
54
56
86
87
94
25
110
126
86
110
66
131
97
17
123
108
59
102
50
45
64
61
50
60
106
45
102
64
51
52
107
67
148
59
20
84
21
82
26
71
114
114
54
65
56
22
96
151
62
49
94
62
87
122
77
101
94
121
114
102
95
19
135
59
90
94
83
125
42
87
115
80
91
111
23
80
13
89
-10
226
61
85
66
101
214
88
64
64
166
102
85
94
49
112
52
82
61
86
79
119
77
81
78
97
64
66
95
113
42
105
62
66
57
105
105
99
81
146
138
95
77
90
92
114
93
114
89
125
64
33
132
133
81
72
15
39
32
90
116
78
87
107
43
115
86
73
95
88
172
59
91
56
97
112
53
92
80
101
22
75
15
53
112
103
89
115
108
32
35
99
109
122
107
103
93
115
81
72
95
75
41
161
48
77
98
68
101
89
88
90
127
124
100
86
99
111
101
125
153
27
58
32
101
69
-25
59
62
79
85
111
148
101
137
6
64
42
63
68
73
105
68
92
119
129
65
105
81
124
141
106
99
121
97
97
162
94
144
92
108
90
46
108
81
95
93
35
77
84
109
115
87
76
133
96
97
103
102
86
123
83
74
103
124
100
129
90
63
82
132
47
72
52
111
113
64
105
86
112
52
82
104
70
45
51
76
105
78
32
43
46
48
98
54
82
36
57
121
82
75
130
57
73
90
68
135
94
30
102
95
88
23
113
104
102
127
120
129
74
69
58
125
104
56
133
61
102
74
119
96
18
77
80
93
96
123
61
110
99
113
78
91
96
122
103
32
79
134
73
131
44
36
105
84
105
110
86
121
138
122
104
89
68
106
72
133
148
113
106
68
109
128
112
129
17
119
94
40
22
142
77
55
127
75
63
136
119
89
105
100
87
142
97
108
87
110
103
105
113
118
120
93
77
112
82
67
69
67
89
89
50
64
131
96
72
163
72
106
155
98
123
75
112
106
71
57
110
53
129
48
125
98
134
66
112
66
75
122
128
91
63
128
81
123
103
110
97
128
106
33
242
130
85
86
134
156
104
257
79
114
227
133
90
47
125
90
55
88
95
92
106
66
86
104
9
72
119
74
61
77
112
92
103
92
106
91
114
65
67
75
61
109
137
225
86
54
81
50
74
108
125
109
124
104
118
100
64
49
142
52
70
61
82
164
94
91
106
77
84
105
126
94
81
120
172
133
124
102
34
18
98
118
118
85
27
56
93
93
31
109
81
126
110
115
114
112
113
98
123
86
55
67
139
34
100
107
122
132
75
65
23
74
71
76
140
101
19
253
105
122
65
70
68
107
82
79
98
176
68
42
-10
117
107
48
111
5
30
48
96
91
106
59
32
93
124
83
104
68
109
78
92
84
51
65
45
22
59
37
131
107
137
82
106
123
97
112
136
119
104
112
96
84
90
121
76
105
59
100
240
108
105
49
101
64
23
79
77
69
107
124
110
124
106
80
129
60
118
142
81
98
175
89
88
81
49
