-59
-19
-66
-28
-55
-53
-61
-56
-28
-56
-38
-52
1
-52
-70
-35
-43
-67
-32
-36
-41
-16
-45
-29
-35
-15
-11
-26
-51
4
-24
-7
27
-23
15
13
-10
35
68
-4
80
17
4
19
46
50
59
-14
90
64
26
31
32
32
113
40
70
14
97
28
63
-21
83
73
49
79
55
45
38
79
53
45
83
45
46
100
79
47
67
25
29
53
-11
92
64
56
-26
-21
61
24
50
99
139
55
94
81
108
66
72
66
125
50
41
31
62
126
10
84
4
101
40
42
119
78
71
60
109
26
10
75
78
136
116
75
88
-2
11
130
93
49
115
99
48
125
105
17
65
44
137
81
223
83
-5
94
91
100
68
-1
27
135
75
91
109
75
53
-7
113
54
96
66
105
13
-6
66
121
92
49
105
97
98
89
109
110
118
92
92
69
110
57
98
146
76
57
49
69
95
108
124
110
96
48
93
113
88
86
90
88
53
118
112
93
68
115
43
90
87
112
71
95
84
79
86
17
24
104
1
36
94
94
74
181
154
112
124
123
161
72
125
81
98
92
166
75
87
104
149
58
105
37
114
125
69
73
72
25
125
75
62
134
9
93
118
58
27
42
4
82
125
127
123
111
57
72
69
52
80
73
151
98
61
116
51
128
101
39
109
22
52
99
101
70
109
112
28
171
60
106
112
95
111
175
96
94
170
110
84
42
172
94
-9
129
156
75
137
81
96
186
76
144
170
41
138
167
128
105
82
116
142
94
87
146
32
131
151
114
96
176
97
111
122
73
126
83
44
69
66
77
46
151
87
126
108
112
59
91
113
93
122
151
126
183
112
146
136
118
72
112
114
70
105
122
62
109
45
88
75
76
134
121
119
83
71
4
130
146
139
154
120
79
77
173
75
98
70
85
131
123
131
100
75
86
96
112
54
130
110
73
131
104
-17
113
157
85
104
79
137
77
86
106
59
124
121
107
62
126
120
118
107
92
122
124
133
112
74
75
93
146
98
120
137
146
61
117
124
104
95
129
144
93
127
82
156
122
86
122
131
64
72
10
147
119
122
57
91
93
127
128
145
80
35
115
59
-4
164
92
71
126
77
129
48
141
126
74
113
42
115
72
123
120
25
97
61
96
75
101
103
51
76
96
127
109
93
101
143
90
59
166
96
160
108
130
95
97
99
115
115
97
89
136
91
95
101
90
121
98
62
196
83
135
100
111
122
119
117
128
110
128
85
144
76
156
104
97
99
98
143
139
120
129
101
64
126
115
124
130
130
95
94
122
149
109
129
140
121
101
148
85
145
125
150
69
169
93
130
50
146
138
138
103
127
107
134
110
157
69
144
119
82
157
178
21
88
59
150
140
102
157
66
113
73
162
137
93
68
157
183
157
114
117
91
169
154
151
153
143
39
120
134
100
142
115
169
111
27
128
53
136
260
94
124
87
152
94
72
134
100
108
140
104
82
69
117
169
122
92
108
135
115
76
158
130
124
84
129
133
151
125
154
94
137
102
111
109
135
155
97
75
90
146
148
92
112
143
98
83
109
160
162
79
91
87
123
33
97
48
171
161
40
140
77
136
107
108
126
141
60
145
114
172
167
156
81
112
124
179
54
170
-12
146
114
55
89
60
125
81
53
71
102
98
106
102
130
74
127
44
53
106
115
92
118
117
62
68
138
83
162
118
135
64
123
92
111
118
85
79
133
86
116
129
118
143
139
89
136
162
98
104
132
122
133
138
34
120
64
143
139
121
109
109
161
80
93
153
128
120
133
90
90
102
125
140
71
160
93
132
144
129
86
147
136
148
117
132
90
163
130
121
99
151
94
125
126
181
146
90
100
115
150
51
92
144
99
87
130
141
71
134
62
199
130
149
93
109
101
91
45
134
124
118
113
99
117
108
125
83
140
141
143
33
58
127
131
113
124
161
86
88
82
95
69
75
136
55
139
85
99
82
144
89
15
114
102
112
159
73
74
120
141
127
71
153
97
157
74
71
112
73
132
126
166
83
112
112
115
79
82
49
132
112
112
51
152
66
14
97
125
113
144
113
129
83
163
113
95
133
78
114
108
168
134
128
87
150
134
104
191
80
142
103
74
77
85
103
139
95
163
107
136
78
143
117
102
77
110
89
153
199
137
119
128
79
131
123
113
48
77
107
47
139
113
159
104
287
122
125
31
143
156
153
107
141
177
97
134
81
93
54
101
156
86
103
122
71
105
167
146
110
85
134
45
105
150
80
25
100
110
147
126
104
110
76
125
120
105
135
103
107
254
151
108
126
117
156
165
83
106
154
150
135
130
77
121
61
77
158
162
155
145
111
155
104
91
108
77
