-58
-28
-71
-55
-25
-65
-32
-45
-43
-33
-46
3
-21
-24
-61
-47
-40
-18
-37
-51
-19
-33
-46
-23
-11
-27
-51
-6
-11
-38
17
-40
59
-12
16
101
-3
7
22
38
-12
-3
31
3
56
79
96
62
79
25
9
0
45
127
67
76
14
22
46
61
33
-10
12
3
-8
5
11
58
37
-16
-1
39
2
11
11
-25
-13
-14
-13
20
15
18
30
-23
22
4
6
-11
9
44
-7
1
23
-17
38
-24
-11
-10
-22
25
78
-33
-2
-19
-17
32
20
41
71
8
7
55
-25
-11
-8
5
91
77
123
45
81
47
26
78
24
57
46
120
71
58
39
87
-11
106
11
21
5
-10
17
5
18
52
42
72
-11
1
23
21
11
43
63
35
60
45
-3
35
70
36
24
34
50
64
74
-8
20
84
38
-5
50
6
28
91
77
74
69
97
7
83
45
61
-26
67
104
43
156
121
127
83
60
122
84
65
100
90
49
86
58
71
3
-5
23
60
16
73
22
74
119
34
64
104
12
24
-6
15
89
71
74
63
13
30
65
31
60
6
-18
27
57
-5
22
43
48
56
41
45
120
73
116
-19
55
25
38
-8
2
96
100
84
32
108
44
153
82
54
27
19
72
122
112
174
141
109
98
116
75
90
120
88
121
99
139
116
121
119
111
104
119
90
146
155
118
141
133
96
91
86
120
96
144
87
85
100
37
154
116
16
118
129
100
81
17
118
92
74
140
134
85
129
55
84
133
124
72
66
91
149
113
112
54
67
157
85
76
113
101
166
154
117
126
111
141
110
109
62
115
92
86
120
120
118
121
137
20
136
127
36
76
125
133
155
78
130
155
125
78
98
54
55
96
93
103
80
170
146
72
101
97
33
138
38
84
107
98
99
141
91
134
75
70
94
33
135
97
146
93
72
77
87
128
104
135
150
87
63
117
79
149
147
111
100
110
101
107
121
81
135
78
102
72
54
91
111
79
98
96
87
7
155
121
106
76
76
159
52
76
67
82
159
152
82
101
94
114
44
96
105
159
113
141
127
58
114
119
50
118
126
92
174
126
114
105
58
132
102
143
89
47
69
129
111
148
73
106
87
72
138
107
91
70
93
108
113
108
55
115
84
142
78
96
150
87
86
130
108
44
136
131
146
131
60
77
142
114
110
149
105
117
166
74
114
154
76
121
78
99
150
49
37
78
11
90
78
117
89
104
148
108
106
88
85
132
140
94
103
124
116
111
121
70
97
143
99
29
141
60
69
123
122
79
116
143
88
87
97
123
56
98
140
117
141
110
65
69
122
104
15
107
20
110
107
145
61
122
124
78
148
97
68
130
129
150
46
77
129
135
149
68
94
122
102
98
126
118
135
124
154
130
177
123
34
36
76
149
85
111
119
145
147
171
108
71
125
97
133
133
132
150
109
64
100
100
87
53
110
170
8
60
154
120
165
53
90
83
140
97
84
89
118
36
109
160
107
77
87
94
119
109
95
141
92
135
92
124
93
136
158
131
96
121
104
69
58
96
73
116
96
108
122
93
115
152
120
131
144
167
153
119
109
141
103
127
147
90
69
105
105
122
74
137
117
138
133
137
125
85
18
154
91
90
135
151
130
88
119
118
122
77
67
242
121
145
97
111
81
77
49
146
84
133
42
136
94
111
80
87
114
134
106
107
173
143
119
103
149
64
70
101
105
111
150
83
160
167
104
168
100
138
144
141
91
32
111
119
121
154
117
185
147
109
93
90
137
32
122
119
63
173
82
141
74
80
94
110
60
255
120
57
137
53
41
134
120
86
61
112
75
53
147
91
102
135
133
94
96
116
110
155
55
100
142
167
257
127
129
59
155
87
144
16
76
101
62
116
82
74
-5
126
70
152
124
112
80
144
119
107
102
17
102
169
116
123
26
153
103
166
92
132
95
144
122
137
128
113
112
150
175
122
155
115
177
168
167
110
92
75
133
189
113
58
57
128
102
102
140
123
124
93
139
85
65
86
109
78
125
112
86
0
-6
-1
163
145
89
103
135
158
127
128
93
114
104
59
96
160
141
114
117
102
61
150
102
118
117
94
130
97
162
118
96
144
153
127
133
107
127
63
134
83
141
45
129
122
41
86
76
79
128
58
67
61
112
121
157
104
118
108
77
74
43
106
103
151
132
150
110
81
130
122
161
168
88
133
85
144
107
118
145
114
112
130
106
137
169
144
105
141
99
92
121
132
88
165
87
131
70
139
104
129
72
112
137
117
198
75
151
93
88
93
131
118
168
117
95
112
86
106
140
154
120
79
121
130
88
81
77
103
78
71
159
76
90
30
313
19
91
89
79
93
122
108
71
51
140
107
118
96
97
134
107
125
133
150
111
152
119
49
129
118
122
151
125
103
95
69
170
107
79
123
154
78
166
51
169
103
76
154
116
90
69
161
100
84
91
143
116
129
51
127
126
