-56
-28
-68
-52
-28
-63
-44
-33
-41
-57
-35
-23
-28
-41
-48
-24
-41
-28
-24
-28
-8
-12
-39
-8
-17
-24
2
-10
-5
-8
19
-14
32
-10
13
34
1
6
16
9
27
6
2
11
23
28
30
3
20
8
24
0
28
23
39
32
7
3
30
25
30
12
26
24
10
21
14
38
17
20
17
25
28
16
32
27
36
12
19
27
19
14
-8
23
53
16
23
46
33
27
12
23
30
20
31
27
26
5
32
24
33
28
29
22
14
30
18
32
37
19
25
22
13
20
34
21
68
36
19
27
45
55
34
41
28
24
20
64
31
30
35
67
13
49
33
25
34
44
64
23
68
30
21
55
38
44
29
-3
30
57
45
58
63
21
11
20
83
49
58
49
86
11
4
23
31
74
48
19
49
42
35
40
49
58
41
60
23
53
13
55
34
24
36
57
72
79
48
66
62
78
61
70
53
42
58
89
72
50
37
51
45
56
37
51
52
56
104
40
58
78
44
57
39
34
91
45
57
64
91
80
85
63
62
65
51
90
49
68
70
28
69
111
65
71
84
98
74
54
75
71
71
46
54
66
67
74
43
82
77
61
72
73
29
49
51
62
78
109
96
91
41
76
54
81
66
66
76
83
81
75
58
71
112
75
70
86
51
80
73
98
81
83
69
52
109
86
99
66
99
75
89
89
86
62
102
84
86
103
75
76
88
94
97
112
96
95
89
76
92
95
56
110
89
103
91
86
78
47
95
85
76
54
81
128
114
133
81
66
104
84
88
76
75
67
63
77
81
51
66
80
79
85
85
80
84
86
81
110
96
111
124
100
77
81
117
90
107
111
85
97
120
104
111
86
89
93
100
76
90
103
71
66
103
102
105
96
136
89
84
104
100
107
68
64
80
106
78
102
94
58
82
82
87
89
124
99
90
88
105
65
89
109
82
85
100
108
82
83
93
76
101
103
79
65
81
107
116
105
95
96
129
85
101
93
80
111
111
99
84
123
101
70
75
103
112
100
119
109
98
102
105
96
93
73
103
133
84
106
96
99
106
95
101
94
88
97
119
108
97
68
116
82
69
130
85
65
99
89
102
67
114
89
107
105
88
110
103
126
85
65
96
94
97
117
103
111
89
87
105
105
112
122
111
114
105
99
111
134
105
84
99
111
100
122
105
97
88
83
115
102
102
92
92
81
96
95
108
92
115
114
111
125
115
120
124
101
102
92
104
85
91
107
76
94
99
106
97
118
110
95
112
103
111
104
114
92
108
110
95
88
86
98
108
92
96
106
88
108
101
175
88
118
93
116
112
89
115
102
105
112
91
109
122
139
117
114
114
103
101
121
101
88
87
109
116
115
124
82
126
97
120
92
114
95
130
130
127
100
75
109
120
130
118
123
112
90
84
103
95
88
104
126
118
77
103
115
152
114
94
93
93
126
95
88
98
90
83
111
135
80
89
107
121
105
111
90
132
110
98
115
107
130
91
106
121
118
114
110
88
75
95
110
103
92
117
104
95
104
116
108
114
126
146
113
98
100
137
110
100
126
112
122
89
106
105
109
136
103
113
115
115
115
79
110
109
100
99
111
153
114
97
99
123
115
103
90
144
95
108
108
104
90
79
93
100
94
101
98
100
111
111
114
86
121
88
100
107
127
114
120
122
108
103
123
112
129
118
136
84
141
122
97
129
79
127
109
109
92
104
89
116
123
123
103
129
119
93
122
110
111
101
99
149
83
134
116
122
108
94
113
109
102
131
96
74
95
100
95
149
116
138
83
93
65
94
120
107
94
109
119
117
97
104
93
121
111
112
116
135
124
114
107
121
129
98
120
90
104
94
99
105
124
99
82
117
96
124
97
108
110
122
105
114
112
96
95
136
103
107
103
115
109
112
104
101
101
122
113
97
107
111
111
125
128
120
128
113
107
127
111
115
113
99
112
119
94
94
111
115
72
104
108
111
123
104
101
114
116
117
100
105
107
118
89
77
89
79
117
106
118
74
96
118
88
108
88
97
100
93
97
105
134
76
95
133
92
102
106
102
114
93
117
94
122
104
106
111
109
158
93
119
101
98
120
85
121
86
117
110
86
81
109
111
113
67
108
97
101
90
124
132
103
96
92
89
103
124
113
112
114
88
129
99
116
88
100
113
89
144
109
123
110
155
119
115
90
79
105
77
84
125
127
101
99
110
105
87
115
125
106
112
107
106
107
115
100
127
111
124
126
115
125
97
89
116
118
110
111
111
104
93
78
121
115
107
111
92
173
122
118
114
102
130
110
107
127
121
98
129
158
89
125
112
103
118
113
131
