-59
-25
-68
-66
-23
-72
-13
-27
-67
-62
-31
-39
-5
-59
-53
-41
-72
-43
-23
-38
11
-3
-12
45
-23
-36
61
14
68
-4
51
71
27
7
66
59
37
25
13
17
112
34
54
-6
30
21
10
43
10
20
51
-14
23
-26
57
43
47
22
15
45
21
75
41
65
22
36
-6
61
19
25
50
10
10
22
20
30
58
107
25
65
65
34
1
21
90
40
127
239
94
81
31
9
52
41
111
68
73
24
88
31
10
80
98
79
38
58
32
26
86
43
83
4
30
27
81
26
67
40
34
47
65
30
29
113
11
18
54
43
18
91
47
95
21
8
25
24
65
91
77
46
75
53
55
81
61
123
-9
24
42
98
84
124
29
13
41
121
122
121
118
24
107
-3
-5
23
19
133
84
22
66
61
-5
-22
-9
20
21
80
-9
27
-23
110
23
-17
-2
56
22
89
-23
28
36
92
56
82
2
-2
68
106
96
86
66
40
43
81
21
100
63
84
95
51
50
178
93
137
112
3
111
85
95
81
233
144
100
114
19
93
87
96
32
118
139
71
93
109
164
111
83
151
110
124
140
125
93
86
50
48
86
65
24
73
102
137
123
133
95
58
123
58
121
116
107
42
-17
109
16
114
63
64
93
5
21
26
53
120
89
90
75
99
0
82
47
102
54
83
62
120
142
95
97
63
168
107
143
56
78
27
95
104
121
51
74
103
53
109
162
149
157
143
54
107
60
125
71
130
69
81
121
98
34
27
81
67
74
55
131
138
107
95
62
75
78
78
100
104
52
57
68
46
56
105
44
58
102
124
97
72
113
87
98
69
88
133
155
138
123
80
138
113
136
112
146
124
144
106
141
131
117
145
97
90
68
96
125
120
158
170
97
125
90
147
86
115
93
131
76
51
67
146
63
131
154
54
102
95
134
145
147
116
136
105
102
97
62
99
111
133
166
110
58
105
108
161
95
110
74
0
144
134
153
94
157
107
143
119
144
144
105
84
124
148
47
153
119
104
111
79
89
137
108
140
110
127
130
132
162
44
101
115
89
151
164
128
118
103
154
128
131
125
178
133
149
78
113
43
99
142
90
67
134
132
180
106
92
65
117
114
120
141
155
137
67
101
148
113
124
169
96
137
152
157
137
95
153
162
140
103
123
136
101
94
82
135
130
112
155
97
130
107
81
128
102
127
131
155
110
105
116
94
77
165
193
167
111
186
150
175
153
100
67
139
154
54
90
130
84
178
135
42
99
147
102
117
146
83
98
130
140
136
173
199
144
129
101
149
148
137
80
157
102
93
81
415
102
72
104
90
256
87
148
148
101
171
91
145
128
128
103
100
148
105
120
83
140
86
102
126
91
122
127
116
96
100
116
125
147
137
95
99
98
163
128
111
148
112
82
134
104
100
62
100
88
102
109
108
119
126
147
133
311
44
141
59
125
145
142
109
75
77
132
81
151
68
125
133
118
104
74
80
154
143
111
143
157
237
98
35
112
134
139
82
126
69
82
87
100
76
154
125
138
85
96
86
133
90
175
125
113
143
128
154
128
142
162
163
164
142
107
60
168
151
138
138
179
146
118
74
88
151
165
110
143
129
103
127
108
148
124
138
144
88
98
118
172
75
59
119
91
119
110
135
137
157
98
149
122
162
122
136
143
102
79
116
162
145
153
174
163
136
175
139
92
149
106
68
164
46
175
55
131
97
200
76
183
129
147
69
145
130
119
119
134
131
106
135
171
119
146
75
111
159
102
96
158
134
156
82
92
152
125
153
144
163
107
125
73
58
108
90
90
88
75
129
156
100
60
69
156
104
142
117
150
84
128
100
142
112
86
129
126
59
117
106
92
167
101
134
131
156
153
104
131
153
147
93
144
137
100
118
103
158
98
123
132
145
146
92
104
64
119
118
143
107
101
151
135
85
149
178
140
114
105
107
111
120
106
153
154
42
169
128
129
115
113
101
138
146
143
113
152
137
188
129
97
136
125
167
118
127
87
93
58
144
88
72
100
86
142
139
102
-4
104
131
103
105
88
123
180
103
106
132
74
92
119
111
60
152
129
169
96
99
132
110
137
133
138
85
145
152
104
127
111
117
127
171
143
120
105
149
125
58
28
109
171
126
114
152
40
127
160
124
102
98
55
153
141
149
109
57
76
130
197
163
163
123
125
79
115
116
-5
85
32
-13
146
131
95
58
170
110
81
142
87
160
86
101
108
80
105
142
112
125
120
80
145
95
126
98
137
127
97
100
125
95
168
81
135
102
103
117
86
297
114
131
121
71
139
100
129
189
155
111
137
139
127
160
147
157
133
118
182
