-48
-48
-65
-63
-9
-61
-56
-28
-28
-65
-1
14
-60
-6
-24
37
-8
26
-20
-8
32
30
-38
23
34
4
76
12
3
31
74
-38
92
16
19
48
11
3
13
11
-20
26
-20
82
0
33
32
-8
-5
-13
95
45
70
50
24
41
-34
7
58
38
57
31
16
30
30
11
68
49
30
59
11
28
60
27
78
76
91
-23
69
75
38
12
2
43
86
18
40
47
16
10
-5
35
-12
43
-11
61
27
9
26
43
2
81
63
55
58
-5
65
62
61
-25
26
19
14
83
60
70
58
65
-6
27
50
81
76
-20
76
80
46
82
20
32
49
102
24
39
77
84
92
132
79
50
79
13
25
58
100
29
49
-20
93
58
26
46
112
-29
33
-13
95
27
56
80
129
22
-1
53
2
62
90
16
57
7
96
69
67
54
11
86
83
33
19
48
31
7
48
85
99
114
47
95
81
78
83
52
36
69
62
116
87
39
26
81
85
102
61
50
100
53
154
76
102
46
87
30
73
155
98
74
122
75
90
107
89
89
125
108
64
98
75
77
60
-33
79
148
46
113
108
108
91
51
107
61
92
45
132
104
133
32
48
97
71
14
99
73
18
81
31
91
65
127
75
117
2
84
104
97
63
71
84
77
99
94
45
99
232
117
63
81
78
66
49
86
113
104
80
28
113
121
105
85
84
93
127
108
89
96
121
84
84
161
124
123
56
139
90
130
122
57
96
90
80
32
69
114
84
128
90
68
125
15
126
144
98
61
45
132
136
301
42
26
84
113
96
84
137
119
62
107
106
-15
10
74
124
33
76
107
77
106
103
141
105
149
82
68
14
90
145
143
134
182
115
129
149
135
162
86
49
110
170
98
122
112
-9
28
150
122
93
57
135
72
150
128
97
110
-3
53
112
153
106
50
57
27
83
111
48
99
136
92
126
100
126
106
87
128
121
59
117
108
115
165
135
35
131
92
103
133
117
70
92
148
91
116
115
84
107
106
77
127
90
81
109
144
97
78
36
108
163
106
125
69
135
77
122
90
58
65
60
154
115
121
89
138
77
109
147
112
68
104
130
106
64
143
94
128
86
87
36
36
100
16
16
-49
131
129
120
163
101
115
83
125
90
55
23
117
127
90
111
62
71
40
116
105
107
112
71
166
76
75
133
114
64
11
70
157
77
162
137
130
129
79
90
79
114
115
71
-30
133
97
73
47
98
81
123
106
125
97
121
84
159
69
57
112
90
93
87
110
45
140
106
120
88
117
135
136
110
127
128
50
113
96
99
60
156
51
123
164
155
104
117
110
96
114
113
139
145
112
94
100
39
36
125
140
87
50
115
135
229
157
124
112
135
110
129
48
42
93
119
86
82
150
292
86
81
70
132
115
155
130
137
47
1
70
126
145
135
97
113
149
88
94
96
86
135
120
106
118
114
104
100
84
63
88
114
95
93
130
132
98
89
165
154
98
74
134
174
129
173
102
82
145
152
99
103
116
112
139
119
98
131
148
96
93
99
132
130
104
74
115
82
110
109
87
120
163
135
90
80
121
125
73
80
159
139
130
103
103
136
162
126
96
126
150
111
109
96
109
102
115
29
99
89
58
77
104
115
80
50
101
118
166
99
131
121
119
123
54
106
134
114
114
68
136
150
102
106
100
79
143
124
140
151
152
150
39
94
142
140
155
98
144
90
159
156
77
134
133
112
80
108
85
148
105
106
136
111
116
70
116
93
154
121
85
138
116
165
112
119
229
144
90
127
123
121
126
71
75
86
1
120
88
277
61
251
126
85
2
72
97
121
92
95
85
106
104
118
124
91
106
149
146
112
117
90
91
139
143
104
103
95
149
106
127
75
147
81
127
130
151
82
127
124
131
111
145
128
112
124
109
137
115
132
212
129
115
68
110
120
116
91
55
107
137
133
38
87
152
73
100
128
67
108
120
139
128
151
48
124
110
82
135
137
96
116
117
75
72
127
104
80
143
89
92
96
93
73
35
125
112
115
97
76
103
37
83
90
66
123
76
111
159
129
44
128
161
64
139
182
102
98
102
129
130
92
153
157
158
92
89
147
107
327
35
106
80
64
119
39
50
113
123
83
104
89
115
139
92
56
50
89
98
97
93
139
95
112
65
120
91
100
72
129
114
85
132
58
174
88
126
124
88
132
125
41
121
134
171
130
98
7
79
33
82
60
150
43
160
174
100
86
140
110
114
121
104
90
142
86
76
199
137
119
161
140
123
118
125
124
111
61
144
93
126
73
77
104
153
90
91
116
133
82
146
153
140
155
121
113
86
115
53
237
106
118
140
148
86
113
86
100
138
116
96
108
71
88
92
75
89
65
96
134
99
9
133
121
143
90
82
142
113
71
146
123
134
152
195
83
136
-21
97
143
114
130
131
132
79
45
73
97
