16
44
9
19
17
14
25
10
16
9
25
22
27
16
23
13
26
12
13
17
24
11
12
11
29
20
12
11
23
12
12
8
10
18
10
13
15
15
12
10
11
19
13
21
12
8
17
12
11
10
24
10
15
11
9
9
14
17
10
13
17
17
9
15
8
8
15
17
11
14
20
12
10
9
10
11
12
9
11
10
8
10
14
10
11
12
15
13
11
11
10
10
12
14
10
9
10
11
16
18
11
13
13
23
9
15
54
8
20
15
15
13
20
14
11
22
10
15
15
22
16
26
22
24
21
27
18
16
10
14
10
31
32
31
12
14
24
13
13
13
38
9
24
14
12
21
25
20
37
29
11
18
12
20
11
14
28
9
20
11
20
12
13
14
17
42
20
24
12
16
13
13
11
20
12
10
11
16
11
13
12
13
14
18
21
26
20
18
17
33
11
12
18
14
12
25
19
10
11
19
15
11
17
45
17
20
12
18
45
15
23
15
34
23
11
11
14
45
11
21
14
36
22
10
25
27
11
14
14
15
12
15
9
15
15
45
14
37
18
23
11
48
10
25
37
19
30
23
21
18
14
32
26
15
18
17
24
19
9
13
18
42
13
21
12
17
25
20
36
74
32
57
37
15
14
20
36
27
11
39
16
22
44
34
27
34
40
34
13
33
51
26
28
47
11
11
15
47
12
10
16
37
22
46
12
31
22
16
43
10
31
21
31
64
31
15
43
70
14
76
23
37
45
13
15
44
33
18
23
40
29
66
22
18
27
25
23
40
31
24
48
16
19
16
79
9
62
15
27
32
51
30
18
35
32
20
42
55
28
22
13
82
45
39
25
19
21
28
62
30
76
13
71
108
40
23
19
18
22
22
29
51
30
95
101
129
28
54
34
39
45
33
94
71
42
58
71
31
77
80
32
57
132
62
13
52
55
156
76
29
16
63
55
58
16
35
83
80
45
47
25
59
67
79
31
35
52
69
54
10
153
100
108
73
54
69
165
148
147
269
68
66
90
99
18
87
69
69
76
85
107
103
50
107
114
97
77
248
130
174
138
173
177
105
208
61
120
244
108
34
70
134
120
89
89
72
15
236
108
278
179
263
176
112
118
226
111
79
12
206
16
65
256
54
205
165
245
247
222
254
41
289
222
301
180
176
500
335
282
31
262
240
500
500
500
238
328
289
500
254
229
238
264
366
411
58
225
500
253
248
219
146
132
333
500
500
74
382
78
159
106
136
99
99
119
163
84
156
130
340
500
309
277
89
500
362
279
369
343
311
500
469
285
415
480
284
334
396
390
500
500
458
467
362
500
500
486
399
500
500
500
500
445
500
500
500
500
500
500
500
500
500
500
445
500
404
283
500
500
500
500
500
500
447
307
44
311
500
385
15
33
207
270
220
288
370
414
430
500
500
303
345
500
500
314
500
468
319
311
294
500
103
373
395
273
189
229
249
202
215
271
270
203
153
187
166
196
213
261
226
199
187
207
205
209
303
328
273
457
413
260
226
232
255
387
350
310
500
382
444
345
500
500
500
500
500
398
112
406
361
265
323
299
289
128
391
197
429
294
500
500
500
500
500
500
500
500
500
500
500
500
500
500
500
335
417
473
402
359
319
467
314
500
410
500
500
500
500
500
500
304
500
500
413
200
202
336
285
293
