-57
-45
-56
-62
-29
-46
-46
-35
-30
-60
-53
-18
-70
-2
-80
-1
-31
26
15
-48
-34
-37
-55
-44
-57
-40
-66
-23
3
-24
-36
-67
-42
-30
-10
-79
-26
-73
-55
-37
-39
-20
-61
25
4
-8
-36
40
7
-22
-39
-27
-29
40
-31
-17
-4
-18
-26
8
84
14
-2
2
10
-20
-93
-56
3
-91
-77
-93
-93
-87
-55
-89
-91
-93
-90
-92
-91
-90
-89
-92
-88
-91
-77
-91
-90
-87
-87
-79
-87
-91
-79
-71
-75
-72
-83
-62
-82
-90
-81
-77
-84
-89
-84
-79
-88
-87
-83
-89
-89
-82
-81
-87
-79
-78
-65
-53
-50
10
-53
-49
59
-53
-44
-40
-70
-55
-32
-67
-60
-54
-33
-36
-47
-30
-53
-80
-88
-90
-92
-87
-90
-90
-93
-89
-90
-87
-87
-87
-88
-80
-88
-92
-85
-92
-89
-74
-82
-86
-80
-82
-73
-87
-90
-84
-75
-92
-89
-94
-84
-89
-94
-82
-84
-66
-16
-73
-49
-5
-95
-87
-86
-77
-87
-71
-92
-78
-72
-81
-92
-83
-87
-89
-62
-88
-86
-71
-55
-73
-71
-45
-49
-74
-83
-77
-63
-71
-86
-85
-90
-85
-91
-63
-89
-88
-84
-85
-86
-74
-89
-75
-86
-79
-30
-23
-2
-21
-11
-15
-75
-64
-79
-77
-64
-82
-84
-79
-84
-74
-87
-69
-87
-74
-69
-83
-43
4
30
-28
-81
-50
-59
-83
-57
-59
-85
-64
-31
-36
-50
-48
-67
-62
-37
46
12
0
-2
-59
29
-20
4
-2
-34
-14
17
6
9
27
6
5
45
47
-39
-40
-55
-63
-59
-63
-73
-78
-76
-60
-64
-66
-78
-84
-64
-78
-72
-73
-57
-73
-69
-79
-54
-31
-18
-8
-12
-14
-35
-35
-77
-68
-39
-19
-41
-13
-45
21
28
11
22
-65
-84
-68
-79
-78
-66
-55
-60
-38
-57
-53
-54
-87
-76
-76
-79
-87
-78
-67
-68
-73
-72
-60
-36
-40
-45
-33
-40
-40
-40
-43
47
18
-4
6
26
51
42
-27
-17
-2
-22
4
-27
1
-7
-60
-63
-60
-56
-55
-44
-51
-51
-60
-52
-53
-66
-60
-59
-55
-57
-58
-56
10
8
12
29
-12
1
26
-7
25
5
-49
-48
-45
-69
-48
-44
-69
-68
-16
-46
-44
64
55
-3
-16
6
35
4
3
1
-38
-59
-24
-22
-32
-16
9
11
-18
-22
-42
-62
-31
-20
-16
-58
-33
-36
-19
-32
-56
-19
-25
-32
-20
-41
-31
-22
19
-9
13
-2
-16
-1
4
-18
-19
-31
-32
-45
-22
-38
-10
-41
-9
-52
-32
-19
-34
-64
-57
-38
-52
-39
-51
-53
-31
-54
-55
-50
-43
-19
-51
-52
-48
-40
-30
-34
-25
-54
-55
-12
-32
-16
1
24
37
19
12
14
46
-4
61
75
7
13
-6
-3
-40
-9
-36
-48
-24
-39
-38
-21
-25
-38
-44
16
-28
-2
-39
-51
-24
-8
-14
-35
-29
-22
-37
-27
-18
-21
-40
-29
-37
-13
-27
-11
0
15
22
61
29
-34
-39
-23
-46
26
9
-13
7
0
78
-35
-49
-23
-8
-43
-36
-36
-65
-38
-14
-5
-39
-50
-14
4
-11
-10
-11
35
46
34
35
19
56
18
-15
-25
0
-8
-7
5
-25
-8
-5
7
-3
-36
4
-18
-18
-16
101
69
105
33
-4
63
31
30
-2
-3
11
64
3
29
-2
4
-7
67
-10
7
64
52
67
32
46
11
-12
-27
-46
-83
-21
-9
-84
-75
-40
-62
-53
-43
-20
-48
-44
-68
-33
12
23
-27
-63
-9
-31
1
-46
-35
-43
8
-63
32
-9
22
25
9
48
20
-33
-22
-27
-22
-55
-39
-32
-79
-70
-70
-37
-54
-64
-67
-67
-49
-55
-83
-55
-68
-44
-68
-44
-59
-44
-39
-62
-57
-57
-57
-51
-47
-38
26
-4
40
14
94
5
19
12
-8
-17
-28
-3
15
5
-29
-6
13
-11
-11
15
-21
-18
-7
16
-22
-25
18
17
-25
-20
17
-17
-5
-18
63
-37
-70
-64
-84
-43
-52
-48
-62
-9
-19
-17
65
38
-24
-30
-46
-51
-23
-36
-40
-16
-45
57
-5
18
0
42
-1
13
-43
-40
-20
-20
-34
-20
12
-27
-29
-49
-24
-28
-1
-27
-16
-15
-24
-23
-13
-38
-66
-4
12
37
64
82
74
30
-19
31
10
62
82
12
-4
-36
-74
-9
43
28
51
3
75
5
-22
-9
-17
50
-8
-20
-45
-22
-49
-49
-72
-9
-30
-27
-50
12
0
14
53
-1
-12
-13
23
35
-18
22
47
-55
-39
-55
-80
-53
-51
-15
-45
-31
9
37
-22
-30
9
-26
16
-17
10
-20
-19
-12
-7
-49
15
-3
-1
-47
19
16
10
25
-13
22
-6
-34
-51
3
65
-13
13
5
44
-49
-2
2
-7
21
19
0
-48
-12
-74
8
-34
-6
-1
-21
20
5
-8
-19
-20
14
33
-23
-11
12
-12
-1
-14
-16
1
-14
-7
0
-3
-12
60
45
21
39
-19
-14
-41
-12
-16
-21
-8
-4
-30
0
-18
-31
-34
-29
-6
-32
-2
0
24
8
-1
9
-2
94
-29
-30
25
47
46
-15
-7
-25
-16
22
14
-14
-32
-9
78
-40
7
30
54
82
52
8
30
-6
-14
-7
-18
-19
-18
29
10
31
-15
19
27
-2
51
15
9
-10
12
1
39
58
18
-23
8
2
15
-7
-51
-37
-44
-23
-1
-35
-28
-29
-31
-6
-39
-26
6
-14
31
-55
-72
-47
-47
-54
-60
-6
-16
-39
-54
-4
26
-6
16
-43
-31
-46
-16
-67
-69
-49
-61
-8
-23
-41
-16
-25
-25
-18
-7
-34
-4
-19
8
-11
-39
-29
-59
-71
-89
-19
-13
-1
-3
-12
-6
-15
-9
13
1
-6
-13
-1
-1
-35
-28
68
61
18
51
56
118
-38
69
97
43
25
88
7
24
115
41
11
4
71
51
67
51
70
43
55
29
45
66
79
48
50
-12
18
57
44
-61
21
-26
-28
-37
-19
-62
-22
-20
-28
-32
26
-36
-44
-50
-38
-47
-27
-45
-36
-61
-52
-59
-32
-54
-52
-46
-53
-52
-53
-70
-67
-65
-65
-72
-40
-61
-51
-66
-52
-63
-54
-55
-54
-66
-50
-52
-3
-48
-11
-45
-17
2
-34
-4
-29
-31
-7
26
23
-22
20
14
17
-32
-8
-22
-48
-69
-80
-81
-69
-66
-72
-66
-57
-54
-67
-62
-58
8
-23
-59
-15
-45
6
-20
-18
35
26
-11
-52
-20
-46
-38
-60
-22
17
-33
-3
-13
21
-8
-41
-39
-37
-20
-58
24
-82
-17
-85
-20
-46
0
15
7
-59
-27
-18
-8
3
-21
-56
-46
-41
-29
-38
-57
0
-41
-26
-51
-31
-24
-69
-66
-74
-59
-64
-69
-38
-20
-55
-1
-44
-54
-41
-24
-48
-16
-47
-51
-42
-43
-54
-42
4
-52
-26
-8
-2
15
28
23
7
5
26
37
31
35
20
-8
25
12
6
28
34
-12
34
46
7
51
9
19
19
44
15
14
35
70
14
10
45
10
33
-3
56
20
6
33
37
37
36
2
11
-22
-18
-8
0
32
30
17
33
9
8
19
15
25
29
28
28
25
22
30
49
51
35
19
3
18
9
33
56
23
33
21
-6
21
28
64
38
31
17
16
13
40
30
3
-46
17
-40
-48
5
-24
9
-67
-42
60
-16
51
-6
25
47
-2
42
4
51
-30
-5
-13
-11
-4
-23
15
3
33
-24
39
20
13
-20
135
18
9
99
-4
-20
40
56
67
1
0
17
-25
37
21
32
29
45
-27
-16
19
-12
114
32
32
20
17
49
33
-1
-56
-26
5
-54
-55
-8
3
7
25
30
15
24
10
3
-31
42
17
95
1
45
67
29
28
-14
38
26
49
75
25
47
12
-16
-29
-30
-25
-26
6
-22
16
13
-15
-17
-20
-25
-26
14
-14
-28
-16
-14
28
35
90
67
15
93
37
63
-13
73
62
43
43
28
23
-54
-2
16
-12
23
5
-5
37
24
22
2
42
7
-34
-57
28
25
-1
6
-8
-18
44
-21
22
2
-36
-5
-15
37
57
22
26
-14
-6
3
20
1
-32
-6
15
-24
-31
-29
-12
-26
-44
3
11
6
62
40
4
12
50
56
82
24
22
-37
57
9
-57
43
-36
-27
5
29
6
-34
11
-1
20
46
1
0
-16
5
-11
-14
-22
0
-8
4
-12
72
14
58
-13
-13
18
36
30
-2
-12
32
83
77
46
70
23
25
59
87
49
75
-5
-8
33
34
0
-31
9
26
-8
53
-24
78
20
54
55
49
62
29
64
-8
-8
7
3
-22
2
-17
33
20
-21
-20
81
48
88
47
33
-13
-5
-28
-39
-6
7
29
-8
12
16
67
47
-1
35
1
-30
-3
21
-27
15
11
41
23
38
62
20
65
3
30
29
20
39
66
54
66
67
39
13
43
-2
31
-8
-4
29
-26
23
-9
-23
27
26
-4
-48
64
4
-48
1
20
29
-15
53
62
61
10
155
17
8
25
8
-20
-15
-12
-1
6
31
23
-11
85
34
58
46
79
23
21
36
63
31
-39
-26
-49
63
-51
-9
-30
-6
-14
-20
-27
-3
38
21
-31
46
-18
3
19
-3
22
5
-41
-81
-25
-11
-1
-24
-4
25
35
48
13
22
41
10
75
54
24
12
16
30
26
23
21
-11
-9
10
28
-7
112
67
17
-4
-13
19
-3
7
56
-8
10
25
23
8
6
21
4
4
-7
27
15
46
22
49
35
18
40
39
4
15
9
-14
-31
-7
-10
-25
1
-7
-32
-31
-20
-16
-15
28
12
-4
0
-16
-5
36
11
36
28
11
56
-5
26
101
16
80
76
39
17
8
61
13
73
51
20
42
-3
31
44
51
92
20
-1
1
-25
-1
3
-43
-34
-6
3
23
57
47
48
85
45
63
32
22
-18
-37
21
35
63
-38
29
63
-16
10
-18
-5
-14
139
55
50
102
-16
20
59
21
0
-9
-5
41
-30
-28
-25
-22
-31
25
-20
-9
59
86
16
14
3
-11
9
6
51
65
37
-12
19
69
87
46
78
72
47
45
70
63
78
99
76
59
4
11
23
51
38
-12
47
82
13
-8
16
49
57
25
30
-24
-11
-17
-22
68
-6
33
34
53
58
10
66
78
105
63
114
187
95
68
53
2
44
92
50
42
-17
33
40
45
32
56
17
25
15
31
2
6
1
-12
31
26
15
38
-2
13
-10
9
2
44
2
-17
37
31
41
36
33
50
21
59
65
78
85
27
70
51
138
60
55
-17
52
131
127
81
10
80
108
43
41
-28
-57
-66
-27
-20
-71
-63
-13
-42
0
31
-39
21
-3
21
16
77
46
49
30
89
96
69
60
57
76
51
60
62
31
35
41
61
9
23
44
19
19
-15
20
56
39
23
14
30
18
112
65
59
27
33
50
34
78
36
72
31
79
81
78
85
84
-5
10
13
86
6
-29
-13
5
0
-11
-48
-47
-14
46
-28
-22
66
45
80
26
3
-3
11
7
-3
-5
-38
-61
-54
-62
-34
44
29
24
70
44
32
79
59
55
64
-33
86
5
-20
-7
21
6
-14
27
-34
11
-13
100
94
116
44
107
73
30
73
-27
-1
43
-20
-7
-19
41
53
95
32
-38
37
-18
-26
-16
-17
-22
-45
50
