-57
-28
-59
-68
-25
-64
-65
16
-60
-59
-16
-45
-25
-58
-71
-18
-31
29
-39
-45
-64
-20
-44
-68
-71
-60
-52
-78
-64
-31
-49
-51
32
-1
-7
9
-18
33
-25
-68
-55
-3
-20
-11
-11
3
5
21
28
-50
-29
10
12
-22
-47
-7
-40
-14
7
-24
-23
-18
-41
2
-2
-18
-12
-16
-12
-13
-72
-31
-29
-25
-32
-30
-54
-90
-89
-91
-89
-93
-86
-90
-92
-85
-91
-89
-94
-91
-91
-90
-93
-92
-92
-79
-92
-91
-91
-93
-90
-94
-93
-92
-92
-92
-90
-92
-89
-89
-88
-93
-93
-91
-93
-94
-92
-90
-83
-92
-87
-88
-91
-92
-92
-89
-88
-92
-88
-87
-94
-92
-88
-88
-90
-85
-88
-89
-78
-89
-93
-85
-89
-84
-88
-90
-89
-94
-82
-89
-93
-90
-80
-88
-89
-86
-90
-88
-90
-87
-86
-87
-86
-91
-92
-84
-82
-86
-86
-88
-86
-94
-87
-82
-92
-85
-90
-90
-93
-93
-84
-89
-91
-93
-93
-89
-92
-91
-93
-89
-87
-94
-90
-91
-89
-90
-91
-90
-92
-90
-92
-90
-91
-91
-91
-93
-89
-91
-84
-82
-89
-88
-80
-78
-85
-90
-83
-79
-88
-86
-88
-89
-82
-84
-86
-87
-94
-88
-86
-91
-79
-86
-76
-86
-85
-88
-85
-84
-87
-80
-89
-83
-83
-84
-77
-78
-70
-73
-78
-82
-77
-83
-68
-53
-75
-66
-59
-75
-60
-69
-68
-64
-73
-72
-52
-57
-81
-68
-64
-47
-9
-58
-74
-21
-49
-59
-77
-42
-59
-39
-43
-24
-26
-26
-39
-25
-23
-35
-27
-14
-11
-33
-17
-48
-70
-73
-79
-71
-78
-52
-56
-68
-49
-71
-77
-65
-30
-41
-24
-37
-32
-39
-10
-8
-48
-44
-45
-39
-30
-17
-21
-55
-12
-55
-23
-9
-37
-18
-29
-19
-27
-26
-22
-15
-21
-23
-18
-22
-39
-38
-29
-20
-32
-14
2
-29
-8
-13
-16
-6
-25
-35
-28
-9
9
-21
-33
-60
-60
-56
-73
-54
-60
-74
-42
-71
-51
-73
-89
-58
-59
-57
-59
-66
-74
-90
-20
-67
-27
-26
-13
-23
14
-17
-40
-53
-31
-27
-3
-12
-28
-6
-31
-19
-34
-42
-9
-20
-25
-13
-16
-42
-76
-45
-59
-57
-4
-48
-52
-50
-52
-42
-41
-27
-18
-13
-29
-28
-31
-41
-34
-45
-32
-9
-11
-33
-58
-16
-35
-11
-25
-35
-29
-31
-33
-21
-31
33
9
-21
-34
28
-43
-32
-16
-49
32
-7
-26
-28
24
-29
-17
-55
-24
-40
-60
-31
-92
-88
-35
-22
-29
-2
-5
-25
3
-8
-10
-10
-22
-22
-42
-24
-20
-16
-29
-44
-42
-21
-27
-19
-33
-25
-52
-42
-30
-27
2
-9
4
-1
-14
-16
-45
-45
-20
0
-1
50
18
-87
-81
-53
38
29
-17
-78
-55
-2
-42
-29
15
-34
-13
-35
16
-43
-6
-36
-20
21
-14
20
3
27
-11
-6
-11
5
-40
1
-70
-14
-16
-32
-6
-15
8
-19
-41
-38
-68
-81
-31
-13
-18
-25
-15
9
-31
-7
15
12
-40
-10
14
-24
-50
-28
24
-40
-24
1
9
13
11
-2
-19
-7
66
12
11
-11
-23
-26
-25
-52
-31
-33
-26
-55
-35
-39
-40
-29
-31
-35
21
-1
-8
-15
36
-9
-7
7
45
-35
-29
-26
19
27
-13
15
33
27
-14
-14
-16
57
-11
-5
-2
30
-4
23
23
-14
-32
-37
-42
-54
-45
-34
-47
-33
-34
-77
-20
-57
-8
-40
-43
-83
-10
-34
-59
-89
-63
-55
17
-40
-23
-13
-32
-10
26
-8
-32
-12
16
-7
4
-8
36
-14
1
18
32
-8
-7
-33
-23
-17
11
-5
-47
-17
22
-13
-10
-23
-19
-14
-2
-45
-5
-5
-10
-11
3
-5
1
-6
9
0
-27
-32
10
-45
45
-6
-2
6
19
14
9
-8
-12
17
18
-27
-36
-13
-14
-12
16
-39
-21
-33
9
-14
17
-26
-27
-7
0
57
46
0
-29
-27
-32
-25
-7
-28
-13
-23
-3
15
-6
-14
-24
-14
33
2
1
-6
0
-2
-20
-43
-24
1
-19
-10
-19
-1
-9
-13
3
-25
-3
-12
-7
8
-5
-39
0
-3
0
9
-1
-19
-2
-17
-12
-24
-22
-38
-7
-14
-4
-4
-33
-27
-9
-10
-22
-14
-27
5
52
42
16
3
-30
-57
-40
-16
1
-20
8
21
-6
-4
-21
-23
-20
-7
-20
1
-8
-20
16
-21
2
-28
-32
-23
-9
-6
-29
-23
-5
-28
-28
-10
52
-14
-10
-26
-19
-55
-17
-19
-5
23
24
5
3
11
55
12
-13
-34
-12
-26
-19
-36
-20
-29
-28
12
-17
-10
-7
-8
-29
-7
-18
-14
-18
-14
-13
-17
31
-34
-50
-3
11
15
3
1
0
-22
-21
75
15
-11
-19
20
0
16
12
-12
-17
-20
-21
-12
-15
7
-47
-3
1
-9
-15
0
25
23
8
-1
12
-36
-37
-25
-7
-16
4
-25
-3
4
-20
16
-14
-11
6
32
-54
6
-16
-25
-10
-14
-29
-33
13
11
3
-30
-24
4
-9
-17
-52
-16
23
40
-17
-5
-22
17
-22
-35
5
-2
5
4
12
-19
-3
-12
-11
13
7
4
-1
-24
-10
-18
-5
50
23
53
28
-4
-19
32
-4
-18
-13
16
19
-31
-77
-18
5
12
-45
-28
0
-24
-43
-25
18
-14
-19
19
-14
25
12
8
-2
-13
-11
-7
-24
-6
-42
-1
-4
-6
-21
-14
-10
-14
1
9
-3
7
-6
36
-17
9
-73
-35
-10
-17
-25
-7
12
-5
33
-14
14
6
-9
-17
-11
-40
-32
-13
-8
12
-22
32
-2
-64
-48
-3
-43
-41
37
10
-17
9
-15
1
2
-25
-41
8
5
-17
14
-8
46
15
-25
-31
-6
20
-11
-28
16
-26
2
-21
-23
-1
20
-6
21
6
-22
-31
6
-74
-63
-64
-35
-43
-61
37
-1
-38
-47
0
-25
-47
7
-24
-51
-20
-21
28
-25
19
32
3
-1
28
49
9
8
26
40
-5
4
31
-37
-12
-31
-21
-23
-3
-33
11
-16
-10
-11
0
-14
-14
-12
-8
-16
-14
-32
-4
-1
-1
-3
-10
13
-4
-9
11
-25
42
-5
-7
-13
31
-4
17
-34
-19
-34
3
-2
-32
-29
-3
-5
-5
-6
59
18
5
-34
-62
-13
-8
-6
24
-1
11
-8
-9
-7
-7
-6
14
-5
-1
-34
10
11
-14
32
-6
-2
-18
0
-9
-2
20
-3
-13
1
-15
-23
-12
-58
42
-33
5
6
-44
4
-39
-16
24
28
27
-16
2
38
17
8
6
-34
-3
-13
-20
-14
25
-1
-10
40
45
-11
31
-1
-6
57
-7
-3
-26
-11
-16
-22
-5
3
-23
1
-10
-16
-15
-7
-6
-16
-43
-2
-26
-22
-15
-2
-3
-20
19
16
-6
12
11
-19
-15
-85
-15
-17
7
1
-4
-3
-5
-31
-11
-24
-25
6
15
-4
-9
-3
23
-17
7
-16
-38
-39
-16
-24
10
-1
12
-13
10
-8
48
-4
-18
-3
-16
-14
11
-60
24
-19
9
19
12
-14
-14
-50
-21
-4
-19
-20
-17
-26
-2
0
22
-13
13
18
-10
-25
-30
-12
-8
-14
0
26
7
68
42
-6
-16
-4
3
-8
2
4
14
-21
-7
-10
-5
6
-11
26
-10
5
-35
26
6
-16
-37
50
1
-17
-1
-26
-21
3
18
28
-10
23
31
-13
-27
0
15
2
-10
-14
33
-13
7
12
-28
17
-11
-27
-7
-10
-25
-5
-23
-10
9
8
-12
-27
12
51
4
-27
16
-17
24
27
17
35
11
36
-5
18
-11
-15
9
-22
-20
-6
-11
19
-7
8
-10
-31
-3
26
8
50
8
-46
-18
-5
-12
4
-5
-6
-6
-20
-29
-22
28
37
2
-24
-9
-18
0
-10
-27
-15
-18
-45
-1
-26
-18
2
-24
-25
52
9
-12
4
7
6
10
8
34
-2
10
-5
-4
5
-13
-19
-6
-2
-12
-13
-16
6
14
63
13
42
2
-4
-5
-18
-4
-26
-1
-24
-13
-12
-10
-8
-24
-24
-6
-12
-35
-45
-55
-74
-41
-19
-79
-36
-13
-19
-25
-15
-1
1
5
-21
-25
-19
12
-14
-35
-29
-11
-21
-28
-7
1
1
-24
-11
-27
-17
-5
-7
-14
-15
0
9
-3
4
5
-15
-19
-29
-11
8
-12
-10
12
5
-8
-13
-12
7
13
-8
-13
4
2
-15
2
-10
5
-10
-2
-16
-6
-1
6
61
-19
32
2
-10
-8
-12
-18
-15
23
-18
-30
-4
-11
-5
1
-20
-26
-18
2
-10
30
0
3
-5
-7
-17
7
-11
-20
-11
-11
15
29
-13
-20
-53
-19
-18
7
-21
-16
1
-11
-29
-13
0
-11
-15
-35
-7
-12
-25
7
-29
-26
-47
-43
-23
-24
-12
-13
-21
5
-6
-6
5
51
-24
-12
-39
-23
9
-25
-7
-21
-18
-16
-9
-9
-1
30
-19
-6
-21
-12
2
-4
-4
-14
-27
-10
-5
-16
-5
1
-21
-14
1
-11
-3
-23
-17
-25
-15
-4
2
-25
-18
-22
11
-8
0
-1
-22
-59
4
5
-15
-6
-19
55
50
19
-14
14
18
-14
3
-14
-34
-9
-23
-43
-14
-11
-19
-30
-25
-79
17
-23
-13
17
20
16
15
14
-7
1
-18
6
-35
-24
17
21
40
17
-8
64
60
-29
5
-25
-8
-43
-22
-37
-63
16
-1
-18
-14
0
29
15
-10
14
22
-13
-1
-2
26
-40
-25
-61
-13
-33
-5
24
-12
-5
27
-17
31
16
-9
-20
17
-30
-7
-20
19
5
-70
-31
-33
-7
3
42
-5
-27
-14
-1
-4
-24
-2
7
34
7
-22
8
-24
36
-12
-30
76
-15
19
35
37
-7
-32
0
17
22
37
23
4
33
-6
-7
-41
-34
5
11
-3
-17
26
-11
-21
-7
36
27
27
-8
-16
4
-20
55
-7
0
-10
-36
-4
-64
7
-8
-25
2
-12
-12
10
13
-4
-2
-1
-14
-27
26
-15
15
10
-5
41
4
0
-17
12
-23
23
16
-14
16
1
4
32
27
-7
41
-1
-40
12
6
-18
-12
19
-1
38
-16
-5
-8
50
-19
-18
-6
-7
19
-2
-11
3
-12
-9
-8
-1
-9
0
-22
-10
-15
-18
-22
-13
-36
-11
1
-21
9
2
1
-25
-2
-12
-7
15
16
-7
6
10
-7
-12
-8
0
21
13
7
-14
-15
23
23
-14
2
-21
-7
15
10
0
-3
30
25
-5
-5
-25
-14
13
-3
23
23
4
3
-23
2
-41
-13
-12
-17
20
-12
-9
19
10
13
-44
-11
-32
-23
7
-26
-11
-53
43
-30
-27
-38
-39
-28
-21
-14
-28
-5
-2
13
20
25
6
78
13
9
-24
38
-24
3
-42
-22
-20
35
-36
11
2
-25
-25
-28
-51
-57
35
-2
0
-6
-17
-34
-39
-26
-15
40
1
63
-73
-68
-18
-22
49
42
1
-27
-7
13
36
-17
38
-8
47
-24
-27
-25
-10
-38
43
-14
-9
12
6
-16
-4
-15
17
-50
-13
-30
-16
-29
3
18
1
-15
-7
3
-61
0
-10
-26
11
-17
-6
-15
14
-2
24
-34
-3
2
7
-18
16
-8
-3
-20
-10
-20
12
0
-22
-6
5
43
-9
-10
-12
2
4
-18
30
40
31
-29
-14
-38
-16
2
-7
-26
19
-3
4
15
-19
27
-4
-12
20
-5
14
-8
-17
-9
-6
69
23
10
28
15
-17
22
5
27
-9
-11
-14
35
56
1
9
1
27
-10
37
28
41
40
47
29
43
-9
-3
11
9
6
11
17
-12
-16
-31
-40
-36
-9
-25
17
0
16
0
-10
36
8
-4
-1
20
24
33
24
-15
-15
-25
-12
9
-26
34
-41
-14
-14
-31
-15
-3
-46
-14
8
-24
-45
-35
-29
7
-24
71
-22
20
4
29
23
4
9
14
17
51
11
-6
43
-7
9
9
55
-10
15
22
33
-22
18
33
-22
4
-16
1
12
24
0
0
30
31
-9
6
27
-3
-9
11
-20
44
55
20
-8
-16
-24
0
28
-16
-2
6
25
-2
-9
-17
-7
-18
4
-19
-13
-9
15
-29
28
-2
40
-16
9
8
25
39
-14
-8
11
17
13
36
-12
-28
11
-21
-37
-11
20
-10
45
-15
-22
-19
-10
4
-1
12
10
44
26
4
30
17
4
-2
7
61
-8
-9
4
-11
16
-18
39
73
0
-22
-15
17
-7
-6
-12
1
13
16
30
42
19
-18
-8
-17
63
-18
5
19
-14
-2
-1
70
-32
-25
49
23
-25
16
-5
28
-20
46
-1
-42
13
22
-25
-22
10
9
-25
1
-21
-12
-10
-18
57
-16
-17
-11
-32
-20
-16
-11
