-57
-48
-60
-77
-48
-62
-47
-46
-26
-50
-57
-34
17
12
-2
-3
-9
-15
-4
3
-45
26
-21
24
27
-23
20
15
-1
16
57
-7
-15
35
-22
-10
10
5
20
8
1
13
-8
8
-58
-62
-31
-55
-20
-51
-52
-51
-40
-40
-54
-63
-68
-72
-93
-88
-90
-83
-82
-63
-79
-75
-71
-67
-80
-70
-77
-68
-54
5
-2
24
-34
-62
-42
-59
-80
-62
-58
-84
-87
-73
-44
-59
-52
-38
-42
-10
-19
-20
-2
0
-29
-24
-6
-5
10
-27
28
-34
11
-4
0
0
18
36
-35
26
-22
-22
4
2
41
-8
-25
24
2
-6
-33
-20
-22
19
9
11
-7
-7
-6
-6
-5
-5
-4
-8
4
-8
-10
62
0
3
4
-7
18
5
-5
-8
-22
-3
0
-6
18
1
-15
-25
8
-11
-4
-26
-4
34
-3
-19
-4
-5
-12
-16
-12
9
6
-20
-4
3
1
7
-5
12
-91
-8
-20
-13
30
-59
-93
-92
-91
-88
-93
-91
-91
-88
-93
-93
-92
-91
-88
-92
-93
-92
-93
-91
-91
-90
-90
-93
-92
-91
-93
-93
-93
-92
-92
-93
-92
-93
-92
-92
-93
-92
-92
-93
-91
-92
-93
-94
-93
-94
-91
-91
-94
-91
-93
-93
-93
-93
-93
-92
-89
-93
-91
-94
-94
-91
-90
-90
-92
-90
-90
-90
-90
-89
-91
-93
-93
-91
-91
-93
-92
-90
-92
-88
-91
-90
-90
-93
-89
-86
-93
-92
-92
-90
-93
-91
-92
-93
-86
-91
-88
-88
-90
-82
-92
-85
-93
-61
-86
-93
-89
-93
-88
-93
-80
-91
-88
-89
-88
-73
-90
-90
-87
-77
-88
-91
-76
-86
-81
-86
-84
-93
-71
-92
-92
-83
-88
-88
-93
-89
-82
-74
-91
-86
-87
-82
-90
-91
-93
-91
-93
-91
-88
-88
-56
-84
-89
-92
-80
-87
-87
-92
-73
-93
-92
-89
-86
-67
-87
-92
-83
-71
-91
-92
-90
-86
-94
-90
-89
-93
-84
-89
-88
-69
-93
-80
-91
-92
-75
-88
-87
-86
-78
-81
-87
-79
-86
-88
-84
-90
-92
-83
-94
-85
-75
-87
-84
-76
-92
-81
-91
-89
-87
-79
-85
-81
-86
-85
-83
-68
-78
-92
-87
-74
-84
-89
-90
-91
-88
-90
-92
-91
-86
-92
-85
-90
-87
-93
-83
-83
-90
-74
-83
-86
-84
-91
-85
-89
-92
-83
-93
-87
-92
-93
-92
-92
-92
-93
-85
-85
-76
-90
-89
-91
-87
-92
-92
-92
-89
-87
-92
-83
-95
-89
-93
-89
-92
-86
-87
-92
-90
-87
-90
-94
-92
-87
-92
-87
-93
-85
-92
-93
-87
-92
-86
-91
-93
-93
-91
-91
-94
-92
-93
-92
-92
-92
-95
-91
-92
-89
-91
-90
-88
-91
-89
-89
-91
-88
-89
-88
-92
-78
-90
-84
-87
-92
-88
-86
-91
-90
-94
-92
-92
-86
-89
-91
-88
-85
-91
-92
-93
-93
-93
-93
-88
-84
-92
-86
-92
-93
-86
-93
-93
-89
-92
-88
-83
-92
-93
-88
-88
-92
-92
-65
-86
-83
-94
-87
-92
-87
-83
-93
-93
-92
-89
-91
-91
-91
-89
-93
-80
-76
-93
-92
-88
-87
-92
-91
-85
-93
-82
-94
-87
-82
-94
-91
-88
-91
-83
-77
-94
-89
-94
-86
-93
-91
-86
-91
-93
-92
-88
-88
-88
-91
-94
-90
-91
-91
-93
-87
-93
-90
-87
-76
-90
-92
-91
-92
-84
-90
-92
-87
-76
-92
-93
-91
-92
-76
-88
-86
-93
-89
-93
-93
-89
-91
-88
-90
-90
-91
-88
-93
-79
-92
-93
-92
-94
-93
-87
-92
-94
-92
-89
-91
-89
-87
-89
-90
-88
-88
-92
-95
-90
-87
-88
-86
-91
-93
-88
-89
-94
-93
-91
-92
-92
-92
-94
-92
-92
-92
-93
-94
-92
-93
-91
-94
-90
-93
-90
-92
-92
-87
-92
-93
-92
-91
-84
-86
-94
-93
-83
-93
-91
-93
-93
-94
-91
-93
-93
-92
-92
-93
-93
-92
-88
-86
-91
-92
-90
-93
-93
-87
-93
-90
-91
-93
-91
-94
-92
-90
-93
-91
-94
-91
-92
-90
-93
-94
-92
-91
-93
-94
-91
-93
-92
-92
-93
-92
-92
-91
-93
-92
-93
-93
-90
-91
-89
-91
-92
-93
-94
-91
-91
-93
-93
-92
-94
-93
-88
-92
-94
-92
-93
-94
-90
-93
-94
-93
-93
-89
-90
-93
-93
-93
-92
-93
-92
-91
-93
-93
-92
-93
-91
-93
-94
-92
-93
-92
-90
-90
-91
-90
-91
-93
-93
-89
-92
-94
-91
-92
-93
-93
-92
-90
-92
-94
-92
-94
-91
-94
-92
-92
-92
-92
-91
-90
-93
-92
-92
-93
-89
-93
-94
-91
-92
-89
-92
-92
-92
-91
-92
-91
-94
-92
-92
-94
-90
-90
-93
-92
-94
-92
-91
-91
-93
-92
-91
-91
-93
-93
-92
-91
-92
-93
-92
-93
-93
-92
-93
-94
-88
-94
-88
-92
-91
-90
-93
-92
-87
-91
-94
-92
-94
-93
-92
-92
-92
-92
-94
-93
-93
-92
-92
-93
-90
-92
-91
-94
-90
-93
-92
-91
-93
-91
-92
-93
-93
-92
-92
-91
-87
-91
-92
-93
-94
-90
-92
-92
-94
-93
-88
-92
-93
-90
-92
-92
-92
-92
-93
-91
-94
-93
-93
-92
-93
-93
-92
-91
-93
-92
-94
-93
-92
-92
-91
-93
-91
-93
-93
-90
-92
-94
-92
-91
-89
-93
-94
-94
-93
-92
-93
-93
-93
-93
-90
-92
-90
-89
-94
-93
-89
-93
-92
-93
-94
-93
-90
-89
-91
-94
-94
-93
-94
-91
-93
-93
-89
-91
-93
-91
-93
-93
-90
-93
-90
-93
-93
-88
-93
-93
-92
-90
-94
-92
-93
-93
-93
-92
-93
-92
-93
-93
-92
-93
-88
-90
-89
-92
-93
-94
-91
-93
-94
-91
-92
-94
-89
-92
-93
-93
-90
-89
-93
-91
-93
-89
-92
-94
-92
-91
-92
-91
-93
-93
-94
-93
-89
-93
-93
-93
-93
-92
-93
-92
-92
-92
-94
-93
-93
-92
-92
-91
-93
-92
-92
-92
-90
-92
-91
-92
-88
-93
-92
-93
-91
-93
-93
-92
-89
-90
-92
-92
-94
-94
-92
-93
-91
-94
-93
-91
-92
-92
-91
-93
-93
-92
-93
-92
-92
-93
-92
-93
-93
-94
-93
-90
-90
-94
-90
-93
-92
-93
-89
-93
-89
-93
-92
-91
-93
-94
-94
-94
-93
-91
-93
-90
-92
-92
-92
-89
-93
-92
-90
-92
-92
-93
-91
-93
-92
-93
-93
-92
-92
-92
-91
-92
-91
-93
-90
-94
-93
-92
-90
-93
-92
-93
-93
-92
-93
-89
-92
-92
-93
-93
-91
-94
-93
-93
-89
-92
-93
-91
-94
-94
-93
-89
-94
-93
-88
-92
-90
-93
-93
-91
-93
-93
-93
-92
-90
-92
-92
-92
-93
-93
-93
-91
-93
-94
-91
-93
-93
-92
-93
-91
-91
-93
-92
-93
-90
-91
-93
-94
-93
-91
-89
-86
-94
-91
-91
-93
-89
-93
-91
-92
-91
-94
-88
-91
-90
-92
-93
-90
-91
-91
-93
-91
-93
-90
-92
-93
-92
-93
-88
-93
-92
-93
-91
-94
-91
-92
-87
-91
-89
-91
-89
-92
-93
-94
-87
-86
-92
-92
-93
-92
-93
-93
-92
-92
-93
-88
-86
-89
-90
-92
-86
-90
-90
-91
-91
-93
-90
-92
-87
-87
-90
-88
-90
-94
-91
-91
-90
-92
-89
-93
-89
-90
-86
-88
-90
-87
-92
-90
-84
-86
-88
-90
-91
-88
-87
-86
-91
-88
-88
-82
-84
-83
-88
-83
-83
-87
-86
-89
-90
-91
-85
-89
-87
-82
-86
-93
-83
-87
-83
-89
-83
-83
-86
-88
-79
-84
-75
-84
-82
-80
-87
-64
-78
-84
-76
-78
-87
-83
-73
-86
-77
-73
-88
-85
-74
-81
-76
-81
-77
-79
-70
-81
-76
-74
-81
-65
-78
-80
-72
-78
-82
-73
-80
-74
-78
-79
-78
-56
-79
-75
-77
-79
-82
-74
-85
-49
-78
-27
-67
-58
-81
-78
-77
-86
-48
-82
-25
-54
-71
-80
-73
-92
-71
-61
-74
-59
-63
-88
-79
-72
-49
-53
-76
-69
-71
-65
-53
-79
-30
-40
-83
-48
-82
-57
-71
-76
-9
-74
-45
-66
-84
-61
-78
-78
-69
-75
-82
-86
-78
-72
-79
-70
-80
-86
-73
-13
-78
-70
-10
-28
5
-2
-76
-21
-13
-10
9
10
5
-1
-2
-3
-15
-16
-16
-6
-9
-17
-1
-9
-12
-15
-11
66
-12
-35
6
-21
3
-15
-7
-3
-9
-14
-4
10
-10
-9
29
1
19
-7
-6
41
30
5
48
40
-7
8
39
-14
-20
12
-21
-6
-22
16
14
18
37
26
-26
-6
-8
-16
-23
8
-1
-13
-84
4
-7
-8
-21
66
36
-13
-20
-17
-6
-22
-21
-17
-74
-1
2
-2
-15
-10
-76
-28
-15
-8
-14
-8
-24
-20
-9
-6
14
-81
-72
-31
-67
-68
-31
-60
-45
-47
-60
-49
-38
-68
-52
-50
-43
-41
-47
-66
-59
-36
-56
-10
0
-38
-35
-52
-29
-42
-20
-33
-47
1
16
25
15
29
3
-5
-5
-2
-21
-49
-29
17
-42
-19
42
41
-21
-24
-3
-7
8
-32
-15
18
37
13
2
-34
-19
-8
-45
-16
-26
-34
-75
-27
12
1
37
41
-4
2
53
10
68
-14
-1
28
11
-31
27
51
76
14
22
-3
2
-48
-36
-32
-3
49
34
23
91
32
3
-22
-25
-49
-19
-11
14
70
-22
0
-22
-26
-4
-50
-8
-18
-23
-24
49
18
-15
69
24
53
-9
-38
-82
20
6
-3
23
30
21
9
26
-34
-4
19
1
-13
20
7
19
54
34
-2
19
12
32
62
-4
-1
-22
-45
-65
-80
-25
-34
-72
6
-38
60
0
50
76
-32
-42
-26
-65
-54
-81
-59
-69
-48
-89
-80
-88
-75
-80
-90
-94
-91
-91
-70
-80
-85
-61
-66
-34
-65
-25
12
-81
-74
-73
-23
-37
-39
-37
-28
-34
-33
-8
-31
-22
9
-13
-5
-23
-1
-17
12
-7
-19
-27
-18
-10
31
-32
-63
-57
9
-24
-10
-45
6
-6
-47
-18
-24
14
-54
-85
-90
-89
-91
-90
-90
-91
-42
-10
-60
-23
-12
14
-33
0
-1
-22
-27
-37
1
-5
-14
-10
7
-15
-89
-78
-84
-63
-85
-89
-66
-48
-77
-78
-60
-46
-59
-86
-65
-79
-80
-88
-44
-50
-29
-7
-23
-22
-12
-2
-23
-54
-52
-59
-24
-36
-35
-22
-27
-24
-90
-82
20
10
-15
-20
-42
-8
-17
-22
-34
-18
-36
-33
-83
-93
-74
-92
-43
-70
-21
-52
-88
-34
-37
-79
-80
-40
-13
-28
-30
-51
-16
-21
-4
-20
-3
-2
-4
4
-15
14
-6
23
-3
-12
-20
-14
12
-12
10
15
1
49
-24
3
4
-8
32
18
-31
13
-17
0
-15
-2
-15
-20
-62
-89
-84
-87
-81
-33
-33
-36
-55
16
1
-18
-27
-31
-30
-11
-12
-2
-12
15
-32
-29
-30
-64
-67
-18
-30
-49
-69
-59
-25
-20
-56
-12
-56
-8
-41
-73
-80
-90
-80
-27
-74
-22
-23
-3
-13
-53
-31
-7
4
-60
-40
-57
-50
-46
-87
-83
-83
-90
-94
-83
-91
-94
-94
-93
-93
-91
-93
-93
-92
-92
-94
-92
-93
-93
-93
-93
-91
-92
-92
-93
-93
-92
-94
-88
-93
-93
-92
-93
-93
-93
-95
-92
-92
-93
-93
-94
-92
-92
-92
-94
-91
-93
-93
-93
-93
-93
-93
-93
-92
-77
-91
-41
-74
-18
-66
-60
-89
-76
-78
-45
-44
-31
-62
-30
-53
-30
-56
-71
-19
-40
-36
-9
-8
12
-15
-3
-5
-8
-9
8
-16
-14
-24
8
-2
-14
1
3
-11
3
-2
3
0
2
-25
-20
-29
-18
12
-11
8
-5
-10
-38
-7
10
-9
-19
-6
-8
-17
-16
-8
3
-5
-3
-13
-24
-13
-27
15
-50
-68
-41
-36
-29
-18
-13
-50
-19
-26
-16
-19
-38
-32
-52
-23
-19
-7
-25
-21
-32
-13
-44
-24
-46
-16
-25
-27
-23
-5
-35
-29
-30
-49
-29
-31
-39
-27
-47
-18
-38
-30
-42
-36
-45
-62
-54
-39
-60
-27
-60
-33
-23
-59
-36
-5
-12
-10
-36
-23
-19
-31
-22
-20
-25
-15
-35
-30
-36
-40
-15
-23
-24
-31
-17
-4
-41
-25
-15
-30
-26
-19
-18
-36
-20
-19
-36
-20
-29
-21
-11
-6
-32
-9
-34
-35
-29
-38
-19
7
-24
-19
-27
-29
-23
-27
-17
-26
-30
-5
-36
-33
-29
-20
-29
-28
-36
-15
-49
-22
-32
-12
-28
-35
-10
-19
-24
-24
-27
-14
-26
-36
-15
-29
-14
-20
-21
-27
-6
-36
-6
-8
-6
-38
5
-7
-28
-13
-29
-9
-48
-11
-7
-36
1
-18
-19
-18
-30
-31
-22
-31
-3
-22
-17
-14
-11
-14
-24
-18
-23
-13
-24
-12
-26
-6
-29
-2
-27
-16
-32
-6
-32
-22
-27
-18
-32
-20
-29
5
-13
-32
-20
-12
-13
-5
-10
-30
-36
-15
-20
-24
-28
-36
-33
-24
-5
-13
-45
6
-18
-31
-9
-19
-20
-25
-24
-17
-17
-16
-18
-16
-20
-45
-5
-29
-21
-28
-11
-3
-15
-36
-5
-40
-4
-33
-31
-15
-7
-20
-5
-9
-12
-36
-28
-32
-10
-31
-26
-12
-23
-31
-33
3
-46
-14
-25
-25
-23
-16
-33
-36
-19
-18
-23
-18
-22
-18
2
-33
-28
-8
-20
-24
-13
-25
-13
-31
-2
-29
-17
-11
-22
-17
-23
-20
-25
-5
-13
-25
-13
2
-19
-10
-35
-19
-45
-27
-13
-28
1
-12
-11
-6
-12
-34
-2
-25
-14
-17
-32
-41
-35
-12
-15
-20
-27
-26
-45
-21
-16
-9
-31
-41
-22
-21
-9
-19
-34
-16
-15
-25
-20
-35
-29
-19
-11
-20
-3
-9
-30
-23
-27
-32
-11
-33
-25
-21
-19
-11
-24
-31
-14
-35
-15
-1
-21
-25
-40
-29
-27
-15
-15
-26
-27
-22
-13
-13
-19
-11
-23
4
-27
-34
-25
-31
-12
-22
-18
-17
-4
-34
-22
-18
-15
-34
-7
-9
-6
-29
-30
-30
-31
-8
-10
-20
-20
-26
-30
-18
-16
-3
-17
-47
-24
-14
-30
-9
-37
-18
-25
-12
-8
-16
-18
-15
2
-16
-36
-21
-7
-35
-22
-20
-28
-11
-19
-12
-20
-20
-28
-15
-27
-4
-17
-25
-22
-20
-9
-29
-30
-3
-32
24
-35
-12
-26
-15
-19
-6
14
-26
-20
11
5
-6
-11
-27
-13
-18
-9
0
-4
-16
-31
15
-20
-24
21
0
-20
-1
34
-29
5
-21
-27
11
-21
-20
-23
-22
-21
8
-16
-27
-18
-30
-23
-23
-31
-10
-37
-11
-19
-29
-11
-15
-17
-19
-10
-38
-21
-22
-15
-14
-17
-31
-37
-21
-22
-23
-2
-23
-16
-8
-30
-42
-11
-26
-22
-9
-13
-3
-22
-44
-15
-15
-10
-32
-28
-3
-46
-15
-15
-24
-10
-17
-6
-20
-23
-21
-2
-10
-12
-28
-20
-19
-9
-23
-17
-32
-19
1
-16
-5
-29
-17
-11
-15
-33
-16
-31
-7
-13
-11
-7
-25
-19
-2
10
-13
-38
-19
-27
-18
-37
-17
-25
-19
-10
-23
-20
-16
8
-11
-32
-6
-37
-23
-6
-27
-11
-31
-17
-21
-15
-29
-24
-30
-13
13
-24
-25
-20
-32
7
-14
-16
-12
-17
1
-36
-29
-21
-6
-25
-29
-15
-16
-30
-17
-19
-41
-11
-29
-21
-11
-38
-18
-32
-19
-21
-19
-18
-24
-13
-32
-31
-10
-6
-26
-34
-23
-24
-28
-23
-11
-32
-29
-10
-27
-9
-35
-19
-8
-13
59
31
9
22
-26
4
-20
-3
37
-6
-15
12
26
-3
26
-25
5
-5
-7
-4
-3
13
48
44
8
-19
-19
0
-31
-30
-24
-12
-4
-7
-10
-10
11
3
-5
44
29
22
16
33
15
-6
-18
-1
17
87
-24
19
15
-1
39
0
-6
5
-10
17
32
57
31
11
61
77
45
89
-1
10
13
56
-2
7
4
20
2
51
54
12
-18
10
-11
-6
-3
39
14
16
4
3
24
34
12
1
32
18
19
20
12
8
25
65
44
-9
60
0
-8
15
-3
-3
49
-15
-56
27
22
-83
-26
-78
-25
-54
-6
-38
12
-2
46
-44
16
-26
-27
-5
-11
11
6
-4
-14
25
8
-16
-43
-13
44
12
62
-24
-7
-4
1
-3
-4
-12
50
10
-10
24
-16
-27
-39
-11
-19
38
0
-6
6
-1
16
30
3
15
33
-9
12
-28
-6
11
-10
-21
1
1
0
18
8
-18
-14
-4
-17
15
-6
24
-12
-31
26
-13
-2
36
-18
-8
17
3
12
-12
-78
-26
-86
-29
-3
-11
-53
-24
-37
-70
-53
-28
-59
-30
-71
-58
0
-27
-20
-23
-36
-8
-14
-7
-27
-5
17
-16
-35
-14
-10
-15
-15
-15
-8
-33
-16
-4
7
-58
-48
-41
-42
-23
-27
-34
-7
-22
-13
-36
-31
-37
11
-36
-27
-20
-16
-19
-5
10
-14
3
-16
-4
-35
1
-25
-16
-32
-8
-4
-17
9
-6
-29
22
-57
-37
54
-15
4
28
-3
-12
14
-1
18
-19
63
17
-20
-37
-35
-20
-15
-22
-19
-14
-6
-16
-6
-37
8
-23
-5
-18
-27
-32
-32
-19
-21
-19
-34
-27
1
-26
-33
-18
-15
-16
-22
-4
-17
10
-34
-21
-17
-16
-28
-14
-18
-21
-18
-19
-25
-15
-19
-41
-25
-25
-23
-10
-4
-28
-6
-7
-24
-25
-9
-27
-19
-45
-24
-21
-16
-33
-13
-21
-22
-22
-16
-14
-12
6
-27
-4
-22
-21
-19
-25
-22
-15
-27
-26
-25
8
-18
-32
-28
-13
-16
-31
-24
-24
-30
-23
-31
-23
-32
-18
-13
-35
-21
-27
-9
-34
-31
-25
-10
-24
-14
-17
-10
-8
-16
-21
-13
-26
-34
-24
-23
-7
-35
-28
-23
-16
-28
-21
4
-27
-30
-21
-2
-29
-35
-35
-26
-7
-24
-25
-17
-2
-42
-32
-20
-14
-32
-6
-5
-9
-17
-39
-18
9
-18
-29
-28
-24
-5
-18
-29
-18
-32
3
-3
-15
-16
-27
-21
-25
-13
-7
-34
-15
-18
-13
-36
-25
-21
-17
-40
-21
-22
-31
-23
-6
-21
-33
-28
-17
-25
-35
-13
-17
-12
-27
-7
-22
-18
-10
-14
-6
-37
1
-31
-14
-23
5
-28
-6
-1
-20
-26
-26
-32
-11
-20
-23
-14
-32
-22
4
-36
-41
-31
-8
-8
-15
-35
-39
-33
-38
-28
-8
-13
-3
-13
-16
-23
-14
-23
-15
-13
-25
-26
-41
-31
-23
-29
-25
-2
-24
-28
-6
-12
-18
-29
-27
-17
-3
-27
-23
-28
-23
-29
-23
-33
-28
-27
-35
-37
-6
0
-28
-21
-23
-28
-18
-17
-7
-12
-29
-8
-16
-20
-30
-31
-35
-20
-18
-16
-6
-19
-5
-16
-18
-31
-32
-47
-44
-14
-17
-26
-26
-10
-24
-17
-23
-16
-25
-18
-24
-14
-30
-9
6
-9
-10
-24
-32
-36
-32
-1
-24
-25
-17
-2
-20
-27
-30
-10
-43
-22
-15
-35
-38
-19
-45
-33
-13
-49
-40
-52
-22
-29
-44
-45
-26
-5
-18
-27
-28
-19
-10
3
-26
-17
23
-19
-34
-16
-4
-5
-19
-13
-13
-24
-12
-7
-35
-26
-8
-24
-5
-5
-38
-15
-28
-26
-10
-23
-32
-27
-21
-27
-16
-8
-32
-21
-14
-31
-3
-15
-22
-13
-26
-17
-22
-5
-15
-15
-23
-10
-26
-22
-22
-17
-18
-13
-15
-20
-15
-30
-17
-33
-28
-20
-38
-37
-7
-26
-26
-23
-28
-10
-36
-31
-22
-27
-15
-29
-44
-27
-25
-20
-21
-31
4
-23
-3
-23
-35
-10
-18
-29
-3
-30
-22
-16
-22
-15
-37
-29
-33
-3
-22
-23
-28
-25
-27
-18
-18
-32
-19
-18
-18
-30
-48
-23
-17
-26
-1
-38
-27
-8
-27
-21
-57
-4
-2
-32
-4
-12
-1
-30
-21
-30
-23
-6
-25
-32
-19
-13
-8
-32
-8
-24
-23
-29
-14
-8
-28
-21
