-59
-44
-50
-83
-29
-46
-60
-44
-33
-47
-50
-54
-10
-12
-32
-27
-25
-31
3
-20
-22
-50
-61
-51
43
24
71
0
17
29
7
-27
-12
-23
3
6
-40
-29
0
-26
-58
-82
-75
-67
-74
-75
-73
-72
-79
-72
-75
-63
-77
-57
-56
-25
-49
-54
-43
-36
22
30
23
19
-15
-2
-30
-61
-23
-46
-17
-16
-15
-23
3
-22
-34
-10
-22
-25
-11
-23
-32
-12
-89
-93
-88
-47
-43
-11
-26
-55
-48
-84
-32
-20
-29
-68
-19
-24
-18
0
-14
0
17
33
-73
-18
3
-28
-25
-23
-35
-28
-48
10
-36
2
-2
-77
-94
-90
-91
-93
-90
-94
-89
-92
-94
-87
-90
-92
-91
-93
-89
-89
-91
-92
-90
-91
-90
-92
-93
-91
-91
-90
-92
-92
-92
-94
-92
-92
-91
-92
-91
-93
-89
-92
-88
-89
-94
-91
-93
-92
-93
-89
-91
-92
-90
-91
-92
-90
-90
-93
-90
-92
-92
-92
-93
-93
-94
-87
-93
-83
-83
-76
-25
-22
-12
-18
-17
11
6
-14
2
-4
-10
-29
-87
-89
-87
-86
-18
33
-8
3
9
10
-24
-2
-37
-2
-65
-81
-39
-83
-78
-92
-73
-81
-67
-26
-23
-32
-48
-67
-83
-21
-14
-25
-39
-74
-10
-24
-21
-26
26
-15
7
-8
-12
-22
-13
-9
-39
10
-10
-6
1
0
-6
-1
-5
0
-2
-2
15
-22
-4
-23
-1
-7
5
-15
-3
-13
-21
-10
-8
-29
-74
-69
-68
-41
3
-36
-16
2
-43
-85
-17
-24
-38
-28
-38
2
-18
-29
-80
-90
-73
-50
-18
-53
-25
-47
-17
-23
-12
-16
-9
-14
-15
21
-39
-87
-87
-80
-65
-76
-76
-91
-89
-86
-93
-83
-79
-79
-73
-24
0
-14
-77
-51
-25
-5
20
-3
-16
-1
-18
-68
-31
-46
-11
-38
-27
-8
-13
-7
-54
-37
-8
-8
-20
-18
-16
-1
11
40
-49
-84
-68
5
48
103
60
99
101
-6
47
-24
-91
-85
-88
-79
-93
-80
-84
-83
-93
-94
-81
-89
-85
-48
-5
-20
-8
71
-30
-27
-16
-3
-21
-16
-36
-3
-87
-87
-11
-21
-25
-65
-90
-89
-86
-39
-24
-32
-3
-8
-65
-79
-85
-87
-81
-76
-53
-28
-31
-73
-87
-86
-47
-67
-62
-74
-87
-56
-85
-81
-28
-48
-78
-79
-87
-43
-48
-70
-84
-83
-82
-86
-73
-58
-75
-85
-82
-88
-48
-57
-46
-46
-83
-46
-44
-68
-47
-80
-72
-20
-38
63
-9
-32
-53
-62
-91
-70
-84
-79
-82
-75
-48
-4
-31
-39
-19
-15
-12
-18
-8
-8
61
13
-16
-15
-1
1
-15
-8
-26
1
-6
-23
-11
-16
7
66
62
-12
-32
-45
-16
-14
-25
-19
-4
21
-14
6
-24
-25
-53
-38
66
67
-13
46
79
83
101
85
-19
-1
-19
0
-22
-9
-9
4
-22
-3
-11
-22
-8
-13
-5
-9
3
-11
-7
4
-16
-25
73
-7
2
-13
-17
-14
9
28
22
32
69
19
76
3
0
-48
-4
0
-31
-9
-11
-23
-14
-6
-9
-3
-3
-17
-90
10
-5
-18
-79
-16
-42
-13
-20
-5
-1
-13
-17
6
11
66
40
80
67
-24
85
-5
55
46
52
20
101
163
88
128
113
135
92
11
14
-26
-38
-8
33
11
6
-9
-10
103
44
76
75
54
149
43
27
17
0
14
41
105
86
91
38
13
20
30
59
34
68
64
72
-11
23
3
10
6
119
87
-17
-16
-6
51
49
137
110
49
-11
93
34
28
16
37
17
-67
-73
20
43
9
0
76
62
76
51
7
-22
3
8
25
52
-6
65
105
51
-26
-17
-15
-14
18
-27
-4
-37
-69
-57
-73
-77
-43
-11
-52
-15
-31
-17
-31
-21
-23
8
4
20
-21
-1
-12
5
2
7
-2
100
-3
-11
-4
-30
-14
-37
-2
2
24
-16
-5
-3
-14
-25
-8
-15
-26
-6
-6
-25
-27
0
-8
-6
-27
-24
82
6
-75
-42
1
11
-7
36
-14
31
5
76
-9
-4
5
-10
-3
-9
2
-33
-8
-17
0
-14
-28
-3
-5
30
82
-10
-7
-10
50
-12
11
85
9
9
-5
-26
-17
38
-22
-2
-3
-15
-39
66
-6
-39
-29
-4
50
5
55
41
26
0
-16
33
25
-1
-23
37
-82
-70
-45
-49
-36
-45
-29
-18
15
-31
-43
50
-22
-44
9
-21
25
37
15
3
16
-3
-8
8
29
12
-31
12
-20
32
18
29
-53
-86
-57
-37
-82
-26
-47
-54
-76
-48
-39
-64
-71
-49
-26
-36
-3
-7
-3
2
-22
-20
-35
-48
-5
-46
-36
29
36
26
47
3
19
34
-23
27
5
32
-17
-1
29
42
-12
-2
5
-2
36
56
49
6
49
58
5
-2
-3
25
65
-3
44
-10
69
-10
28
14
-36
1
18
30
42
1
41
24
-24
36
4
15
13
3
30
7
0
18
7
-1
55
-20
5
59
40
-13
-8
-14
-14
0
-19
-12
-4
-15
-12
-16
-30
-15
-15
59
-48
-1
26
37
-3
-68
-24
-8
54
8
54
24
20
24
8
16
24
13
2
9
8
20
-6
-16
-22
-49
-41
-30
-41
-28
3
-18
22
-7
6
-24
-8
2
-16
-24
-11
59
-7
-27
60
-57
63
72
36
43
51
106
22
3
16
14
16
-19
4
50
12
-10
15
40
-32
-25
7
-12
-44
12
9
15
-16
42
6
-14
20
55
4
-55
31
26
15
28
32
26
36
115
-5
-54
-58
-20
-20
-4
-23
-33
22
20
-15
-10
34
32
21
37
17
42
19
-12
-32
-28
-52
-27
-33
9
-24
-14
-17
-32
-69
-25
-22
85
18
13
-16
-4
15
1
32
-36
-14
14
25
26
-5
50
45
19
32
4
-31
-41
-49
-41
20
5
-66
-45
-32
36
-3
25
82
25
11
61
17
18
43
-9
-38
-36
-6
-17
79
66
-18
65
30
95
25
-45
-9
-18
-75
-47
-32
-26
-52
-45
-59
-58
-65
-43
-62
-34
-5
58
-32
5
-27
-19
-26
-1
-45
-26
-45
-36
-23
-39
-47
-33
-49
-11
-16
-32
-24
-57
-18
-69
-30
-64
-55
-17
-1
-19
12
-38
-38
-81
-44
29
-45
-21
14
19
88
40
-46
-48
-42
-19
-5
-6
37
51
1
-25
26
-17
37
-8
17
-5
-2
-6
22
25
74
80
40
42
-33
101
15
49
-17
16
-11
-19
37
69
74
69
58
-11
52
-17
6
72
68
-20
-31
-38
-24
-16
3
49
73
41
68
55
130
85
57
122
109
80
31
50
52
85
-28
-25
27
59
14
41
43
19
9
-9
-14
-6
-6
-9
-13
-26
-9
-37
-18
-21
19
-9
53
34
-26
7
34
72
91
98
-39
36
43
8
33
-27
-27
32
15
61
-6
-20
-5
-32
-1
-1
78
56
107
122
14
75
84
59
-2
39
43
7
105
76
78
128
96
42
42
-15
7
16
-6
-14
-5
23
-22
1
-9
-8
-10
-30
-9
-18
15
-17
-4
-11
-4
-36
-54
-76
-57
-61
-44
-57
-33
27
-11
-9
-7
4
14
1
-6
-1
3
60
59
-17
16
-8
-14
48
0
-4
-28
13
61
0
-19
-23
21
-13
-25
5
-9
85
83
58
96
71
94
66
70
57
-2
31
-46
81
67
54
60
74
54
26
40
87
19
63
49
6
-22
-9
-1
-15
-12
-36
-24
-13
-50
-23
71
44
67
3
32
90
83
34
13
-9
59
40
41
107
114
127
133
142
61
43
-18
1
46
40
0
-22
-17
-35
-15
15
5
26
43
50
78
114
82
71
80
77
62
59
0
73
86
63
8
56
100
104
39
27
93
55
33
45
-4
-5
24
46
51
32
-50
7
42
32
38
-15
51
-6
72
89
19
25
34
24
32
27
18
66
44
20
-8
23
-3
28
53
25
19
23
32
63
46
60
31
65
25
17
72
-13
-2
22
19
-15
-6
-5
-63
-46
-38
-42
-52
-7
39
73
40
1
-30
-23
-19
6
-1
25
-12
-19
4
-48
-15
-29
19
5
43
-13
73
78
43
64
2
43
73
81
40
-18
81
31
-11
28
-8
54
46
14
81
27
106
52
96
62
51
106
71
60
25
63
82
113
99
58
81
42
60
37
94
40
81
53
54
66
26
89
79
62
125
138
127
97
116
102
84
41
15
56
49
41
-1
25
33
11
32
22
23
-17
40
49
68
122
94
53
63
88
50
55
60
113
66
23
-38
3
54
36
60
-21
41
-11
-85
-91
-53
-91
-87
-73
-81
78
53
30
-53
54
47
-24
89
111
46
71
83
96
10
69
56
24
-22
33
-25
-4
10
-10
3
1
15
7
27
-5
68
5
52
33
12
12
55
-6
20
104
27
2
-85
50
68
5
8
74
92
90
-37
-20
45
54
94
63
71
18
58
52
35
67
44
70
33
35
78
60
102
44
57
28
-3
-5
-64
-4
-83
18
24
-3
45
18
62
54
69
83
41
40
116
61
53
111
-1
71
86
13
-25
-25
20
27
48
11
30
24
17
49
1
11
-7
-5
53
16
21
-1
-21
-22
17
-1
34
36
78
62
44
24
58
11
28
58
50
22
11
-19
11
58
43
129
13
-33
54
79
96
45
5
12
63
-15
101
66
58
-10
-27
45
108
6
9
-8
58
-20
-16
7
-44
46
56
36
18
57
127
99
48
64
63
105
8
71
96
30
-7
63
15
69
52
-24
55
51
36
61
70
51
34
-67
67
73
87
95
80
59
74
46
0
-5
47
50
50
38
9
28
58
83
7
97
10
25
21
58
61
-6
77
109
73
43
35
102
61
69
88
68
7
48
-32
-48
2
33
102
60
69
-61
-36
74
92
119
77
52
70
11
47
-41
40
52
-14
-12
-9
0
52
17
15
-16
18
-18
16
-17
-7
30
22
52
22
46
-11
37
75
51
76
-3
22
54
40
109
77
51
41
100
91
52
21
61
69
37
121
20
3
50
50
33
22
102
70
97
57
70
57
40
62
72
62
93
74
87
70
88
19
38
