-55
-38
-58
-63
-36
-53
-50
-21
-39
-51
-40
-29
-19
-16
-39
-7
-24
-4
-7
-20
-37
-11
-30
-20
-5
-15
7
-18
-5
5
-9
-31
1
0
-9
-12
-6
-16
-6
-24
-45
-28
-46
-14
-38
-40
-33
-16
-18
-42
-31
-25
-28
-16
-39
-20
-14
-27
-31
-31
-12
-20
-32
-1
-17
-24
-38
-48
-22
-40
-39
-40
-34
-27
-15
-22
-41
-54
-45
-56
-51
-57
-46
-60
-75
-70
-64
-60
-58
-47
-52
-42
-51
-53
-36
-19
-33
-34
-37
-40
-36
-44
-36
-41
-21
-21
-40
-25
-36
-34
-48
-29
-34
-37
-38
-32
-30
-37
-44
-44
-57
-44
-64
-69
-40
-55
-53
-58
-55
-49
-53
-61
-59
-62
-51
-56
-51
-55
-59
-58
-67
-64
-68
-64
-62
-64
-63
-63
-60
-56
-68
-60
-56
-58
-61
-57
-48
-56
-50
-46
-52
-42
-58
-53
-57
-59
-61
-57
-56
-54
-53
-63
-60
-56
-52
-45
-53
-55
-48
-56
-45
-34
-48
-79
-82
-83
-73
-60
-67
-59
-58
-59
-63
-69
-56
-55
-62
-71
-82
-84
-80
-83
-64
-50
-60
-63
-65
-56
-61
-61
-60
-58
-67
-65
-55
-69
-74
-66
-70
-69
-68
-64
-68
-69
-71
-73
-69
-55
-51
-56
-55
-63
-61
-62
-60
-65
-53
-64
-61
-62
-65
-65
-71
-57
-65
-55
-56
-58
-48
-44
-38
-51
-58
-53
-62
-61
-48
-55
-48
-49
-38
-44
-40
-62
-60
-62
-62
-38
-46
-49
-50
-65
-53
-43
-36
-49
-57
-42
-46
-52
-38
-34
-35
-40
-30
-21
-47
-49
-56
-56
-54
-55
-39
-60
-59
-54
-55
-52
-54
-41
-43
-51
-41
-45
-47
-67
-55
-59
-52
-52
-44
-46
-46
-36
-48
-48
-45
-57
-40
-14
-29
-31
-30
-32
-33
-30
-27
-48
-58
-53
-60
-67
-48
-56
-51
-54
-46
-49
-56
-55
-31
-49
-42
-42
-38
-39
-47
-50
-45
-15
-54
-59
-51
-25
-15
-10
-15
-27
-6
-37
-34
-39
-52
-48
-45
-62
-57
-56
-55
-47
-50
-49
-50
-59
-64
-60
-36
-50
-35
-20
-38
-40
-29
-17
-45
-33
-42
-22
-45
-44
-32
-30
-23
-35
-37
-42
-35
-24
-28
-22
-20
-33
-62
-56
-52
-40
-47
-58
-49
-38
-43
-50
-33
-31
-33
-18
-36
-31
-42
-33
-42
-54
-44
-37
-40
-55
-67
-31
-30
-38
-47
-50
-54
-47
-46
-36
-53
-32
-38
-43
-40
-38
-37
-38
-43
-47
-20
-41
-29
-29
-30
-33
-34
-30
-34
-36
-48
-40
-62
-65
-49
-35
-47
-35
-37
-23
-37
-40
-33
-37
-41
-43
-40
-41
-21
-33
-38
-41
-39
-37
-39
-49
-52
-47
-29
-57
-51
-43
-41
-29
-29
-38
-37
-19
-36
-17
-22
-14
-25
0
-20
-31
-45
-31
-23
-21
-13
-30
-39
-25
-17
-20
-8
-15
-37
-32
-16
-33
-22
-30
-19
-9
-18
-10
-18
-24
-27
-28
-29
-26
-34
-30
-42
-25
-29
-39
-12
-32
-20
-32
-28
-24
-34
-39
-10
-3
-7
-26
-15
-34
-17
-25
-25
-16
-35
-6
-25
-35
-39
-32
-21
-32
-26
-24
-33
-20
-20
-25
-46
-21
0
-8
-21
-10
-15
-31
-30
-28
-31
-13
-24
-26
-33
-42
-16
-41
-21
-29
-4
-18
0
3
7
14
16
14
20
16
2
9
-11
-7
5
-2
2
-15
-20
-8
6
22
20
-11
13
-5
-4
-6
-11
1
-14
5
-11
9
-5
-16
-37
-19
-33
-29
-9
-28
-9
-39
-36
-42
-32
-27
-12
-21
-49
-42
-14
-11
-21
-6
-7
-9
-23
-15
-34
-29
-14
-33
-15
-43
-28
-19
-11
-8
-23
-14
-18
-14
-24
-39
-39
-26
-45
-36
-15
-33
-20
-21
-12
-41
-36
-41
-37
-28
-38
-25
-41
-37
-52
-50
-46
-44
-42
-60
-40
-56
-32
-44
-27
-33
-15
-22
-2
-18
-25
-13
-15
-36
-31
-24
4
-24
-27
-31
-26
-28
-33
-15
-15
-25
-33
-12
-18
-12
-17
-19
-35
-33
-3
-9
-14
-41
-23
-46
-48
-39
-52
-26
-44
-58
-41
-28
-23
-16
-6
-12
-30
-24
-15
-25
-27
-34
-24
-25
-35
-16
-35
-28
-38
-22
-25
-14
-25
-33
-11
-4
-36
-28
-26
-11
-17
-18
1
-12
-10
-24
-36
-31
-9
-11
-28
-28
-40
-33
5
-24
-16
-11
-9
-11
-36
-15
-31
-27
-28
-40
-30
-42
-50
-38
-21
-49
-43
-49
-35
-44
-54
-43
-45
-28
-41
-54
-35
-50
-53
-40
-42
-20
-23
-37
-29
-19
-30
-26
-5
-33
-39
-50
-34
-44
-37
-32
-22
-53
-57
-57
-60
-62
-41
-47
-58
-64
-47
-42
-58
-64
-48
-52
-46
-38
-39
-42
-41
-45
-46
-55
-46
-41
-48
-52
-29
-29
-23
-29
-47
-27
-24
-40
-40
-35
-17
-46
-36
-6
-6
-45
-24
-21
-29
-10
-6
-18
-41
-11
-40
-31
-36
-24
-33
-21
-13
-22
-38
-11
-27
-7
-3
-20
-24
-12
-19
-17
-26
-19
-11
-28
-13
-16
-22
-18
-16
-17
-29
-17
-43
-30
-18
-15
-16
-23
-23
-25
-34
-22
-26
-42
-42
-38
-34
-37
-43
-27
-20
-25
-33
-28
-18
-3
-32
-28
-8
-15
-24
-30
-17
-19
-23
-5
-16
-19
-26
-31
-5
-24
-15
-15
7
18
19
16
-4
-24
-36
-22
-41
-34
-27
-14
-21
-20
-42
-26
-19
-22
-26
-30
-28
-36
-19
-35
-22
-7
-41
-15
-15
-18
0
-4
0
-9
-20
-15
-13
-31
-44
-32
-23
-26
-38
-33
-13
-26
-25
-38
-48
-44
-36
-29
-36
-29
-39
-43
-43
-30
-19
-33
-37
-32
-23
-38
-23
-18
-28
-17
-6
-34
-46
-52
-28
-27
-36
-29
-18
-25
-24
-22
-11
-13
-4
-24
-34
-28
-36
-28
-26
-48
-37
-38
-40
-42
-18
-39
-19
-27
-37
-43
-23
-25
-2
-1
4
-28
-22
-20
-13
-37
-25
-20
-15
-21
-12
-35
-13
-4
-26
-33
-34
-26
-34
-18
-25
-19
-25
-20
-39
-38
4
-10
-19
-5
-29
-1
-12
-9
-37
-17
-39
-41
-40
-35
-46
-16
-4
-44
-20
-8
-17
-30
-47
-39
-36
-38
-45
-16
-34
-31
-28
-25
-42
-44
-46
-26
-44
-32
-26
-41
-17
-35
-41
-32
-31
-46
-45
-38
-53
-35
-37
-46
-45
-32
-33
-18
-33
-25
-58
-27
-44
-52
-53
-54
-43
-31
-15
-4
-19
-24
-34
-31
-26
-40
-35
-27
-35
-23
-43
-60
-60
-61
-45
-27
-36
-34
-35
-39
-28
-28
-36
-23
-34
-19
-19
-24
-13
-11
-24
-28
-15
-29
-30
-51
-27
-16
-37
-35
-24
-33
-29
-26
-11
-2
3
-16
-20
-22
-9
-35
-2
-5
-29
-21
-35
-39
-37
-21
-14
-6
-8
-9
-21
4
-16
-33
-9
-12
-23
-35
-30
-20
-10
-32
-43
-36
-27
-37
-34
-17
-19
-34
-29
-47
-36
-27
-30
-38
-22
-38
-48
-22
-28
-26
-21
2
-20
-14
-28
-18
-1
13
16
-15
-6
3
-12
-1
-18
-21
-9
-15
-11
-24
-23
-5
-30
-16
-20
-14
-9
-7
7
-7
5
-3
-11
-14
-3
-4
-15
-1
-6
-1
15
13
-19
4
-16
-9
5
-5
-23
-18
-30
-33
-30
-20
-23
-29
-38
-16
-26
-19
-29
-24
-19
-20
-27
-37
-36
-33
-26
-21
-18
-18
-5
-15
-26
-37
-25
-8
-29
-24
-27
-25
-18
-3
-9
-22
-18
-27
-12
-20
-9
-27
-13
-17
-9
-45
-19
-24
-38
-29
-45
-40
5
0
8
-9
-5
5
-17
-13
-14
-5
-12
-23
-7
8
0
2
13
2
-3
-15
0
-6
-6
-15
17
-26
-31
11
-18
-27
-15
-6
1
-23
-29
-1
-29
-3
-15
-10
8
9
15
3
-4
-1
14
-7
10
10
13
20
23
-17
-19
-31
-17
-18
-26
-23
-19
-25
-28
-28
-5
-8
-18
-4
-22
8
1
12
4
13
24
0
-6
-27
-3
6
5
0
-10
13
3
-10
-19
-2
-1
-18
-12
-1
-8
1
18
-3
25
-13
-21
28
17
19
0
0
-4
28
39
16
-5
15
-3
9
-3
10
33
8
14
-1
-2
-9
-10
-5
-15
-7
-9
-14
4
0
0
-11
5
-6
-19
-19
-9
-18
-17
-15
-20
-22
-3
-24
10
-1
-24
-16
-1
14
8
4
0
-7
-11
-11
1
-3
3
7
-4
-7
-15
-23
-18
-19
-22
-5
-32
1
13
3
1
4
13
12
11
-8
-16
-8
5
-20
-34
-3
-6
-4
-10
6
-23
-5
-6
0
1
2
4
8
-5
-9
-5
-21
-17
-4
-20
-13
-4
-2
-6
10
-24
-6
-1
-2
23
16
11
7
17
24
24
29
0
18
24
23
4
11
1
-1
8
-9
-2
5
25
38
11
19
5
38
8
14
23
14
13
22
0
-12
16
13
9
-4
5
-18
9
1
1
13
10
28
13
-16
-27
-31
-41
-37
-38
-2
1
9
10
-21
10
26
-6
6
26
0
26
25
21
-11
18
15
39
15
19
34
29
29
10
-5
-6
-7
-4
13
0
22
44
21
-1
4
3
13
2
5
26
4
-6
-27
-1
34
-1
-23
-9
20
11
-25
11
13
4
13
27
33
32
1
20
16
17
4
9
3
-1
28
30
33
18
6
-8
-6
4
-3
9
2
7
-10
7
9
8
12
6
2
22
-15
-11
0
-2
0
0
-13
1
44
6
-10
3
-8
0
-4
-22
-19
-20
-40
-29
-26
-38
-27
-35
-9
-8
-4
0
-19
-18
-2
-13
5
14
5
11
-15
-3
4
-21
-23
-17
0
4
-3
-18
14
22
2
27
-13
2
-2
10
17
-6
2
-16
13
-5
5
13
9
-14
-13
-3
12
-5
-3
4
13
-4
6
1
-17
1
15
1
-22
-6
-2
-9
-10
-2
-22
-15
-22
2
0
11
-7
7
1
3
18
3
0
18
20
24
29
12
10
6
-5
16
9
10
-5
-15
9
-11
2
-10
1
4
-6
-5
-16
-2
8
-5
-11
4
-15
3
2
0
-2
-5
4
5
24
0
14
33
11
28
11
4
-33
-16
-16
0
7
-7
24
16
-3
-17
-27
-5
4
47
-8
-4
19
-19
-2
-10
0
8
-20
1
11
-12
-21
-29
-21
-34
-3
-28
-20
2
19
8
6
8
-3
20
-2
18
14
14
11
7
3
23
21
37
30
23
21
42
27
24
20
20
27
0
10
7
-2
6
0
0
25
17
2
4
13
15
7
9
-8
-7
15
19
29
11
22
37
13
13
