-48
-25
-66
-28
-50
-50
-32
3
-49
-39
-25
3
-8
-23
-13
12
-25
-33
-10
9
-23
26
28
35
33
22
65
-8
19
39
-28
-4
44
15
-11
10
44
-17
26
1
-76
-52
-66
-26
-51
-59
-34
-16
-26
-15
37
4
-8
-4
-7
11
87
21
-1
-15
-54
-47
-62
34
1
-5
12
-44
-1
17
48
4
20
-6
7
3
5
-15
17
-13
13
-18
31
-23
-21
-10
-24
-17
-13
-10
-15
22
-11
21
22
71
57
84
14
-18
0
-11
-20
-6
42
46
44
63
-25
-4
-11
32
69
38
26
9
16
-13
-49
-24
-56
-46
-52
-91
-56
-60
-57
-77
-20
-12
-46
-51
-53
-74
-40
-62
-35
-58
-66
-92
-67
-59
-73
-55
-61
-56
-39
-35
-15
-8
-71
-26
-43
-31
-25
11
14
3
19
46
5
20
-28
16
-23
-30
-31
-8
-18
-10
-6
-17
-37
-20
13
27
2
-39
50
-13
18
22
9
-74
-58
-82
-70
-28
-48
-23
-23
-45
-48
-66
-14
-1
-60
-56
-53
-81
-75
-78
-50
-60
-65
-60
-73
-33
-43
-61
2
-27
-12
10
32
-16
-32
19
-12
-2
-10
-39
-59
-62
-46
-42
-45
-49
-62
-55
-53
-49
-53
-44
-25
-43
-51
-50
-56
-52
-53
-56
-81
-35
-36
-46
-43
-41
-30
-54
-48
-54
-47
-70
-83
-67
-50
-26
-2
-2
0
-29
5
-89
-88
-87
-85
-75
-79
-77
-75
-50
-61
-44
-49
-59
-72
-65
-59
-57
-49
-70
-28
-70
-26
-72
-69
-49
-31
-23
-40
-39
-8
-32
-39
-4
-27
-28
-13
34
-3
-18
15
-15
11
-27
-9
-12
-36
-23
-27
-3
-29
9
23
6
67
-11
21
60
4
12
70
6
-59
-58
-49
-64
-69
-89
-88
-76
-65
-81
-78
-80
-52
-76
-87
-52
73
-21
-2
-13
-8
-16
-56
-75
-69
21
-69
-44
-28
-5
1
-2
23
-39
-35
-56
-52
-58
-43
-54
-46
-45
-49
-41
6
-16
5
-15
-18
-5
-15
-15
-15
-18
-5
-13
-3
-6
-18
72
-14
37
5
52
11
24
19
-54
15
-25
-8
18
-1
-20
-7
1
1
6
-38
-22
39
79
-19
-10
17
-7
-4
-2
-17
-8
-11
98
-14
-9
-9
1
-12
-23
-19
-13
-4
-45
-83
-23
13
-4
-12
0
-5
3
-15
7
-16
8
-6
3
2
-17
10
1
8
-31
39
-15
40
24
1
-44
-23
-54
-46
-30
-23
0
-10
-51
5
39
2
-1
-3
10
-16
-40
-28
-35
-21
-29
-27
-30
-18
-21
-5
-27
-6
-19
-14
-84
-91
-68
58
-81
-83
-54
-90
-88
-70
-35
-38
83
-15
58
-4
-1
-47
-5
-32
-38
-31
-46
-90
-20
-39
-47
-31
-37
-21
-35
-22
-15
-29
-4
34
-7
46
32
7
47
36
52
58
-15
-18
-14
-10
-7
-21
-16
-16
-10
-9
-7
-5
-13
-12
-13
18
-3
-43
-82
-8
24
37
0
-32
-45
9
11
-34
-9
-16
-1
-7
12
-30
-43
12
9
21
47
45
-20
-18
26
-1
26
55
53
8
68
1
-73
-63
-55
-61
-67
-58
-58
-80
-60
-33
-75
-41
-42
0
-20
-15
-39
41
40
83
41
75
91
50
84
17
25
36
24
36
-3
11
-54
32
65
85
-10
7
-3
-20
12
2
27
-40
-20
-39
59
59
41
-45
40
-19
7
0
28
45
-13
-9
13
-24
4
13
29
-5
-15
-5
0
-18
-6
-19
36
-45
-29
-47
-23
-22
-49
-42
-46
-38
-33
-22
-27
-74
-13
-34
5
-37
-42
-51
-7
-16
-26
13
-18
-13
-30
66
-8
-24
1
5
-7
3
17
-13
26
-54
-36
-42
-29
-22
-66
-58
-63
-54
-54
-48
-54
-54
-50
-40
22
-40
7
3
-46
-13
-18
12
-18
-22
-13
-2
3
-33
12
16
-14
-27
27
24
9
-31
-16
-14
-4
96
89
56
-40
-77
-75
-69
-27
-56
-66
-59
-62
-43
-42
-20
37
-42
7
-44
40
8
24
-2
-39
37
-12
-20
-38
-50
-33
-77
-49
-9
27
13
9
25
11
-43
-31
-43
34
51
54
53
72
54
41
-39
-20
34
84
-4
18
-20
-22
61
-47
13
-24
-75
-86
-89
-74
-88
-77
-93
-91
-92
-90
-91
-90
-88
-93
-88
-90
-92
-91
-91
-91
-92
-93
-93
-92
-94
-84
-48
-45
-19
-18
-5
-63
-4
-5
-27
-37
-52
-89
-94
-92
-94
-92
-92
-93
-92
-93
-93
-91
-92
-95
-91
-92
-91
-90
-91
-94
-92
-91
-91
-92
-93
-91
-91
-90
-89
-92
-86
-93
-89
-91
-86
-74
-90
-92
-92
-91
-89
-82
-75
-70
-89
-94
-90
-88
-85
-49
-38
-62
-5
-42
-46
-31
-25
-35
-53
20
-71
-68
-38
-28
-53
-56
4
-57
-69
-13
-42
-10
23
47
-30
35
14
-12
-21
-14
1
12
-1
4
-10
-18
-40
-58
-88
-63
-74
-57
59
-3
58
5
-49
-39
-51
-22
-11
-43
-60
-57
-53
-41
-54
-18
-39
-52
-39
-40
-35
10
-21
-12
-18
-25
-14
-25
7
-11
-12
0
-19
-25
-36
-68
-27
11
4
0
73
43
91
121
24
0
-7
-1
-64
-3
14
-28
-26
-32
-23
-49
-12
-22
-44
-31
-31
-47
-33
-55
-51
-50
-58
-45
-48
-64
18
20
37
74
44
27
37
-39
-42
-44
-40
-41
-30
-50
-8
20
-40
-60
-60
-45
-48
-47
-33
-42
-59
-59
-48
-55
-64
-66
-66
-52
-53
-52
-56
30
4
36
17
-29
-32
-58
-7
-16
-39
-45
43
39
2
18
83
45
43
-30
-46
-2
-25
-48
-18
-91
-22
-42
-82
-56
-14
-85
-39
-37
-23
-23
9
4
33
28
23
-27
-70
-62
-75
-88
-89
-84
-65
-70
-61
-57
-60
-18
-38
-55
-49
-35
-29
-54
-47
-53
-37
2
-62
-66
6
-11
-28
-45
-47
27
-64
-34
-83
-59
-66
-77
-83
-69
-69
-72
-18
-77
-48
-34
-22
-28
-22
-37
-4
4
-8
68
26
53
66
55
5
-3
-41
85
-26
-3
7
-13
62
8
-21
8
-18
-38
-34
-11
-50
-49
3
-31
-24
-4
-10
2
39
22
-63
-14
-63
-72
-77
-93
-69
-53
14
-28
36
-16
23
24
-23
-48
-34
-34
-39
-45
-73
-87
-88
-90
-42
0
-21
-46
-46
-56
-45
-37
-45
-42
-23
-9
22
-1
-4
-34
-40
-58
-47
-33
-40
-63
-63
-64
-80
-67
-39
-41
-31
4
19
22
30
-15
-7
8
44
-19
19
38
-4
0
-41
-1
-38
-22
-23
-5
-11
-11
-12
-3
-50
-90
-78
-72
-59
-67
-49
-16
1
33
-38
-21
-44
-32
-38
14
-2
-25
-29
-44
-27
29
-6
-22
18
-44
-46
18
-3
-1
24
36
22
80
37
-19
14
34
54
50
24
45
19
29
9
15
15
-38
-39
-21
-32
13
-2
-27
-39
-26
-30
-48
9
7
0
-34
-27
-23
-28
-33
-3
-44
-27
-12
54
-8
-10
35
11
-10
37
19
-4
6
-10
-19
-52
12
-31
-62
-66
-24
-37
-59
-50
-62
-46
-28
-16
-43
-31
-32
0
-24
-23
-21
-53
-20
-53
-84
-79
-25
-81
-69
-77
-50
-75
-13
-9
-78
-38
-50
-64
-40
-12
-18
-33
-29
37
-48
-4
-65
-61
-55
-53
-44
-47
-2
-20
-48
-69
-67
-69
-72
-59
-16
15
7
-13
35
32
45
46
56
-15
-9
-20
16
-18
-24
28
-29
-69
30
0
-18
30
-28
-22
-46
-31
-51
-68
-67
-50
-45
-66
-9
59
81
23
36
4
-29
5
1
5
-9
-15
-50
-12
-32
-14
-28
-68
-49
-55
-62
-35
-61
-22
-19
-48
-13
-45
-16
-35
-12
-17
-14
-15
-24
-12
-52
-32
-4
-6
23
-34
22
25
0
10
12
42
10
-16
-18
17
50
69
-31
105
2
-19
73
85
85
28
-45
-55
48
40
5
-48
-24
-48
-24
-30
-38
-25
-49
-23
-16
-45
-52
-49
-56
-71
-55
-56
-72
-58
-61
-65
-54
-52
-69
-60
-66
-45
-61
-51
-53
-54
-52
-49
-28
45
14
-22
-34
-24
4
-46
-27
12
0
8
-22
-4
-25
9
58
15
-13
9
-31
-16
-72
-56
-57
-70
-63
-50
-60
-50
-57
-67
-57
-70
-68
-53
-54
-50
-70
-58
-62
-58
-31
-45
-57
-81
-84
-72
-75
-67
-81
-44
-11
-52
-77
-81
-90
-89
-84
-86
-88
-82
-63
-70
-57
-77
-45
-29
-14
90
87
40
-5
-6
-1
2
-15
-42
-13
-21
-18
-23
-10
-16
-7
-9
-38
26
16
101
127
39
2
50
49
-8
-29
16
-1
-3
-5
-86
-67
-7
-29
-19
-29
3
-19
16
1
16
19
-21
31
17
14
-15
-41
-43
-33
-40
122
16
-11
24
-59
-62
-76
-26
-47
-29
-38
14
84
0
-47
15
58
115
35
-49
90
130
83
77
2
-26
-35
-61
-63
-53
-33
65
-1
-53
-11
55
45
46
35
-12
-28
-17
-18
3
105
-36
-48
-48
-14
-27
-10
27
-13
-23
-22
-8
-22
108
-18
-4
-46
-44
-64
-41
-39
-64
81
63
109
54
-56
-35
-60
-14
-6
5
-10
-15
-18
-31
-49
-28
-41
-12
-23
-27
-36
-14
-10
-24
-14
13
-23
-40
15
-43
-62
-70
-75
-49
-33
-59
-68
-40
-74
-22
-25
-39
-67
-61
-1
11
12
17
-11
11
-12
-19
16
45
-7
-9
-32
-22
-12
-49
-59
-57
-41
40
-10
-55
-8
-9
-30
28
-14
33
-44
-14
-39
-65
-7
-33
-1
18
-53
4
-38
-53
-36
-44
5
-16
-33
6
-21
-7
-5
-10
-9
-10
2
-15
-15
-73
-26
-50
-45
-15
-46
-30
-60
-52
-42
-16
-54
-38
-7
-29
53
66
-1
36
26
60
52
-1
-6
35
-13
-28
-61
-47
-29
-39
-27
-49
-39
-14
-1
-16
18
-6
-8
-17
-19
-18
-20
-12
-23
-10
-3
14
-26
-12
-23
-25
20
-16
-3
4
-7
-7
-42
-42
-47
-23
-69
-16
-28
2
17
-36
-56
-45
-75
-71
-62
14
-53
-41
-7
19
-25
-17
-42
4
25
63
70
-3
-32
-82
-82
-88
-49
-51
-81
-13
36
24
9
-8
-17
42
31
0
-46
-20
16
46
-20
3
10
33
-16
0
17
19
9
2
-14
-42
-38
-53
-54
-31
-40
-44
-11
-74
15
-19
5
13
59
15
11
26
-47
-39
95
-5
-7
-4
38
66
-1
-12
6
-26
-37
-54
-10
-43
-15
-62
-28
-52
-50
-27
-50
-36
-30
-62
-53
-9
-33
-58
-74
-71
-68
-37
-66
-42
-18
-33
-9
-19
-40
-53
-52
4
-30
-47
-20
-61
-62
-60
-54
-61
-39
-63
-48
-59
-41
-48
-73
-76
-73
-69
-63
-57
-63
-63
-61
-60
-65
-63
-47
-57
-58
-63
-66
-49
-4
27
-20
47
2
-1
-11
8
2
-4
-28
-43
-51
-71
-55
-17
-34
-60
-42
-43
-13
-32
-7
-5
-23
9
50
80
49
10
55
-43
-29
-31
-57
-16
-16
-55
-57
-46
-77
-66
-47
-72
-75
-73
-82
-68
-68
-56
-65
-71
-76
-24
82
13
-16
-21
54
-15
-6
3
-14
-6
6
-16
-44
-53
-38
-24
-54
10
14
7
10
1
43
-21
-72
-55
-78
-58
-56
-78
-15
-75
-66
-56
-31
-67
-63
-92
-64
-71
-59
-63
-75
-39
-49
-51
-2
-5
37
37
-31
4
-35
-40
-66
-65
-65
-72
-52
-75
38
3
-26
-3
51
-7
-32
-38
-7
22
15
16
26
22
-4
-9
14
7
1
-34
-39
-33
-19
-44
-34
-52
-26
-52
-24
-52
-27
-11
-41
43
-12
-15
91
160
-5
-17
-14
-41
-41
-58
-66
34
-52
-53
-34
28
-12
7
-1
11
28
23
14
-65
-79
-77
-69
-62
9
-47
5
22
-18
-40
0
-32
3
-34
13
8
14
-51
-67
-57
20
2
-52
12
12
21
107
76
0
35
53
104
32
-26
-44
4
56
-28
47
-42
-19
-21
-39
1
27
1
54
47
10
28
35
-12
37
30
50
-29
-10
5
13
43
42
41
32
-5
12
-64
-85
-65
-85
-35
44
-2
11
-47
-34
30
66
41
96
-18
-8
-20
-41
-31
-45
-42
-46
-41
-24
-43
-28
-22
-1
-27
-54
-39
-29
-12
11
3
41
57
71
85
-11
-30
-50
-58
-50
3
-36
-10
-14
-4
-33
-5
-39
-56
19
45
26
6
-17
-12
20
15
27
36
34
33
18
-9
-14
-19
-38
-28
-73
-76
-75
-56
-43
-48
-66
-61
-51
-32
-46
-69
-31
-62
-59
-34
-56
-37
16
-55
-48
-65
-72
-59
-79
-71
-68
-27
-53
-78
-73
-57
-34
-13
23
1
33
18
53
52
34
70
74
69
69
-42
-71
-2
-52
-47
-53
-13
-46
14
31
54
-1
25
11
-21
-11
-56
-28
-48
-67
-41
-21
-24
23
23
11
-5
-52
-68
-44
-9
-58
-29
13
49
45
-2
-4
62
34
-19
-3
32
-29
70
51
14
73
9
58
-51
17
-66
-84
-83
-10
-68
-58
-38
-83
-65
-69
-28
-37
-41
-26
-43
-20
-34
-58
-18
-4
-20
-20
-34
-25
7
-45
-43
-39
-51
-50
-47
-42
-55
-75
-72
-44
-31
-53
-53
-47
-49
-76
-59
-69
-49
-63
-69
-59
-75
-60
-59
-65
-70
-63
-18
-48
-24
-73
-63
-48
-55
-49
29
105
5
-68
-49
-27
-39
-38
-53
-75
-46
-64
-35
-19
3
51
13
-10
-11
-46
-37
-31
-38
-7
-41
-23
-14
-1
-14
-19
-12
-9
-15
-11
-26
-9
11
-25
0
-21
-25
-25
-37
38
-40
-46
13
-57
-33
64
93
64
88
