872
251
544
524
298
519
500
495
132
397
555
544
438
187
636
621
533
100
320
324
275
360
499
377
440
90
358
295
325
449
201
291
507
439
558
635
113
340
751
217
350
326
596
632
191
566
405
435
320
267
404
610
695
461
94
357
810
540
405
692
547
370
321
415
254
486
335
750
418
504
532
530
433
803
739
437
384
513
375
536
472
364
542
398
543
446
524
647
494
289
482
342
612
522
547
389
382
609
443
588
701
329
357
108
230
229
452
407
271
563
259
176
193
235
206
354
206
540
386
557
524
299
432
81
301
271
290
411
127
417
361
90
526
324
329
214
41
298
228
392
290
301
236
86
268
496
148
274
325
418
379
282
370
333
322
173
283
212
239
559
226
142
262
514
260
463
360
278
305
249
226
396
574
258
133
142
260
193
90
328
381
261
174
458
207
171
184
139
267
331
281
193
339
337
204
168
359
117
187
98
286
58
329
430
179
349
336
138
328
543
203
207
93
270
293
194
277
152
318
366
169
233
111
283
421
218
262
81
209
348
180
423
246
394
440
149
557
359
243
246
125
118
277
322
126
232
242
188
393
336
344
110
362
101
123
98
315
276
347
381
356
99
349
146
116
255
192
170
345
161
496
249
312
78
200
342
140
287
178
180
134
280
191
339
324
260
332
150
194
244
334
213
