827
35
103
1000
392
26
478
1000
363
1000
300
492
693
85
1000
328
1000
11
1000
396
473
1000
278
278
578
89
33
176
194
215
241
106
967
1000
260
977
156
1000
1000
95
1000
844
1000
911
207
1000
683
126
947
791
79
1000
645
25
21
97
903
1000
1000
1000
593
191
82
307
297
138
74
14
114
205
330
449
45
1000
1000
101
17
470
677
1000
68
695
811
110
595
6
416
1000
183
74
141
241
400
263
404
376
94
342
628
754
1000
793
135
415
142
411
166
280
186
181
391
240
507
315
192
429
307
337
204
786
189
449
1000
130
138
100
41
195
347
443
53
89
1000
122
2
103
19
8
682
703
1000
244
7
137
170
36
165
5
387
9
173
166
150
131
44
171
323
186
418
146
141
180
405
749
81
598
306
1000
86
25
368
1000
1000
177
93
51
254
7
275
6
1000
325
123
173
93
271
61
322
104
188
500
335
45
232
211
223
180
88
16
124
980
58
161
124
284
396
131
508
130
538
53
343
27
84
882
165
51
66
231
145
340
465
103
133
245
493
182
182
223
1000
251
471
248
735
433
179
894
214
28
533
206
192
163
44
204
203
46
196
717
559
545
263
92
5
14
278
229
161
159
108
142
168
95
146
8
762
91
204
180
147
79
619
537
5
11
42
81
45
219
63
70
473
2
201
444
260
134
174
289
50
33
281
333
13
36
111
550
