852
35
433
349
41
214
822
144
67
45
2
291
155
28
359
581
247
232
286
627
137
371
719
39
599
187
1000
191
21
16
29
781
625
12
741
494
54
101
672
381
75
6
551
189
198
138
65
1000
68
23
1000
1000
1000
1000
7
659
1000
126
316
1000
1000
43
79
5
739
1000
1000
1000
1000
1000
1000
160
1000
1000
1000
1000
38
234
3
22
217
3
1000
763
1000
1000
1000
1000
1000
7
696
596
1000
397
41
135
794
844
135
1000
425
3
377
9
770
35
1000
120
21
767
306
13
38
132
358
562
296
836
207
1000
179
216
40
119
475
867
725
287
86
994
237
54
1000
119
1000
108
6
702
17
10
186
221
20
188
117
797
12
538
226
461
4
103
174
114
305
235
183
392
214
1000
364
255
77
542
147
206
33
113
907
226
139
121
55
470
176
83
625
282
46
333
9
84
24
593
93
82
174
123
57
148
130
243
467
115
133
22
153
116
45
10
177
97
459
379
20
429
544
31
87
843
205
286
47
1000
18
335
160
21
680
381
105
79
186
386
647
399
55
127
226
321
24
8
117
177
875
22
705
282
95
82
23
48
119
324
85
124
424
228
315
410
444
68
10
89
207
81
37
222
42
520
143
56
47
83
236
319
105
98
99
185
669
196
27
211
15
190
8
90
87
178
48
96
225
440
604
2
351
92
60
564
65
89
18
18
293
22
319
2
37
130
171
494
359
223
626
475
16
1
245
396
161
