836
177
964
1000
38
659
39
315
190
118
476
1000
164
123
694
1000
149
8
50
355
83
28
1000
340
4
76
205
701
486
1000
260
52
128
32
583
71
39
169
388
15
133
610
353
1000
147
963
136
307
193
44
250
470
295
115
302
499
425
53
440
372
1000
72
53
469
170
746
187
736
288
576
216
1000
198
1000
1000
1000
111
559
77
503
186
214
744
104
938
1000
1000
463
165
207
235
182
1000
1000
1000
1000
34
923
1000
1000
1000
420
225
14
39
520
270
464
504
718
183
25
375
85
189
240
163
1000
672
283
1000
151
39
55
442
51
50
277
72
415
821
260
144
736
142
253
72
490
280
433
93
307
596
39
31
68
300
303
300
480
469
106
1000
294
439
69
154
204
292
815
198
256
77
211
540
741
795
23
227
844
22
85
1
206
286
104
24
258
72
349
389
734
61
743
391
7
83
54
515
98
22
227
522
114
379
204
767
30
180
27
29
51
914
435
45
687
199
36
921
870
91
118
165
193
100
327
197
544
235
852
25
161
45
278
500
110
433
86
397
284
139
500
602
408
251
125
43
67
990
75
60
175
162
424
10
230
323
34
578
270
279
105
657
6
127
23
785
502
271
271
140
152
375
1
53
117
121
24
612
8
754
95
448
63
561
846
141
410
17
327
11
16
61
532
54
278
89
82
209
133
999
47
116
191
