-51
-70
-55
-71
-46
-81
-24
-76
-45
-37
-57
-37
-56
-72
-38
-66
-28
-56
-62
-73
-60
-25
-21
-57
-36
-24
-71
-30
-47
-44
-58
-42
-7
-25
-3
-17
-18
-58
-61
11
-18
-47
17
-11
20
8
-11
-17
18
-22
32
8
-2
-4
21
6
25
3
-11
-18
-3
6
13
-22
-19
-4
8
-21
-18
-13
-39
-13
4
13
-13
8
28
-2
8
27
15
-11
18
7
-10
-6
12
12
24
-6
16
-5
113
14
11
10
77
16
-31
41
83
-9
16
8
94
-16
12
31
42
44
49
32
-3
36
-7
13
69
64
135
53
16
71
91
-41
55
95
81
132
110
-19
39
46
88
80
99
-5
75
57
22
5
91
81
1
45
64
106
85
101
165
2
123
33
65
81
-17
42
14
-17
42
41
16
67
44
83
78
90
47
95
-3
52
23
72
23
54
-17
-10
53
-22
23
49
68
93
1
28
82
42
28
1
65
3
26
37
89
2
57
91
103
18
-1
3
55
76
-4
23
95
27
53
45
-27
76
23
36
62
3
100
52
52
65
-23
12
85
73
82
70
-15
76
90
97
10
-38
10
116
78
109
67
73
7
66
54
67
63
82
47
39
54
71
54
31
50
34
22
48
73
60
58
27
24
25
24
51
11
16
40
33
77
38
54
117
54
38
76
21
81
38
82
78
71
59
45
51
77
26
52
15
32
33
70
102
62
60
-34
45
30
22
28
22
22
71
24
26
166
11
26
25
15
-3
65
35
38
31
61
33
45
56
73
31
27
41
36
43
58
48
40
47
65
59
53
47
17
62
50
55
43
-41
40
66
71
44
36
34
52
60
23
64
74
51
54
77
38
50
49
56
43
39
-37
41
50
29
6
28
17
38
37
74
55
26
64
50
18
40
52
52
65
55
62
68
39
62
39
65
29
21
23
32
75
65
93
73
71
63
50
64
60
58
53
53
51
54
42
27
52
27
51
51
56
56
40
27
16
39
30
40
22
28
10
34
36
15
30
23
9
15
32
36
17
22
1
50
38
34
28
21
28
3
29
49
41
55
52
64
29
37
28
43
31
25
53
48
52
38
60
58
71
-15
61
51
51
50
35
51
58
62
76
65
-23
64
39
26
41
49
47
43
15
7
-12
0
19
-4
21
-3
-1
19
11
35
44
37
51
35
45
31
36
25
35
50
23
22
71
58
39
51
27
17
55
39
59
46
24
44
44
13
-1
14
15
9
15
37
69
36
79
27
44
81
70
61
54
49
68
57
99
91
95
63
74
111
86
90
65
80
48
35
42
68
44
68
40
37
46
61
92
71
-20
62
59
70
78
53
68
50
51
92
63
39
72
33
77
70
53
65
66
60
41
120
92
63
60
75
62
62
52
46
20
70
48
39
34
42
58
42
63
67
80
59
67
86
42
66
-17
52
42
49
48
53
67
43
44
43
72
31
47
87
64
40
45
35
35
47
47
106
91
66
72
70
49
64
60
65
48
82
64
53
57
61
67
50
28
72
70
54
66
73
68
44
49
60
54
85
65
53
94
75
95
-3
-28
64
-11
74
62
94
60
106
88
78
80
71
73
49
40
37
66
74
38
53
54
35
63
50
110
96
53
72
81
45
56
57
48
85
64
91
84
73
51
76
51
72
66
57
28
51
57
45
43
85
46
71
64
69
83
76
95
80
17
75
27
36
71
55
60
33
57
37
36
57
51
59
50
33
44
50
68
77
75
100
64
70
125
92
44
68
75
67
59
129
153
93
57
74
104
99
70
83
71
72
116
105
-16
46
67
75
134
103
65
-16
59
75
78
77
76
79
93
48
11
56
62
78
75
106
65
40
59
94
91
46
67
74
38
57
93
48
86
75
59
75
103
102
114
-7
11
63
63
74
66
54
71
40
84
61
58
68
45
63
69
57
62
59
75
63
66
87
64
64
50
68
78
97
54
-6
55
66
49
51
43
49
72
60
57
74
76
62
33
53
32
70
76
76
46
71
-24
35
66
75
59
66
85
97
67
86
107
70
67
77
-25
20
41
73
51
65
118
66
53
126
94
86
122
64
-13
84
-15
68
50
62
68
34
44
89
77
89
79
75
51
-2
5
21
0
19
42
42
31
47
59
48
42
60
44
56
66
51
45
36
57
50
40
55
52
58
62
64
79
89
95
66
86
119
79
71
80
96
81
69
-1
-28
-6
-10
-22
-23
-2
-11
-14
-13
-17
-12
-24
-15
-14
-15
7
-19
-16
-8
-1
-12
-16
-21
-21
-18
-24
-17
-11
0
-21
-29
-9
-7
2
40
9
24
-10
13
-13
-7
-23
-11
-14
-14
-10
-17
-24
-39
-15
-16
-13
-6
-14
23
-16
-24
16
-3
37
49
-23
47
37
30
42
44
-27
25
60
-41
34
37
49
44
28
33
50
-6
55
53
31
35
39
39
47
54
52
-20
35
37
53
13
20
26
14
14
37
48
36
27
31
45
61
28
30
42
31
65
49
32
41
39
33
11
37
50
65
50
54
76
18
10
51
-1
50
26
26
30
49
37
20
31
50
66
27
27
22
17
18
38
78
-19
20
33
26
17
21
-4
18
31
31
25
46
48
19
17
35
25
70
14
23
20
44
39
27
53
31
29
-8
56
45
56
70
71
6
35
66
-34
14
43
73
53
51
47
58
-31
40
63
41
39
60
22
54
12
38
45
57
30
25
16
-3
25
20
10
0
-11
46
36
32
62
55
47
37
71
95
50
67
55
37
24
58
47
-10
63
76
37
-23
45
41
-5
16
0
39
34
6
18
18
9
58
55
27
25
8
35
58
37
24
61
41
29
42
30
56
3
15
25
17
24
65
29
16
21
18
26
10
19
29
10
20
38
-4
31
57
5
37
16
17
47
24
39
37
33
21
13
16
-2
-1
9
1
5
-7
11
-7
24
-13
4
14
-1
-5
33
-3
1
25
1
26
43
22
17
10
50
13
34
19
20
50
21
17
49
28
38
34
42
36
45
59
32
62
31
46
64
18
24
14
22
3
32
23
37
31
41
9
35
37
14
26
54
45
23
29
44
38
46
38
34
43
32
18
45
42
34
34
89
-23
48
66
8
50
53
45
-6
29
35
38
26
65
40
30
35
6
39
45
36
20
27
-9
25
24
16
2
3
7
-8
-8
22
9
5
-2
13
12
2
4
26
20
12
8
-12
15
-10
-6
17
-12
10
-5
3
-4
6
25
21
-5
5
18
11
24
12
14
11
31
30
38
25
36
31
52
41
44
10
34
40
28
43
23
27
53
59
57
24
82
80
64
37
55
28
41
50
-4
23
31
50
35
51
73
-37
37
29
14
38
17
28
24
12
32
32
54
28
21
11
27
49
42
45
43
55
29
36
37
33
54
17
33
36
22
52
56
47
38
24
47
52
45
24
52
63
45
78
71
68
60
55
1
28
55
22
13
24
23
21
62
23
41
40
74
51
41
57
79
33
66
-28
52
70
55
53
46
47
33
61
36
47
40
0
25
17
6
-10
14
15
16
6
11
11
6
22
21
17
7
42
39
36
39
37
95
79
-19
59
22
93
39
48
38
44
85
55
23
57
7
53
14
33
73
73
60
57
35
22
42
49
51
47
36
46
29
47
37
47
25
67
22
31
43
47
62
39
69
36
49
51
39
35
60
43
34
40
46
42
29
22
52
22
46
16
6
45
15
46
45
31
35
37
40
39
66
59
18
33
63
52
28
32
46
11
36
38
37
38
51
18
31
31
59
50
70
44
56
60
52
44
38
5
32
37
11
30
20
22
-1
-5
49
55
61
64
51
53
83
-26
38
34
52
75
40
30
46
43
37
38
55
39
40
29
28
46
61
28
37
32
45
24
24
14
70
24
31
6
23
46
16
27
28
18
48
41
50
2
35
41
16
21
33
19
29
12
14
18
4
28
38
24
56
30
32
21
7
3
40
5
23
17
34
35
16
51
33
38
37
56
33
40
39
45
9
24
13
30
18
18
23
36
3
-12
29
32
39
41
28
40
50
32
70
-13
50
41
57
38
37
34
15
1
44
29
31
24
33
-1
24
37
50
15
24
39
38
34
39
54
107
87
90
52
59
36
65
25
46
59
49
53
41
51
36
46
34
40
55
54
33
54
49
49
69
61
46
40
22
58
36
50
58
48
76
60
72
92
30
78
66
67
104
102
88
65
87
75
95
59
75
61
68
59
82
78
-14
85
92
95
-16
-25
78
105
99
-25
68
97
15
66
125
53
82
73
7
62
98
64
119
89
61
56
73
75
83
57
112
-26
69
58
103
74
81
74
78
63
71
71
56
104
120
76
60
46
127
87
79
70
92
-4
38
83
98
44
78
90
47
58
46
59
76
103
46
68
62
38
46
59
44
34
46
43
28
41
33
39
51
59
33
45
61
31
38
46
70
17
61
76
54
66
82
45
64
63
63
100
38
66
63
56
44
91
65
61
22
53
42
39
69
83
65
53
70
90
86
81
95
81
91
60
92
56
54
92
37
58
59
174
88
75
53
98
142
-5
45
71
83
45
102
64
69
62
47
44
49
19
57
28
35
37
77
62
50
55
26
45
37
16
61
40
29
13
37
30
24
14
48
43
25
47
30
38
10
69
52
74
67
91
99
114
100
106
83
36
-12
51
44
57
55
61
92
67
61
60
10
43
62
34
43
74
108
33
40
36
57
44
59
90
44
31
55
16
42
100
66
83
75
83
67
65
67
105
75
67
83
86
77
93
99
70
70
85
105
73
121
117
89
80
66
50
86
46
89
89
86
73
84
72
44
47
70
56
59
63
88
75
126
105
91
84
-39
60
63
61
32
56
46
55
35
68
61
88
54
60
68
38
57
37
33
46
42
44
44
43
32
21
23
16
57
27
34
25
25
11
22
23
32
47
51
46
10
51
49
-2
-4
24
56
21
18
41
28
75
72
64
77
74
-44
44
16
-13
19
34
8
49
47
20
31
-6
31
18
32
47
19
31
-5
20
38
60
45
-4
24
25
59
51
44
62
-7
45
7
8
52
34
50
44
10
37
31
85
-4
50
49
-2
47
63
23
31
-1
32
10
41
-1
42
26
4
14
33
5
14
23
39
8
31
40
37
28
24
72
32
41
43
31
31
55
63
74
32
31
1
46
44
84
52
26
2
73
-5
38
50
20
9
13
15
28
14
13
14
33
45
24
33
29
20
14
28
5
-6
0
28
1
17
41
18
28
22
41
30
34
31
22
1
3
16
28
-6
19
11
12
-6
-6
-15
24
25
34
13
51
17
34
11
18
25
23
35
23
-1
27
30
24
14
28
29
33
16
20
64
6
51
22
19
13
34
20
18
9
22
21
27
28
26
7
8
30
18
43
15
33
34
19
53
-10
11
31
18
16
28
29
26
19
46
49
31
40
27
44
34
32
41
-7
11
9
22
11
28
17
25
40
37
10
-3
31
31
39
47
35
37
-16
11
39
12
28
12
30
25
12
41
2
10
8
7
24
18
7
69
31
15
19
33
15
37
16
12
32
3
20
58
56
49
22
69
63
28
64
33
14
-17
23
37
30
48
57
31
55
46
-24
39
15
40
0
13
33
23
23
27
24
32
20
16
35
16
15
59
31
30
61
8
19
22
24
24
14
34
11
14
28
27
18
50
70
13
27
44
26
30
29
41
10
11
19
37
39
38
44
58
33
13
30
24
26
34
52
-1
30
46
29
39
69
46
40
61
72
45
60
22
53
41
51
30
47
40
62
48
50
65
31
22
29
37
37
45
3
28
29
28
52
35
0
19
31
9
54
40
30
65
1
47
38
33
36
34
47
-5
34
26
21
21
27
34
45
46
48
38
62
-17
19
41
6
29
48
37
29
23
19
32
36
44
26
22
99
36
6
40
20
32
26
28
34
46
22
41
36
72
20
14
43
24
10
57
53
-21
18
70
25
11
54
21
71
51
58
60
51
35
-44
67
-2
64
50
29
16
28
31
-18
40
50
73
43
29
-24
48
47
57
36
52
43
36
76
34
41
29
52
36
34
36
27
48
48
40
42
47
63
71
54
11
57
49
37
10
72
29
66
53
51
55
47
-20
39
17
19
30
44
39
18
36
31
59
38
32
54
44
60
51
55
42
35
26
45
46
53
51
40
90
75
23
48
37
51
37
40
54
50
48
57
48
57
71
-6
30
40
38
34
24
42
48
19
31
36
22
21
24
34
41
7
2
26
27
54
39
21
30
1
30
19
-5
-2
27
21
12
5
29
19
23
37
56
40
23
20
27
22
22
-7
19
12
40
20
30
26
44
59
42
-18
26
39
56
47
56
55
-26
9
48
47
34
45
49
45
3
51
30
47
45
60
125
56
36
54
66
23
60
63
69
44
81
63
50
95
92
61
59
64
79
-16
65
44
32
43
24
43
40
41
30
37
29
37
34
40
24
32
14
11
23
48
21
30
25
32
61
51
56
46
46
48
33
35
22
43
39
36
30
86
41
61
56
47
58
49
53
57
58
63
62
32
73
54
64
47
54
55
48
56
48
43
94
62
53
58
36
45
45
71
46
44
44
42
65
46
37
43
49
36
55
45
44
28
29
30
30
55
51
99
36
50
50
24
36
29
29
34
28
35
43
27
43
30
28
43
21
42
39
16
41
24
12
24
21
22
19
21
29
49
33
23
31
46
32
43
27
32
15
30
25
47
38
49
33
35
40
27
54
48
33
46
58
65
64
56
68
65
49
37
50
56
46
60
58
72
68
69
65
67
55
75
74
71
69
80
59
-11
30
59
22
52
39
34
22
26
33
46
22
43
32
28
35
46
40
23
31
39
38
27
49
36
51
24
52
51
43
66
61
39
53
70
38
59
47
63
42
75
85
74
45
57
73
63
74
63
77
-16
39
40
29
52
31
98
39
36
24
30
29
33
41
74
71
36
48
48
48
63
59
37
110
58
96
56
51
52
52
69
59
66
74
72
74
53
53
49
48
33
46
47
53
48
50
69
52
65
64
66
46
77
54
46
77
84
68
101
-7
57
52
35
43
30
47
49
56
47
56
52
50
76
53
46
-28
65
49
50
35
87
34
74
88
55
67
64
69
70
71
81
-16
63
58
69
100
70
56
57
59
92
50
57
72
50
72
72
42
46
57
52
75
76
64
60
90
50
50
65
66
73
42
63
57
61
50
55
57
76
67
80
99
63
-5
68
69
42
80
84
44
43
56
49
75
53
58
55
44
64
69
78
41
55
46
38
36
45
49
69
54
24
37
51
55
41
35
67
52
44
48
21
44
48
57
50
58
57
57
25
48
39
39
44
24
65
60
60
39
46
50
41
24
50
51
51
67
62
56
74
44
70
42
44
46
47
60
59
57
50
41
51
45
42
80
67
68
73
83
80
-14
35
28
24
32
48
38
39
67
37
38
45
33
41
45
44
48
39
37
43
34
23
31
49
30
40
22
13
53
22
62
4
36
21
60
53
31
33
56
34
27
43
34
27
33
46
15
22
13
33
40
36
5
29
24
53
17
27
29
7
19
26
7
34
27
9
19
27
22
24
55
7
26
50
49
26
71
78
48
46
15
26
43
30
65
31
46
21
14
29
16
17
22
42
-3
14
31
-2
33
29
46
27
58
34
48
36
53
42
13
56
33
95
34
32
44
39
53
60
60
60
56
71
54
102
83
55
70
81
79
65
54
58
51
51
56
37
27
44
42
56
76
72
50
63
60
56
52
61
48
43
71
60
68
47
48
44
58
63
79
78
79
33
57
45
54
39
69
47
72
72
67
65
63
84
91
71
-24
38
18
32
18
23
18
21
7
23
24
25
17
11
34
22
1
14
32
22
35
26
13
12
-3
1
22
26
19
21
3
13
25
8
27
10
39
29
42
25
24
34
11
24
14
25
44
47
42
36
30
72
39
41
45
36
28
35
13
10
24
11
31
21
33
25
22
23
20
5
22
19
11
5
5
30
22
42
28
50
24
33
21
20
30
29
48
50
40
49
38
44
49
48
56
39
34
58
42
28
73
58
66
65
57
77
64
76
52
66
26
50
70
68
81
97
43
75
67
67
76
69
56
52
59
58
44
92
51
56
57
34
56
52
63
58
53
41
71
37
23
42
21
33
41
31
45
32
33
31
62
40
44
56
79
32
22
24
37
37
51
52
44
61
49
73
61
63
79
76
72
73
73
65
85
66
61
54
44
52
50
24
51
48
53
60
47
42
46
58
41
49
62
52
54
82
61
71
57
51
68
83
54
82
-25
54
56
69
66
53
87
112
-19
59
45
36
61
57
52
43
58
71
54
59
69
71
62
66
64
65
51
83
60
54
78
63
62
68
63
84
94
53
-16
57
42
79
76
77
71
57
80
76
66
56
67
75
68
90
93
59
88
86
97
74
52
59
72
78
104
84
62
64
71
81
73
57
34
62
44
82
52
43
67
44
42
52
73
53
62
82
49
53
100
99
59
75
65
76
68
93
70
89
60
56
36
46
55
28
22
47
18
40
39
26
41
54
34
44
61
61
66
58
54
44
45
39
58
40
33
28
39
48
22
41
27
27
52
41
39
36
43
29
28
48
72
46
24
33
50
38
26
46
51
85
34
50
62
49
47
43
54
27
52
40
41
48
46
50
42
56
82
51
49
65
44
70
74
80
55
66
45
57
59
53
41
52
47
54
42
61
40
72
72
54
66
62
93
-11
48
38
52
42
83
35
59
39
53
72
72
65
57
52
61
69
60
51
55
46
73
64
52
66
60
83
65
59
50
62
91
67
58
68
73
47
86
66
94
70
76
93
-22
85
-7
-19
71
60
59
57
47
65
53
53
47
58
35
49
58
59
74
45
42
80
56
65
59
70
75
33
53
47
58
71
66
75
-19
61
23
74
45
38
26
47
41
44
46
41
51
20
45
48
45
81
46
47
46
93
93
53
62
26
48
36
96
76
59
69
82
54
47
63
81
66
49
40
49
55
47
54
77
44
60
64
87
63
60
56
60
63
68
65
65
61
80
75
69
56
81
65
69
71
53
61
62
58
61
43
53
65
56
57
56
63
78
63
86
63
40
76
48
69
101
58
32
66
88
58
69
60
45
71
54
44
64
61
56
73
96
65
72
56
60
80
67
53
62
62
44
38
40
23
34
32
28
44
50
48
26
36
54
63
71
62
62
72
106
85
60
70
54
69
47
72
61
74
50
55
47
67
53
45
52
48
42
63
41
56
48
58
56
83
51
46
40
59
61
108
55
71
65
68
59
42
55
71
66
78
-9
54
40
35
67
35
47
38
34
28
66
44
46
35
23
45
50
57
65
51
47
50
39
56
51
54
39
40
39
58
33
52
36
58
35
23
16
43
30
64
62
81
77
60
62
71
30
55
69
54
71
55
56
52
79
71
89
42
92
73
60
-13
55
71
67
51
30
30
46
69
47
67
70
30
33
47
43
64
65
55
42
79
64
51
63
61
76
66
60
59
44
38
34
40
42
45
65
62
65
75
67
65
85
78
67
62
63
52
63
67
57
73
66
76
73
69
83
62
66
52
65
66
67
79
-24
64
46
43
52
71
56
58
103
81
-24
38
79
-2
0
68
60
77
85
85
62
60
75
75
91
74
82
85
-15
89
51
58
61
68
46
60
46
83
74
74
87
71
76
77
77
53
89
71
75
76
-11
54
54
58
72
49
48
62
64
49
38
72
59
62
58
50
66
64
83
38
64
50
63
46
63
68
68
58
82
31
66
45
48
45
69
59
40
46
61
53
45
61
65
60
40
58
81
69
49
71
58
60
60
60
73
47
54
65
55
62
78
63
61
59
44
63
64
63
53
48
61
52
71
57
51
60
55
66
77
66
57
83
62
58
65
51
45
74
86
63
66
63
91
58
69
81
71
86
53
53
71
59
69
78
67
36
87
68
99
77
68
69
71
69
66
81
60
103
86
57
55
47
76
44
54
50
65
36
49
47
56
30
55
55
48
58
71
84
27
61
37
45
113
89
78
88
70
62
66
76
71
53
82
55
68
53
69
50
61
52
55
75
61
61
83
62
31
80
59
64
62
58
54
61
57
36
103
41
43
50
47
50
48
46
29
47
75
66
39
60
39
53
50
46
52
44
71
55
54
55
79
70
71
67
59
59
72
74
72
59
73
56
64
46
74
53
61
60
60
52
45
78
73
62
93
76
79
39
48
55
46
48
52
63
58
68
56
75
62
70
76
82
65
56
44
85
84
61
66
75
54
75
75
58
37
62
68
72
65
62
70
63
51
47
60
38
47
35
40
43
59
55
58
82
42
40
54
64
113
90
22
62
66
47
52
59
60
73
50
54
48
48
77
50
43
29
25
37
52
62
53
59
64
26
49
34
54
88
19
46
31
50
38
12
26
30
35
24
33
53
28
27
26
30
22
39
36
15
33
30
40
59
42
51
46
45
46
50
49
31
27
41
20
35
70
14
50
50
57
47
40
72
39
19
26
55
51
70
94
71
55
88
92
74
65
60
43
52
31
57
80
60
45
69
93
96
99
12
65
67
67
29
33
42
27
32
34
49
37
41
45
24
28
48
48
52
39
30
37
19
32
34
36
42
40
50
51
76
75
81
66
48
69
54
83
65
54
46
76
58
59
69
73
51
58
44
66
40
97
99
53
44
50
60
48
53
41
53
36
50
51
30
31
63
49
49
59
55
54
37
62
-35
38
36
29
37
56
30
62
75
75
54
44
39
59
49
7
68
40
63
61
44
67
44
70
56
66
65
60
53
39
-12
41
47
60
57
56
67
64
50
67
58
83
77
68
44
69
32
61
47
42
57
21
55
50
77
46
57
49
65
55
55
81
39
44
57
51
58
38
73
42
54
87
56
46
66
54
39
10
49
48
42
29
46
30
41
40
16
51
54
35
42
42
29
41
31
52
29
29
58
51
82
46
59
42
42
50
39
32
30
75
47
29
31
26
29
32
28
30
40
53
37
43
34
37
50
28
43
62
34
66
55
42
26
54
46
56
62
45
43
25
25
37
45
77
43
38
42
42
23
46
18
9
41
10
40
20
45
10
59
52
64
49
36
64
31
58
23
88
77
85
91
-16
47
56
54
54
68
50
69
71
55
74
40
83
55
80
55
88
54
64
65
65
81
66
63
72
59
73
60
60
62
72
82
53
42
84
46
70
41
57
64
69
59
49
75
83
93
79
99
85
52
78
80
85
55
58
52
59
66
61
26
60
52
63
62
29
61
63
46
56
37
44
34
55
37
104
35
81
87
71
78
77
67
54
87
68
72
75
67
56
98
129
75
0
58
61
57
46
50
73
56
54
43
71
28
57
49
49
84
68
49
61
44
55
43
55
23
45
65
66
49
70
48
64
46
54
92
59
69
39
66
60
75
104
5
60
74
64
47
41
49
33
43
41
55
46
75
55
60
56
78
67
76
70
73
103
87
76
54
55
49
41
52
48
46
42
52
36
52
54
42
59
51
47
73
60
69
78
53
69
73
57
42
60
68
51
57
67
72
96
77
70
68
77
27
61
38
74
77
82
47
66
86
62
75
61
65
103
64
86
54
56
44
60
58
39
67
72
45
43
43
70
50
41
53
60
61
58
49
53
55
29
42
35
48
70
36
41
49
66
44
72
61
86
62
59
63
74
84
49
67
60
73
51
41
57
52
45
34
31
61
47
26
82
59
25
55
57
70
84
2
42
58
67
53
52
69
65
75
80
56
74
64
48
96
47
88
80
94
63
119
104
95
54
33
60
53
85
41
46
64
30
50
68
46
70
75
77
36
58
67
45
44
46
27
39
21
51
31
28
44
50
35
46
42
62
101
49
84
50
27
42
76
72
83
36
45
36
42
23
47
46
73
51
54
26
46
70
57
65
66
45
50
48
35
51
67
52
60
92
56
61
58
58
53
71
73
53
78
42
50
61
33
27
48
64
33
53
49
64
66
78
54
90
49
39
56
67
38
73
49
63
37
29
65
32
65
71
61
98
52
49
48
53
55
48
68
79
62
36
37
49
60
34
47
72
30
58
49
45
50
62
58
58
50
45
63
63
45
46
55
43
21
37
46
32
26
33
25
26
33
31
29
19
18
43
24
40
32
31
22
30
86
12
20
22
22
31
30
39
29
18
34
15
9
35
30
35
28
27
25
30
37
19
22
25
20
30
28
26
23
25
9
31
29
10
18
26
11
48
41
20
30
28
24
33
25
21
21
34
31
33
28
32
27
62
33
51
35
8
0
42
30
26
30
17
51
27
7
25
2
32
21
3
25
36
37
18
25
30
33
35
31
35
49
35
43
63
33
47
26
30
45
50
44
51
22
56
66
35
42
54
64
56
47
45
68
60
50
54
56
44
66
45
35
31
36
33
34
21
36
36
37
36
42
35
54
18
63
31
52
70
73
67
55
65
59
56
37
38
58
68
102
80
66
-9
43
42
47
53
88
55
56
37
62
57
43
74
72
66
67
67
82
58
55
56
26
64
50
50
50
68
107
80
67
40
64
51
58
44
24
38
61
33
62
61
60
53
59
72
60
68
80
68
75
77
100
79
89
105
87
99
98
60
84
79
81
77
88
-2
63
75
65
73
50
88
75
62
51
70
69
79
67
90
85
66
60
63
88
89
83
69
85
65
74
72
60
55
89
54
62
41
47
60
53
61
62
62
56
67
71
66
57
60
64
57
78
69
43
43
98
55
61
67
83
103
55
42
32
55
74
51
56
62
79
83
74
72
86
91
87
63
79
81
84
55
95
70
76
98
116
138
118
-21
90
100
76
83
87
16
91
74
55
89
89
69
76
80
68
125
76
82
62
53
42
76
53
56
55
63
48
70
61
62
92
101
81
48
73
115
92
72
73
65
66
74
74
94
82
64
81
72
62
-24
69
48
83
57
88
36
48
62
72
45
40
26
54
61
51
50
48
62
31
34
30
25
48
32
6
-2
41
5
21
14
17
39
29
37
17
22
22
37
17
19
28
41
23
15
3
18
60
20
9
10
15
23
26
27
54
9
26
50
44
28
32
10
11
17
48
21
46
17
35
38
15
41
46
25
8
31
25
26
4
24
43
74
28
27
65
33
28
24
24
61
43
21
62
46
30
39
24
58
42
41
17
53
45
40
20
24
46
40
35
10
50
46
50
68
29
38
32
35
57
22
61
58
50
71
40
61
46
46
-14
40
40
65
41
57
66
71
58
47
68
48
3
27
27
29
57
27
44
56
68
57
79
30
54
67
63
55
59
64
47
56
107
68
83
67
69
48
43
27
51
76
47
69
68
20
66
62
61
36
65
64
64
67
64
-21
58
39
17
30
77
37
21
31
65
20
29
57
25
22
40
53
23
21
21
24
22
48
15
54
19
24
28
18
45
23
34
26
37
41
31
24
-3
11
36
14
28
22
10
28
34
24
69
20
29
23
68
35
20
45
14
31
18
7
23
36
20
2
72
19
27
65
27
43
37
40
62
30
52
36
63
42
48
49
58
54
40
45
51
65
43
27
38
47
48
42
60
51
36
34
38
39
63
73
56
62
59
44
44
39
71
59
66
44
35
46
78
16
52
68
84
36
43
75
62
87
65
-13
57
35
41
32
34
75
72
34
54
59
50
82
52
55
58
66
48
49
38
48
30
24
22
9
27
22
45
42
42
48
25
38
15
17
35
35
37
58
39
24
39
41
-7
67
32
40
24
49
32
48
46
47
14
81
60
44
-14
52
60
13
35
33
50
46
51
34
74
31
48
97
55
64
54
43
62
80
79
73
59
38
48
56
38
70
52
64
45
77
40
26
61
55
36
39
37
33
56
39
62
56
46
51
53
42
42
49
28
26
38
26
23
42
47
30
43
14
40
37
70
13
35
14
22
44
15
24
32
49
27
16
68
43
82
27
28
54
34
19
41
36
43
44
27
41
29
30
59
50
38
43
30
58
37
49
32
57
32
40
38
43
44
61
37
31
59
52
69
88
55
45
38
44
52
60
40
57
62
44
60
25
40
35
46
55
19
46
54
42
38
46
47
32
32
66
53
52
42
31
89
32
52
80
42
50
34
31
33
39
54
36
56
74
49
31
21
83
35
48
31
22
25
21
82
14
45
21
41
52
37
37
32
71
45
27
62
35
30
45
19
3
30
46
30
15
30
30
33
32
51
44
55
24
53
45
39
32
36
53
27
37
44
42
60
41
67
42
61
45
56
76
47
32
65
59
49
83
-40
46
63
60
52
66
60
34
46
50
47
58
23
44
44
19
19
14
26
43
36
60
72
49
21
59
38
40
39
68
41
35
63
34
50
52
23
56
13
39
51
38
31
52
56
57
38
50
32
28
41
72
37
37
48
25
37
78
30
26
30
52
30
33
34
47
49
44
58
45
36
37
45
45
42
18
38
39
37
43
37
50
63
53
48
22
40
32
56
48
49
44
45
42
44
58
35
31
35
54
51
27
24
39
38
21
54
40
38
36
26
60
36
39
39
46
36
71
36
-7
32
32
58
56
38
42
44
52
60
44
30
70
75
28
37
42
65
76
6
56
38
20
21
74
69
40
18
51
74
51
56
42
57
59
55
62
57
52
65
54
105
0
49
60
34
55
37
27
90
34
51
51
45
31
50
45
39
51
39
23
32
14
29
-6
17
-6
16
22
2
19
17
25
15
31
-2
40
11
25
23
15
24
27
27
24
34
33
40
22
55
68
55
53
49
41
34
42
51
46
52
54
59
45
47
28
24
24
63
14
29
33
26
47
44
26
22
28
51
61
47
30
59
65
51
44
75
18
73
63
46
51
50
26
27
41
41
49
51
35
45
56
81
49
62
53
35
55
30
36
46
37
44
42
53
38
60
32
43
19
57
41
34
45
57
27
40
48
42
40
53
45
54
62
62
35
64
34
39
36
3
28
23
37
32
42
50
20
38
46
29
49
16
45
25
25
13
20
72
49
31
39
58
64
55
32
43
47
56
68
59
26
54
50
31
24
32
46
30
36
25
29
35
43
44
27
47
61
45
18
30
26
13
24
27
11
35
30
26
28
19
37
28
38
14
23
20
11
14
4
76
41
37
1
35
28
2
23
25
15
36
9
31
24
-2
-1
29
47
23
36
22
21
13
-3
25
2
25
17
3
42
60
34
43
23
25
15
30
26
25
25
27
32
24
37
3
25
22
46
20
29
63
38
19
10
26
29
3
24
75
25
18
29
12
68
43
46
19
43
32
29
7
10
14
29
18
23
0
33
17
72
47
20
29
39
15
50
49
22
28
63
31
51
49
52
45
41
45
72
42
27
51
44
35
65
18
15
45
33
25
30
28
52
34
19
19
23
22
29
22
12
11
9
30
27
32
19
29
29
26
40
38
38
37
31
29
37
34
34
40
18
30
34
33
9
48
45
51
50
66
37
34
37
50
25
43
35
32
34
57
45
63
46
48
34
24
52
37
41
50
25
23
45
25
45
60
43
45
28
51
32
32
33
77
35
53
45
29
34
36
48
48
37
49
39
26
39
46
13
30
44
39
23
37
39
26
36
49
58
56
47
36
68
38
58
55
45
56
42
43
28
28
30
33
32
33
47
46
38
38
43
29
36
22
35
40
40
20
31
50
41
39
38
61
49
49
44
46
40
40
39
35
62
27
38
42
59
35
50
16
30
27
33
31
42
41
48
37
55
38
37
35
34
31
36
50
49
45
47
29
36
24
32
58
28
33
47
40
62
61
82
70
37
40
37
70
51
55
51
32
35
54
64
36
35
60
47
21
42
39
58
45
35
21
49
50
27
21
19
30
27
18
16
28
19
12
28
31
33
46
12
49
41
