-52
-21
-68
-49
-46
-53
-39
-63
-62
-53
-66
-32
-25
-27
-13
-56
-5
-55
-58
-51
-48
-47
-48
-36
-61
-49
-66
-64
-31
-39
-65
-74
-60
-57
-51
-54
-82
-50
-66
-72
-26
-66
-71
-44
-64
-63
-38
-69
-69
-62
-61
-43
-30
-39
-39
-58
-45
-44
-63
-38
-59
-24
-10
-28
-26
-31
-1
-38
-3
7
-9
-21
-8
-10
-9
-32
-71
-25
-8
-30
-41
-17
-11
-35
4
-11
-35
-23
-9
-14
-22
-18
-5
-5
-25
4
-7
-17
-28
34
16
-17
9
-13
-5
-7
-36
-18
-42
-27
0
-29
-15
13
-20
-2
-19
5
-29
14
13
23
13
18
52
83
9
77
46
-6
-3
31
145
2
16
-21
4
106
99
9
26
96
67
176
70
15
43
31
54
110
130
52
117
107
81
45
117
90
93
88
58
46
115
57
109
-31
81
30
64
90
78
81
13
115
14
48
-12
42
10
-11
4
14
-17
74
2
21
-3
20
115
36
129
129
-7
92
38
65
75
27
100
84
88
80
26
61
67
102
6
80
81
93
82
108
-21
56
74
46
81
126
149
76
106
18
6
-3
102
79
70
33
81
50
31
46
43
76
52
105
79
83
89
96
42
85
49
75
46
94
81
138
68
35
76
67
105
137
124
65
39
62
46
38
35
40
82
20
46
39
56
34
36
32
56
20
25
28
43
-22
17
7
23
45
10
-3
39
44
10
47
30
27
4
51
35
37
7
-2
17
29
62
12
55
55
51
-5
17
24
47
23
32
35
72
48
31
47
52
57
88
-10
86
63
119
105
89
52
78
112
69
61
46
-16
73
73
-20
-14
37
-6
57
85
79
97
62
44
109
61
55
46
107
98
81
35
157
98
13
68
54
65
73
103
43
54
61
33
41
38
70
38
45
54
33
-14
26
18
27
26
63
41
64
17
19
60
70
61
34
71
31
65
66
46
41
81
32
63
51
46
44
32
45
33
45
35
50
21
47
23
29
46
12
33
22
25
15
34
31
28
29
22
30
22
32
19
62
45
35
28
33
21
44
59
45
43
52
18
16
69
50
30
55
44
85
55
98
95
-11
27
-8
4
92
90
74
68
45
86
-22
33
77
58
63
79
62
121
46
57
57
60
51
40
52
83
53
84
64
-18
67
89
79
70
72
46
76
42
55
60
98
57
54
51
89
115
76
85
95
69
97
83
88
72
30
58
56
50
42
41
65
54
41
46
52
46
20
54
35
28
21
44
68
43
45
59
40
52
55
53
113
78
57
26
46
39
42
47
28
40
68
58
53
63
75
67
55
63
69
-14
-16
52
58
85
73
51
65
63
76
69
107
77
90
62
101
108
-6
121
85
67
62
111
-15
125
67
80
101
90
63
132
-2
47
53
77
52
59
60
64
13
54
34
38
31
39
37
28
44
88
60
50
32
60
59
22
63
34
25
35
23
53
40
22
86
77
38
27
45
36
30
36
42
64
44
47
70
73
59
67
71
48
64
52
57
56
32
31
31
48
42
41
38
41
48
59
41
75
25
32
30
38
65
66
53
76
95
58
77
-9
27
17
37
27
20
8
20
7
35
-3
69
0
16
36
5
2
8
15
16
14
30
15
36
28
1
23
12
27
11
32
13
41
5
9
18
20
23
34
37
20
72
25
43
52
23
26
27
56
77
54
46
63
92
33
72
79
89
77
68
-8
67
84
49
85
59
82
66
92
72
66
60
69
65
51
72
65
61
45
71
55
56
61
70
64
81
-14
27
43
41
47
37
58
36
51
44
29
22
94
24
27
31
39
10
20
13
9
17
32
33
26
29
21
25
14
25
24
44
18
31
26
30
23
30
34
28
43
24
23
15
21
17
22
11
18
34
19
23
110
44
19
42
33
9
19
28
27
39
59
30
42
12
17
42
41
44
34
32
48
72
38
28
38
28
22
46
85
26
77
48
62
49
77
59
35
69
77
48
53
66
28
74
48
-13
-9
53
85
66
83
102
87
105
50
121
-24
85
47
74
64
69
59
71
72
84
49
64
46
52
71
48
59
70
54
41
73
78
73
68
63
58
62
58
71
62
56
65
82
60
76
68
90
61
72
83
70
-11
40
45
44
42
51
52
46
41
62
52
47
62
57
46
50
58
56
93
85
77
110
45
76
-16
94
-11
7
113
98
96
168
78
79
66
56
43
101
55
67
80
60
40
65
50
101
56
42
27
49
41
34
37
17
37
36
48
37
51
33
27
33
39
33
32
31
32
16
22
20
28
16
28
23
23
57
24
47
32
51
22
43
36
37
16
40
48
70
29
35
39
58
36
66
41
32
87
65
44
5
23
2
31
56
56
32
122
71
31
55
24
50
62
55
87
-16
29
35
33
41
23
36
13
5
46
15
35
42
40
24
54
51
27
65
48
54
89
55
65
43
36
82
20
24
64
29
54
49
44
29
43
47
26
40
27
32
51
41
54
49
49
81
55
83
60
108
98
-16
90
90
68
62
79
78
72
63
66
54
82
48
78
-14
-3
73
39
46
42
72
72
45
61
92
67
47
74
74
70
73
63
71
60
73
54
96
71
82
79
66
58
60
62
83
75
64
77
32
78
69
49
49
47
52
64
74
52
68
37
47
45
35
34
51
54
55
63
53
47
59
54
66
61
56
70
79
68
92
-45
54
31
34
51
27
25
40
18
45
42
45
41
51
58
59
42
28
45
48
92
95
38
73
87
80
43
58
63
74
48
59
71
69
67
60
61
29
18
30
22
22
13
24
37
31
50
55
60
62
83
69
66
88
36
62
68
37
55
59
51
50
72
65
91
60
69
44
63
42
30
22
67
70
70
34
58
58
30
75
60
81
62
66
73
53
51
54
67
73
59
82
67
73
63
89
78
73
94
62
46
61
79
87
-20
-17
-16
68
-10
80
69
78
80
-23
86
14
62
80
55
89
-10
79
79
74
68
54
21
97
38
73
67
20
97
77
52
66
84
115
69
80
79
91
56
-15
-20
69
58
61
53
41
87
65
66
106
-11
64
83
61
50
42
92
66
71
63
62
55
56
58
85
74
39
70
72
45
41
40
64
54
27
46
62
88
60
46
56
55
51
35
53
62
59
57
54
29
63
25
25
61
42
37
25
40
38
58
51
37
39
34
66
31
37
42
31
43
33
23
48
47
26
36
30
46
31
32
65
48
49
46
49
46
29
55
67
67
56
38
39
53
57
71
51
51
74
47
81
95
88
80
71
77
83
57
75
53
57
49
-40
34
37
40
37
19
18
44
26
31
27
39
22
28
25
44
4
83
23
17
51
10
20
25
12
37
46
18
40
30
11
15
34
33
66
29
18
37
29
13
-28
-26
-13
4
-4
8
-6
26
25
16
24
2
17
16
20
15
35
33
29
32
21
67
35
14
6
37
22
19
40
25
17
19
5
27
43
14
13
0
33
18
36
16
-7
0
9
21
35
27
27
19
36
30
23
15
27
17
21
31
29
32
36
22
28
16
30
44
45
59
37
47
38
38
33
48
44
53
50
41
44
40
62
37
45
67
85
84
66
87
83
79
-29
66
88
-6
78
38
100
74
82
-24
96
111
28
16
60
73
115
85
73
101
58
70
-24
48
68
54
92
84
74
87
102
61
55
102
71
83
106
49
60
57
50
79
66
59
96
64
60
74
130
-19
65
68
104
74
84
67
75
81
72
66
54
49
57
76
64
67
36
75
55
57
78
50
57
76
77
61
64
65
97
96
63
83
72
94
114
73
81
44
85
38
41
57
52
76
62
58
33
69
56
43
50
48
40
57
52
54
80
65
46
80
73
63
66
66
50
78
51
65
58
25
80
36
48
100
109
76
76
76
60
60
81
61
47
63
82
89
54
67
120
61
72
71
88
65
69
70
83
52
80
88
70
46
76
-12
48
51
27
40
93
74
68
56
62
71
66
66
63
58
47
62
33
55
62
63
80
75
55
69
82
68
85
78
80
74
-26
84
54
37
37
39
50
9
29
26
25
34
46
48
14
25
37
32
67
25
42
28
24
31
42
32
21
25
31
53
25
32
37
50
46
26
101
27
19
24
33
14
55
32
20
22
45
18
18
48
31
44
58
28
34
35
40
29
46
30
28
53
34
33
46
25
24
34
32
31
43
66
46
56
34
38
54
55
34
74
47
66
40
70
64
45
72
60
83
77
66
56
87
64
63
63
81
87
-27
58
74
84
75
38
95
57
76
71
75
101
-7
81
-36
51
72
11
81
60
70
44
56
41
55
56
60
83
48
68
60
69
68
-11
71
73
79
62
45
45
94
44
58
51
62
67
50
64
55
71
41
60
47
64
62
59
50
42
47
70
45
53
34
49
41
53
37
27
60
48
50
32
42
38
28
35
31
64
34
37
32
46
45
46
42
47
36
27
27
45
33
62
39
49
48
50
59
46
46
84
71
67
75
63
63
125
86
83
93
113
-14
46
44
36
42
33
17
49
21
21
42
56
59
46
39
28
42
46
44
49
36
34
47
41
23
26
44
27
22
39
19
32
49
34
70
43
28
42
36
43
30
35
41
27
62
34
44
40
64
58
48
39
48
41
65
58
60
65
63
69
55
37
72
71
51
43
49
37
33
60
57
43
37
44
57
47
56
63
53
93
97
65
68
53
56
59
58
61
87
82
66
76
65
67
54
36
56
65
51
47
47
63
64
47
55
71
122
-29
75
56
63
96
36
64
94
61
73
-10
55
47
50
45
32
46
51
68
67
47
51
39
52
73
46
56
57
41
48
47
32
45
42
48
16
61
82
56
64
55
61
33
47
56
60
69
80
44
71
87
55
43
68
68
57
54
79
50
74
97
-10
-3
59
74
88
-15
79
61
58
52
51
31
43
46
66
72
62
49
85
60
63
59
86
70
58
65
73
64
63
60
50
29
72
71
77
54
43
47
70
61
55
51
54
68
35
34
43
52
65
96
38
55
67
65
64
54
44
84
76
53
55
56
57
49
53
82
67
37
49
52
53
73
60
71
59
42
43
61
47
54
43
37
44
50
37
36
41
41
54
50
39
26
35
39
38
56
39
52
45
43
64
63
32
56
38
49
38
39
44
40
26
43
36
47
44
36
46
46
47
36
40
43
44
47
69
49
57
54
62
66
-11
64
46
40
77
31
50
40
48
40
51
45
59
55
32
37
53
85
41
33
72
55
83
43
74
53
69
63
68
65
140
62
63
68
82
47
87
76
56
82
44
57
66
63
54
66
94
66
92
68
95
-21
40
34
64
36
47
31
13
55
31
28
68
26
33
47
66
86
47
36
64
52
46
49
48
42
72
41
27
19
32
37
44
31
32
31
16
43
41
33
88
58
55
62
54
42
42
40
50
54
46
53
52
49
21
40
39
45
42
62
59
60
86
59
77
65
53
54
60
74
59
60
51
51
29
68
51
61
74
51
38
49
75
46
72
73
70
71
78
56
106
50
107
65
69
72
114
79
74
79
57
-17
33
41
36
16
30
40
43
16
36
28
32
46
37
23
19
75
41
41
28
39
23
39
31
16
24
20
21
29
42
34
52
16
77
29
49
54
59
59
20
44
70
27
30
34
41
59
19
26
64
56
35
77
50
64
59
77
50
95
71
53
43
65
53
67
46
41
51
70
48
60
37
67
51
60
51
59
92
59
49
53
59
41
57
49
91
58
38
33
82
40
67
27
52
31
27
45
41
68
49
55
59
38
34
59
66
49
40
43
32
71
38
39
53
40
60
28
38
92
66
73
74
62
-41
39
42
30
31
34
24
35
21
30
14
25
37
11
26
46
35
61
35
25
42
34
41
41
62
34
47
61
47
37
39
43
28
41
32
29
29
39
11
63
25
54
51
60
61
64
37
53
68
46
53
54
76
79
71
56
86
76
53
69
63
64
71
93
106
49
49
76
-30
35
25
26
51
38
30
29
24
42
39
40
15
26
19
24
24
60
18
27
37
27
30
33
7
30
68
40
67
19
16
21
34
26
27
39
33
0
19
42
21
18
7
28
16
28
12
95
62
71
35
24
35
26
35
21
20
21
19
28
30
5
49
28
21
2
13
16
24
6
44
10
0
2
6
23
31
8
37
14
18
-10
26
17
25
29
32
39
26
45
41
54
27
48
52
38
86
41
39
79
74
56
52
62
71
40
46
54
53
47
68
66
75
44
36
57
69
60
55
52
43
89
59
56
69
36
65
47
72
32
87
70
59
86
61
55
52
58
51
77
62
110
67
54
60
49
59
60
64
56
42
56
44
60
57
48
44
42
68
64
48
64
54
74
85
66
74
74
44
95
96
67
48
51
45
38
41
33
44
54
56
58
60
54
72
58
58
56
64
56
52
49
43
60
40
93
48
64
75
62
51
49
73
32
57
50
60
44
39
71
79
69
66
76
46
64
67
64
80
75
-20
61
71
32
45
49
25
43
62
29
53
101
56
59
17
48
72
50
36
29
32
10
60
29
29
22
24
27
7
55
26
88
47
49
48
48
52
42
80
86
57
42
55
46
54
30
33
48
27
35
46
45
55
39
26
36
57
56
56
54
55
34
41
30
81
44
51
51
64
65
71
47
63
60
36
55
62
50
35
93
52
53
37
45
27
67
39
42
36
73
62
36
27
37
23
52
20
40
28
52
22
54
53
47
42
48
44
44
69
80
72
76
-28
52
66
85
46
50
76
42
46
51
53
51
56
71
60
104
51
80
52
69
83
50
72
75
59
68
62
75
99
64
68
67
80
74
80
60
63
75
83
93
73
69
58
53
32
41
56
57
59
46
30
61
30
47
47
58
49
38
62
44
50
47
50
77
50
89
46
68
76
89
61
64
59
74
55
53
50
59
40
46
67
40
53
48
52
51
50
47
42
41
33
59
49
51
26
14
22
16
44
44
84
23
37
38
44
44
37
48
57
49
59
22
35
37
38
28
39
42
36
50
39
43
23
31
47
16
44
40
27
26
31
50
27
52
33
44
51
50
41
47
69
54
43
47
44
55
41
57
50
50
45
32
47
63
57
61
50
43
52
58
59
56
84
92
73
77
61
59
57
62
72
73
77
76
60
50
53
69
79
53
50
73
64
71
-13
70
38
24
26
15
51
79
24
55
36
46
55
33
68
38
50
54
53
51
50
46
56
47
66
60
46
38
74
65
35
66
53
64
68
58
71
56
77
75
64
50
72
76
55
53
38
70
58
51
61
46
46
73
55
61
49
57
64
50
52
48
35
29
43
54
36
24
46
48
53
37
65
51
55
51
42
64
61
39
41
30
43
7
27
47
30
57
45
23
52
61
43
48
26
47
50
70
42
44
43
42
58
40
52
53
38
42
52
53
46
54
36
46
57
78
77
74
58
77
66
58
46
43
38
34
47
47
42
22
42
33
41
14
33
41
57
70
39
47
40
55
35
39
30
61
34
48
38
35
52
49
50
44
47
50
58
53
50
58
39
44
35
36
50
36
25
38
49
89
56
42
46
48
59
46
45
38
44
41
70
70
61
60
80
73
-13
45
57
70
77
92
-4
-2
86
-18
67
63
4
82
59
52
73
19
50
57
90
20
-7
93
62
90
77
93
90
105
-25
83
62
101
77
73
82
93
-12
-2
70
63
71
-1
86
96
61
74
90
97
32
75
58
81
60
73
52
75
62
49
77
52
73
48
68
50
62
80
34
67
70
40
60
58
42
83
60
83
58
77
104
72
80
84
68
67
100
68
85
46
65
60
76
71
91
79
57
90
-9
41
35
41
58
22
31
29
33
43
51
50
44
34
43
45
42
41
42
33
14
25
51
51
33
52
56
45
41
59
58
38
47
53
37
34
81
29
38
30
37
25
17
47
72
40
44
48
20
28
43
49
21
15
42
27
25
63
51
35
42
31
36
51
49
44
88
47
40
41
24
63
42
29
62
20
25
46
25
57
42
57
15
33
20
22
34
45
46
20
34
61
29
53
48
14
40
41
31
22
55
25
32
42
43
41
42
32
44
44
57
50
52
37
43
34
34
60
43
52
75
30
24
43
38
44
42
40
17
29
31
43
30
72
40
30
41
39
16
35
37
28
28
38
36
34
33
15
32
29
45
17
33
32
22
38
14
-1
24
17
32
33
64
7
41
17
16
31
30
50
52
41
47
18
-8
28
49
54
22
40
39
40
19
74
52
55
34
61
42
-45
55
100
-25
40
42
76
37
36
47
30
34
53
43
52
39
45
32
26
33
30
42
24
58
105
65
61
89
42
49
62
46
46
41
96
62
51
66
56
67
71
88
53
57
111
78
47
54
65
46
70
68
39
51
59
47
63
36
37
62
55
51
59
54
64
29
76
70
65
63
88
77
47
53
46
57
55
35
42
46
53
71
51
69
35
24
52
40
67
60
50
56
54
69
61
60
67
63
67
83
87
51
73
59
64
52
55
53
34
47
62
70
58
60
59
56
56
60
55
30
47
47
59
59
56
48
45
29
48
33
45
41
37
31
50
39
32
44
47
97
56
50
60
67
59
47
25
31
34
40
44
44
34
36
46
39
44
29
36
35
36
26
44
74
31
32
23
63
27
34
47
44
35
43
33
51
49
31
39
32
30
30
36
40
41
20
24
51
48
58
25
42
43
37
26
27
38
24
49
30
35
45
29
42
42
31
37
45
67
62
55
64
54
32
31
41
35
42
41
52
41
45
43
34
34
59
51
45
53
64
56
30
47
30
53
47
16
38
46
24
17
22
34
33
6
24
27
19
32
17
6
17
29
31
20
24
17
43
69
28
36
28
44
26
52
41
36
40
17
45
45
49
52
25
63
38
73
15
47
27
28
73
22
33
37
27
49
39
47
55
35
20
50
28
56
52
57
37
49
24
28
35
49
54
40
64
42
40
25
21
32
33
35
21
34
27
27
22
27
45
42
50
42
41
43
22
29
39
54
25
55
62
33
56
66
55
60
63
61
66
59
53
70
63
63
56
70
63
52
72
84
71
98
-11
62
56
75
57
80
48
86
62
76
78
65
42
47
77
63
52
52
73
45
62
51
58
49
42
55
43
40
36
53
54
66
30
30
21
36
39
43
29
49
41
23
43
46
48
57
55
26
53
44
111
55
53
42
41
42
31
87
67
52
64
23
35
45
47
47
75
90
79
59
67
73
63
65
63
98
80
74
60
48
74
45
41
39
53
51
41
77
56
66
38
50
41
53
62
47
86
55
40
50
52
58
43
57
74
55
91
63
64
67
36
48
48
47
96
53
23
43
45
41
47
40
57
63
46
34
58
38
40
62
55
23
53
34
38
28
24
42
68
32
40
32
38
52
27
56
57
53
56
78
58
58
90
-30
66
55
72
53
33
74
67
91
60
48
67
95
45
62
36
54
76
26
41
70
47
57
62
59
64
37
54
40
60
61
26
32
74
22
42
56
59
51
58
84
65
19
79
48
63
66
36
65
45
32
46
36
62
49
25
54
51
64
63
53
57
52
38
58
48
49
54
37
35
50
51
40
45
58
53
26
54
104
44
38
82
60
72
67
59
48
63
87
57
33
49
73
43
72
59
54
55
79
71
71
68
83
36
45
64
96
58
73
74
56
80
74
55
63
58
67
37
81
65
58
59
41
49
68
62
56
57
47
57
39
15
36
70
64
57
70
110
64
57
60
53
59
32
47
67
68
58
132
63
69
77
45
58
44
62
46
45
46
33
30
43
23
24
81
34
14
32
29
49
87
36
49
53
91
60
52
77
31
46
19
34
55
40
36
73
47
49
39
53
14
38
48
36
36
28
28
46
55
34
31
25
38
65
50
47
35
59
60
63
75
42
48
50
64
93
82
43
45
52
49
45
55
67
84
78
79
75
-34
83
45
17
32
35
58
51
38
54
25
49
50
36
26
38
24
30
35
21
33
60
43
42
24
31
57
84
45
51
38
35
47
41
47
52
41
49
34
46
28
40
38
38
37
25
44
38
58
51
62
44
42
59
57
33
39
31
42
43
22
21
45
49
34
29
51
32
16
41
16
25
26
16
21
18
18
15
15
14
16
25
18
28
38
44
84
43
-38
37
82
28
53
82
52
52
-34
72
60
56
60
98
-29
57
50
48
73
72
43
54
49
69
71
80
50
47
10
43
92
59
41
40
32
46
60
28
40
38
48
22
33
21
35
30
50
28
10
19
24
61
33
46
45
61
34
55
27
58
42
47
35
14
33
46
51
52
47
47
47
34
50
30
32
45
48
20
48
41
40
24
28
18
46
60
34
39
40
41
52
39
40
38
23
28
18
48
19
24
40
32
34
47
38
38
40
18
19
24
45
42
33
27
41
34
41
45
42
64
13
37
26
36
27
27
16
26
34
24
24
20
32
32
30
20
35
39
39
41
31
17
22
43
53
31
34
31
35
22
16
9
21
10
11
14
22
-1
20
18
6
9
22
10
21
19
24
3
3
-2
19
0
18
-5
16
10
17
4
9
22
31
5
-7
-3
3
18
12
11
22
6
12
0
12
21
23
17
9
18
13
-2
12
-7
7
23
17
27
16
5
-2
-10
0
17
18
18
9
8
21
12
22
35
23
14
28
30
37
25
21
42
33
24
44
8
43
54
37
45
34
44
55
51
25
41
47
58
34
46
61
53
71
55
66
40
47
78
65
66
65
72
65
60
-34
40
47
35
40
79
51
74
-1
38
68
55
41
45
52
40
37
51
33
38
29
40
24
55
33
23
28
28
39
26
23
18
22
43
36
36
21
28
40
16
39
51
30
21
49
44
48
46
14
33
57
51
30
53
40
64
54
18
47
34
21
36
38
20
38
37
31
47
26
35
89
49
45
25
46
45
67
35
62
51
37
71
49
33
60
38
82
53
40
40
55
52
35
44
88
64
44
45
70
38
37
31
38
36
60
2
50
26
47
48
82
55
74
-4
62
53
38
67
64
53
64
84
70
84
56
53
47
53
55
56
58
70
59
37
102
67
68
102
97
69
62
68
72
49
49
60
38
56
73
57
42
66
32
41
50
34
47
40
60
48
33
34
63
42
45
16
21
31
22
14
29
28
30
18
21
26
21
25
26
25
16
101
22
29
17
28
25
23
22
23
23
42
10
39
32
46
34
48
26
39
16
44
20
30
29
41
29
50
38
29
70
55
64
45
34
45
35
53
55
43
44
40
50
23
43
62
40
34
65
45
34
42
35
43
76
5
26
52
30
58
52
45
33
30
46
8
55
44
37
37
47
32
50
44
39
22
63
46
47
25
27
48
29
51
22
32
24
7
20
29
22
30
31
6
36
23
14
33
31
16
29
48
51
49
52
42
48
48
26
47
41
37
51
42
56
62
57
31
36
35
33
19
28
55
39
37
69
46
53
52
46
71
52
59
62
52
71
45
37
42
68
65
83
74
47
60
65
34
56
38
43
65
65
72
71
58
96
91
150
33
82
102
112
106
117
97
23
104
100
96
97
104
97
103
91
114
128
131
85
96
107
75
99
98
84
108
105
123
97
107
125
115
95
94
121
70
116
87
121
107
81
74
94
89
86
91
94
62
65
75
72
82
97
95
86
81
153
100
104
82
125
113
109
124
93
107
105
-7
101
100
105
104
92
108
87
105
108
113
104
124
100
104
94
82
128
86
85
104
83
96
81
76
71
69
54
62
102
82
69
83
87
71
76
87
74
60
64
65
100
38
69
67
66
56
73
60
65
67
77
71
84
50
40
51
64
64
48
42
40
62
23
32
45
7
51
61
51
38
52
47
28
44
56
82
59
38
45
53
60
60
52
39
52
58
64
45
63
47
79
85
75
61
59
73
55
61
86
138
78
78
66
75
51
71
80
55
70
45
85
64
36
44
38
46
36
43
49
86
55
71
70
64
70
62
83
108
95
79
82
78
65
76
132
107
125
108
124
122
114
122
-24
55
66
112
53
79
53
52
54
68
60
69
63
62
45
55
65
60
80
80
71
76
93
91
113
92
94
81
58
99
84
53
81
59
73
56
63
45
66
61
95
85
83
87
92
98
86
106
98
109
89
92
75
65
61
46
43
77
82
100
79
75
91
90
110
85
101
88
138
138
37
139
86
119
105
91
111
94
95
58
77
72
72
51
59
86
64
52
63
70
79
70
68
71
52
72
66
67
61
95
106
77
72
73
78
93
92
88
103
101
76
85
125
101
75
-4
95
-18
73
66
49
71
82
108
-26
62
-18
90
94
125
88
3
94
23
99
79
27
91
105
133
128
109
27
114
121
127
-19
-27
115
117
125
110
122
124
95
5
98
98
90
110
116
119
78
86
105
96
145
100
135
136
118
94
124
95
165
141
144
140
145
136
136
37
133
133
136
149
44
125
120
137
151
132
-7
89
106
133
107
102
85
105
36
86
134
157
168
143
163
76
109
111
131
124
126
170
139
127
109
122
121
133
127
121
150
132
115
127
108
81
109
96
119
117
151
119
102
113
91
109
109
107
91
103
119
91
116
108
100
105
109
115
130
122
113
127
116
156
117
138
113
96
111
108
90
97
70
96
58
103
88
75
88
71
97
68
71
116
78
97
105
93
107
98
111
99
123
125
105
127
158
114
125
121
116
121
109
88
106
102
110
100
94
89
95
83
61
67
70
64
76
62
86
95
80
71
96
90
106
132
97
94
91
105
89
114
82
94
126
118
133
93
122
110
72
102
91
85
84
101
114
102
120
111
110
116
94
111
118
137
125
126
123
84
75
107
91
105
84
78
86
94
84
129
128
118
103
121
128
120
135
105
96
99
92
97
112
127
116
95
119
151
121
128
9
83
77
95
74
63
134
112
84
81
93
106
85
90
85
77
109
101
111
100
112
84
91
68
132
161
86
55
100
87
92
99
162
105
157
108
106
122
115
104
96
69
92
117
82
70
77
82
69
118
118
120
98
79
75
94
99
95
112
121
105
114
107
127
81
94
78
96
110
87
88
83
102
97
94
88
67
75
71
99
97
83
91
63
72
76
70
54
49
60
46
86
53
48
37
64
67
51
68
53
61
49
64
65
62
74
53
45
40
29
48
42
64
42
35
31
35
22
36
27
19
31
28
21
20
27
43
1
27
-1
7
5
1
12
9
13
13
3
4
-6
25
2
-11
9
17
-6
-6
19
26
28
22
26
27
34
38
26
27
38
48
40
41
33
48
0
14
34
53
45
54
43
44
46
-1
69
38
47
43
42
-14
39
1
48
30
39
47
33
52
48
46
31
44
-5
42
14
45
81
63
19
38
16
67
43
42
68
56
-39
55
62
46
65
53
-9
32
62
54
85
-18
31
45
49
43
20
66
76
74
47
27
9
59
61
37
59
52
42
-8
65
41
16
46
43
42
49
38
53
86
60
58
68
59
-31
45
61
-14
68
45
-17
33
13
53
42
60
16
36
42
65
24
78
55
65
-8
-29
36
-24
24
56
59
64
59
-10
-27
43
85
46
59
-8
61
37
62
50
49
31
44
63
-28
2
26
47
47
71
48
55
88
83
2
21
36
49
59
77
34
55
49
62
29
39
85
47
60
49
38
21
28
44
51
9
-3
26
47
40
31
31
51
39
28
39
42
99
43
50
49
50
0
24
29
27
39
45
30
34
66
17
52
52
38
47
53
38
27
49
25
48
12
39
18
29
45
39
12
49
39
29
41
28
44
26
43
19
62
59
45
33
57
50
-8
38
38
43
65
26
45
38
63
4
56
60
42
34
27
45
20
26
28
59
73
0
47
50
-6
55
28
35
56
35
50
65
34
29
51
33
-15
42
52
34
45
35
62
45
55
49
49
63
5
72
55
54
34
40
25
53
60
5
37
65
-6
35
29
26
23
32
31
33
7
23
36
21
-1
21
18
5
9
0
21
27
37
3
3
5
16
9
11
9
7
10
28
17
26
49
35
29
15
42
-4
16
28
22
37
16
25
66
38
28
28
17
-1
24
42
35
56
31
48
38
35
-16
17
25
20
33
22
10
39
17
25
57
37
53
33
54
52
44
2
31
16
39
32
17
26
13
41
21
25
42
20
33
29
24
53
31
18
16
17
17
22
53
33
33
-6
54
21
26
30
46
31
32
51
24
42
13
27
50
47
-15
4
27
34
21
-2
16
38
10
14
40
30
21
36
23
20
16
7
15
10
44
7
36
10
51
52
3
19
32
28
32
44
40
41
44
67
24
27
25
37
27
44
38
30
36
36
-8
29
48
-23
43
45
26
-14
50
39
59
62
78
37
89
48
49
46
-38
58
32
35
38
5
50
15
42
32
49
24
34
56
30
23
44
49
48
26
40
39
40
33
26
35
31
31
12
6
32
13
30
18
8
35
13
24
26
18
25
9
13
26
63
21
29
5
1
37
37
19
10
8
21
41
11
32
68
67
55
38
37
60
42
31
39
35
63
27
14
38
47
38
15
26
26
35
52
74
27
3
41
46
38
23
47
26
48
43
36
38
50
39
46
24
67
22
39
12
22
11
29
44
9
38
57
74
57
40
46
62
60
41
48
53
9
60
42
61
62
44
35
58
51
11
45
55
53
52
14
49
60
41
42
44
33
-23
45
36
1
32
17
16
53
59
58
31
11
55
15
29
43
46
32
20
15
29
52
29
-1
60
39
16
66
59
40
71
50
29
49
48
39
65
68
34
30
34
33
34
31
36
38
41
33
18
21
44
46
97
15
28
63
38
31
9
33
9
15
72
36
26
23
35
6
24
22
25
52
3
-7
10
27
4
-6
1
35
10
14
14
32
32
10
44
11
15
23
7
20
15
28
27
44
20
26
19
4
29
22
21
45
10
7
11
28
12
6
12
11
18
38
25
29
18
40
16
31
14
32
20
22
56
27
37
21
32
43
27
40
54
33
31
103
49
68
-32
-5
26
41
25
2
17
15
32
34
11
59
38
14
11
25
13
28
13
24
22
20
44
3
25
7
24
23
20
11
27
23
31
40
32
44
22
26
29
15
38
29
37
31
58
26
63
17
61
31
72
31
26
64
38
58
74
16
46
42
94
42
52
52
32
22
40
48
48
46
61
40
78
10
44
27
54
83
33
25
53
22
59
49
20
11
19
31
44
40
64
30
37
52
48
61
54
57
75
57
52
55
78
2
43
41
50
42
31
21
26
11
38
47
72
39
35
11
39
24
36
52
35
39
25
35
13
49
34
60
38
40
33
61
64
51
34
55
55
38
31
49
45
28
59
53
30
64
32
58
59
41
46
32
84
66
27
59
86
72
19
40
67
42
48
50
43
45
64
46
57
21
41
45
47
36
69
55
69
56
50
57
49
67
46
61
54
79
58
57
89
53
41
46
42
31
28
49
45
47
59
39
51
38
66
46
48
