-58
-39
-55
-83
-52
-43
-58
-73
-52
-26
-64
-76
-48
-84
-56
-55
-35
-65
-73
-47
-58
-37
6
26
-40
-22
-21
21
-42
-22
11
14
13
1
-8
29
25
15
21
-4
-17
-19
-7
4
12
6
-28
3
9
8
-7
-1
-6
-27
-7
-10
-29
-22
-31
-17
-13
-25
-26
-17
-17
-16
-7
13
-12
-10
-11
-13
-10
-5
-28
-1
-11
-5
-18
-1
-4
-12
4
-2
-26
-25
6
-5
-10
74
0
-21
-8
6
-4
-11
-22
-21
-11
15
-13
28
14
-14
-10
-1
9
-15
-14
-15
-12
13
-11
1
-4
-18
-12
-10
-7
-14
-8
-16
-28
-20
-21
-7
11
10
-15
-6
-13
-5
16
-1
2
-8
10
6
-20
-5
4
-19
-15
-11
12
-16
2
-1
33
-12
2
-3
47
8
-10
12
9
-9
40
27
37
27
27
-8
-6
-13
-10
-17
-9
31
-26
12
6
64
-19
-20
24
-17
-22
-11
5
50
35
12
-8
5
-12
33
5
16
-21
35
-25
15
4
-4
-18
58
50
14
-3
35
-4
19
-17
35
45
6
53
2
18
47
70
8
7
45
1
-2
11
61
42
66
5
23
26
21
70
60
31
39
-23
16
-14
74
6
40
40
5
34
20
21
85
81
32
-10
68
36
28
20
37
46
57
32
67
53
55
60
17
42
32
-5
43
87
27
5
59
34
14
12
64
19
-10
49
30
70
55
26
88
-11
35
16
71
-2
36
30
50
82
13
64
37
-11
42
41
28
53
54
-5
-10
63
61
69
-6
70
19
41
40
36
33
81
76
16
25
43
28
-4
43
29
70
11
17
42
92
84
22
25
26
47
61
47
4
28
28
40
10
59
33
-20
42
68
76
13
27
4
22
43
52
7
50
45
-4
45
9
-2
25
69
50
43
39
41
8
21
41
-2
43
33
12
40
97
10
50
-7
85
43
77
87
38
85
22
4
31
65
84
18
64
66
21
73
-13
17
35
58
36
57
9
39
-5
40
73
14
51
53
64
54
11
85
43
24
16
42
63
59
17
28
82
48
83
57
63
14
4
12
44
20
64
95
90
32
41
-1
-23
25
65
14
39
11
28
36
59
20
48
2
88
32
97
66
66
53
82
47
44
55
40
61
-19
32
71
83
76
58
51
66
33
53
40
62
53
16
82
68
27
77
67
12
40
46
6
58
56
26
68
50
60
56
43
30
28
51
80
14
50
49
21
42
55
37
41
43
55
19
34
18
14
37
29
54
31
52
5
97
43
6
60
70
62
87
49
52
79
72
69
74
58
79
91
82
73
60
53
70
66
57
33
50
63
55
44
94
55
61
63
40
46
84
32
84
85
56
21
71
87
42
60
73
63
64
78
72
75
63
70
77
106
52
74
46
73
58
35
29
75
72
65
39
63
42
37
68
64
55
65
85
46
99
50
65
66
55
71
85
116
70
93
54
44
103
39
74
98
84
84
64
111
114
80
54
97
56
23
75
85
40
73
87
65
56
74
117
43
93
79
16
19
79
73
58
81
70
93
79
49
87
87
94
77
31
78
83
47
65
46
70
55
63
43
109
78
69
70
39
74
53
72
41
90
70
99
65
52
55
73
40
77
32
59
54
58
63
38
30
29
56
39
-2
30
49
66
32
82
54
41
39
46
63
38
25
47
78
44
49
75
67
58
88
59
54
81
52
76
80
81
124
60
72
85
57
91
65
59
96
66
46
79
71
79
45
73
26
31
64
71
31
86
78
79
39
23
44
25
79
62
49
82
91
75
92
80
58
50
12
55
59
58
45
82
38
55
81
82
40
14
83
96
66
53
53
73
46
68
89
52
81
86
37
60
66
65
41
69
100
71
98
50
80
56
74
93
84
30
88
85
88
63
92
90
67
82
75
66
57
66
75
47
119
47
77
86
75
102
91
64
46
51
72
50
104
71
81
25
54
96
104
29
70
57
76
116
67
71
69
91
41
71
64
105
70
59
27
42
63
13
73
68
73
88
54
82
135
65
33
12
34
63
113
38
82
45
54
89
90
77
87
63
75
89
85
64
31
67
68
78
81
104
72
118
41
72
84
74
90
96
59
80
97
86
89
46
98
68
57
66
73
47
114
64
106
66
59
75
91
70
42
71
51
79
122
61
64
61
83
75
94
63
38
91
48
60
53
72
69
83
88
66
75
87
82
43
84
62
67
69
85
84
48
49
80
59
69
36
81
46
104
46
9
83
73
76
50
73
88
66
70
68
103
7
107
66
45
87
76
83
31
88
50
76
83
44
27
72
57
-2
24
113
98
65
70
105
107
48
68
94
101
45
56
82
77
61
82
81
39
73
72
74
68
82
47
76
88
58
128
99
73
47
87
44
72
38
85
99
118
94
57
88
80
95
94
84
68
64
105
82
115
84
67
67
90
73
55
30
92
50
93
80
78
60
70
81
72
87
78
80
101
66
73
91
88
67
82
37
35
83
60
88
49
62
82
100
57
47
94
45
58
100
85
78
102
67
13
105
111
74
85
83
66
80
91
7
83
66
57
110
48
30
86
44
39
86
78
97
61
95
71
51
76
88
69
77
80
71
67
92
79
81
78
81
84
73
72
100
88
69
55
11
96
108
86
90
73
68
79
44
137
94
104
83
64
126
101
73
104
43
67
73
95
88
66
48
92
97
68
93
72
74
54
96
64
88
96
106
58
55
103
64
83
72
49
78
69
68
79
104
57
67
44
87
85
83
94
75
59
84
104
119
66
88
76
58
80
95
52
68
95
65
65
60
76
104
101
87
73
86
45
106
96
106
123
84
54
87
46
58
91
96
62
92
66
41
68
121
53
112
106
71
89
58
104
49
73
112
100
32
56
86
90
68
66
117
79
67
88
91
54
65
85
53
94
126
94
88
86
78
97
108
71
80
59
86
83
114
53
97
113
67
59
83
71
53
50
71
95
104
94
77
51
93
59
75
116
42
62
83
74
30
100
49
86
94
103
115
98
53
54
104
37
89
64
92
41
42
84
74
81
41
69
97
21
70
46
41
77
28
68
35
87
3
60
12
76
74
51
86
85
80
86
72
116
69
94
80
80
72
105
47
81
33
83
