-58
-12
-79
-86
-42
-51
-45
-41
-44
-50
-67
-31
-13
-35
-47
-11
5
-45
-39
-51
-25
-31
1
-41
-1
-39
25
4
2
13
54
37
35
53
14
15
-12
-4
19
-2
8
-16
10
-25
9
22
-57
-32
-9
0
18
-22
-21
21
-24
-28
-13
-14
3
-19
-15
-6
18
-6
-17
-32
-27
-4
-24
-3
-5
-13
-5
-26
-13
-16
-32
-14
-23
-20
-1
-13
-25
-25
-15
-22
-20
-17
-28
-5
-19
-19
3
-32
-63
-84
-46
-34
-29
-26
-75
-42
-47
-81
-58
5
-65
-15
-63
-37
-47
-46
-67
-81
-70
-58
-81
-86
-63
-84
-73
-77
-67
-87
-82
-66
-79
-88
-73
-71
-86
-79
-83
-73
-83
-87
-81
-81
-58
-86
-88
-83
-43
-85
-70
-70
-70
-71
-70
-73
-59
-83
-67
-68
-54
-73
-79
-73
-63
-76
-80
-69
-64
-62
-56
-80
-44
-82
-81
-84
-89
-66
-51
-69
-46
-51
-75
-73
-63
-63
-77
-67
-66
-83
-70
-50
-88
-83
-72
-65
-51
-50
-66
-63
-68
-59
-76
-57
-64
-38
-63
-77
-46
-60
-81
-37
-65
-74
-38
-55
-59
-9
-69
-67
-27
-17
-3
-38
-28
-34
-21
-24
11
35
-3
-12
-49
6
-19
5
-24
-20
21
-1
-13
8
15
25
100
34
-9
3
3
-15
-11
-41
-20
-4
-12
-3
11
-17
-30
-2
-39
-10
-19
-7
11
12
9
-7
-13
-16
-50
16
13
25
-23
30
6
0
67
41
18
44
16
23
21
48
10
74
83
9
51
42
48
-21
-51
-57
-59
2
-21
-50
-33
36
-48
10
35
-34
45
20
-50
20
27
8
30
13
76
79
60
62
-14
56
58
59
39
58
25
90
46
73
68
33
43
56
76
24
29
26
62
46
62
51
21
73
58
20
33
48
-38
37
44
65
55
39
49
12
13
73
1
37
43
28
66
-3
12
81
68
24
64
-18
65
128
51
-44
49
17
60
59
62
58
-4
63
41
-26
-12
23
-11
85
-23
35
-16
29
56
105
87
85
25
86
90
98
79
34
21
56
74
15
34
82
63
61
119
107
88
54
43
58
44
66
26
64
41
62
24
81
30
146
83
70
82
-18
79
110
42
-15
80
56
97
44
80
22
-17
26
20
118
77
23
13
56
-5
45
112
122
16
62
102
76
68
93
22
105
114
78
53
56
55
77
-20
106
35
36
78
64
-4
-23
19
14
67
70
-18
15
17
55
52
96
79
92
54
59
-8
90
80
75
39
63
74
32
49
25
54
41
-29
32
-35
38
11
88
106
58
63
12
15
69
-11
16
30
82
46
61
10
81
-7
98
-12
45
3
26
59
55
69
59
20
65
72
45
100
10
101
114
99
17
66
42
56
9
109
0
87
18
-18
88
34
78
75
25
70
64
60
-1
56
65
55
80
-1
42
66
106
-25
24
75
-19
67
68
-15
48
51
75
0
13
59
56
-45
33
52
67
61
66
84
27
140
37
32
-21
103
-27
87
-14
81
80
85
14
74
-6
-11
-27
155
110
42
42
79
89
53
31
-8
22
82
240
93
-26
40
92
122
30
67
-30
71
35
67
109
65
50
128
21
103
55
76
77
9
96
84
120
95
108
85
73
55
94
58
89
98
7
63
52
37
58
88
-19
109
66
145
97
-10
98
-26
77
58
25
86
-4
19
45
49
43
26
47
29
48
104
90
80
17
36
90
8
71
42
67
78
22
72
83
69
-33
-35
89
52
31
41
37
20
92
27
51
52
17
40
25
66
91
16
46
36
34
50
33
55
-6
27
79
84
99
-36
57
57
18
33
30
25
78
21
0
80
72
101
58
38
105
80
68
32
71
40
34
16
23
20
72
63
140
51
122
103
-12
65
37
103
24
51
118
62
66
63
65
24
79
111
90
72
52
98
103
97
103
101
111
60
35
52
90
109
12
24
-1
180
28
42
30
62
89
78
112
8
79
-21
9
30
159
78
57
87
78
122
-17
129
125
65
-10
-22
-9
70
63
50
75
122
107
88
72
82
8
77
112
83
-22
89
79
-51
43
122
94
107
100
76
30
30
18
73
-31
62
90
-10
69
106
105
87
98
85
98
8
150
58
127
79
80
141
98
81
75
40
88
81
83
117
34
145
105
53
27
-13
-21
74
4
36
100
11
114
76
11
94
59
35
3
-16
12
44
47
81
20
77
42
25
72
69
91
74
94
48
84
106
57
87
61
38
80
103
37
108
83
92
144
121
185
107
80
74
22
117
82
33
104
99
136
121
155
47
86
14
-23
113
100
40
99
65
133
103
83
126
42
-23
91
70
111
127
56
70
-7
117
100
98
110
59
89
108
85
72
101
9
-6
-9
11
-16
137
-10
123
12
90
62
103
56
95
36
70
-33
92
113
84
144
33
57
83
85
97
133
111
50
118
118
53
88
124
58
109
21
110
94
51
72
94
104
74
132
114
82
117
159
60
131
-6
105
126
118
126
103
91
82
82
120
68
1
117
143
74
94
49
-38
136
95
29
27
119
98
125
86
52
80
66
115
66
74
45
57
93
104
75
120
83
77
118
94
140
130
106
-6
77
49
63
137
108
137
90
52
89
78
133
142
107
92
101
116
41
97
25
132
88
78
84
27
136
80
102
75
92
63
52
50
65
134
50
90
56
23
57
-16
33
45
118
95
98
88
45
28
87
113
74
138
21
95
96
79
95
150
112
95
115
29
58
68
105
71
119
116
80
88
83
121
89
68
61
60
85
70
69
111
110
35
87
75
140
74
83
66
53
11
61
58
120
89
80
110
131
105
161
95
-17
78
81
-29
94
-7
75
140
108
132
78
8
58
127
106
161
110
88
105
72
90
38
-23
6
127
95
91
131
122
79
130
30
98
73
94
72
140
71
99
153
109
24
81
151
135
123
87
60
55
60
96
102
55
127
137
98
104
97
60
151
15
144
76
99
105
47
109
84
46
63
16
139
72
105
24
89
116
113
75
125
115
43
99
96
106
150
65
124
72
128
-12
62
108
-13
117
123
112
174
27
33
89
58
147
101
47
65
90
63
139
75
157
24
79
75
29
131
138
98
84
47
106
176
129
73
40
66
33
62
26
92
104
98
72
126
28
8
77
91
74
61
109
18
-9
132
100
110
95
71
101
109
116
128
95
112
88
78
96
70
143
110
23
70
110
126
94
132
135
30
101
58
95
98
86
75
29
85
75
81
67
65
45
126
89
158
123
90
-12
4
135
69
45
93
104
65
125
95
98
20
20
118
92
145
100
158
70
98
92
96
115
77
39
56
70
102
128
40
118
13
61
33
56
73
43
143
27
134
116
