-59
-50
-48
-36
-37
-61
-50
-15
-17
-12
4
-33
-21
-42
-14
4
10
7
-12
-11
-11
-22
-2
29
15
4
2
13
10
-6
28
-17
-16
-7
4
-26
17
-18
1
7
-22
-21
-31
-17
-13
-12
-13
17
-10
-19
-22
6
-20
-17
-7
23
-9
-16
-13
24
-20
-21
-5
-18
-28
-26
-7
2
-17
-17
2
-31
2
-4
-8
-9
-1
-7
-10
-15
-27
-1
8
-20
14
-23
6
-33
2
-23
4
2
-3
-4
-22
-11
-18
-6
-14
-12
-11
5
-3
-18
-12
-3
-5
-28
-4
-11
-26
-14
-13
-20
0
6
-7
6
-17
-5
-11
-2
-11
-8
-20
-10
-7
2
-21
-26
-30
10
-1
3
-5
-9
-8
-13
-13
-18
0
-14
-18
-8
2
0
-12
-18
-6
3
-8
-7
-19
28
-5
-20
-17
-11
-9
-5
-27
-19
-23
-3
-4
-8
5
20
-21
-27
-10
1
13
-26
-4
-14
-1
-21
10
11
-24
-19
19
-7
-7
-19
-12
-16
30
21
-15
-19
1
-11
1
-7
-8
0
-9
-7
-8
1
-7
-3
-12
-10
-18
-21
-12
-2
-11
-7
26
-15
-19
-22
-8
-3
-7
-10
2
-18
-18
-8
-18
-19
-11
6
0
-15
-8
-27
-16
-1
-7
0
-31
5
-20
-19
-7
-12
-29
-21
-10
0
-7
-7
-13
2
-13
-15
-8
9
-5
1
-19
-15
-30
-15
-16
-7
-2
-14
2
-9
10
-3
-14
-3
-13
-9
8
-20
22
-19
-2
-30
-22
3
-15
-15
-4
-23
-17
0
-23
-22
-31
-15
-9
-27
-3
-9
-1
2
0
-21
-16
-14
-9
3
-19
-26
0
1
11
-2
-19
-13
16
-14
-16
-14
28
-4
-20
-3
-1
5
3
-4
4
-14
-14
-11
-11
17
4
16
-21
-12
5
3
59
-6
18
-18
41
32
24
18
19
2
-16
2
-3
35
0
11
15
-14
-26
-27
-3
0
-15
-12
-8
27
-13
40
36
-2
9
16
-14
-7
30
41
-15
66
35
24
33
-20
55
5
69
-24
56
-6
52
19
58
60
76
70
55
10
34
-19
-14
15
67
56
38
64
41
42
21
48
20
70
71
-26
68
-32
-26
16
-23
64
64
55
62
65
93
75
39
15
25
49
57
69
65
46
77
53
2
41
24
5
17
43
31
42
41
47
40
40
39
56
46
28
29
57
28
20
26
36
57
6
35
42
48
37
57
35
26
28
25
10
21
25
40
53
34
35
36
32
50
31
30
28
45
81
24
20
20
56
-6
44
40
41
53
41
27
22
26
41
36
26
71
27
48
58
52
40
38
52
60
27
52
27
49
44
61
60
36
1
70
47
37
63
56
64
79
36
57
63
44
-27
-8
76
90
103
-24
71
-23
42
90
-27
37
42
-26
59
47
14
83
82
63
-6
66
62
71
81
43
33
58
18
45
61
87
58
50
49
55
34
75
67
17
49
37
45
40
51
45
80
59
49
51
33
44
77
48
65
48
37
44
31
63
63
48
39
46
61
38
64
31
36
31
58
9
46
73
64
127
19
-12
30
34
108
62
90
61
77
67
91
50
34
47
14
12
-4
42
112
49
-16
43
68
-6
-9
119
86
-22
123
3
77
-4
-17
59
64
-6
-9
-5
28
-28
17
-13
3
95
112
-18
111
18
-14
-6
105
98
96
95
106
79
60
93
34
98
80
103
63
101
32
78
47
33
58
19
58
33
32
59
48
49
77
96
45
56
21
56
76
49
64
31
59
59
58
49
58
30
16
47
60
41
52
24
74
59
-1
-17
47
-13
60
45
61
57
0
49
74
59
65
44
59
73
110
57
62
88
-3
60
66
59
70
68
46
26
13
36
53
42
22
48
69
74
55
108
77
71
57
75
72
55
39
15
86
43
63
71
52
73
45
97
78
-7
73
48
78
77
76
67
63
50
55
88
59
64
67
49
73
47
46
43
40
72
82
74
92
66
13
77
73
28
78
69
77
48
84
167
83
17
128
-21
-1
91
71
88
125
92
-2
54
102
84
76
89
74
49
47
54
87
55
105
74
76
75
82
95
58
57
82
55
27
70
99
53
74
72
64
60
18
49
51
88
50
47
55
46
81
45
76
73
71
53
98
117
92
58
59
86
115
45
70
122
85
77
70
81
50
96
72
52
80
57
82
70
79
57
89
87
64
53
78
88
60
51
48
63
63
94
70
75
67
57
62
62
94
67
86
75
103
69
40
93
119
66
64
46
53
68
50
48
73
59
81
113
44
97
123
79
89
58
72
58
45
63
65
52
51
74
68
76
74
92
71
79
66
65
93
63
67
57
58
80
63
85
68
87
73
65
58
41
55
59
84
100
69
39
93
117
57
74
60
63
73
56
88
54
53
60
81
77
71
73
51
83
101
48
45
52
65
53
83
69
64
88
75
64
80
65
73
79
52
66
74
99
87
78
72
86
-22
73
74
79
-28
57
82
110
-14
71
91
-25
71
52
76
83
62
81
80
72
61
66
60
67
110
52
101
100
88
30
5
16
80
7
-7
26
-12
-13
-18
-2
106
79
8
80
111
95
100
88
140
87
58
103
87
78
88
70
77
67
106
45
93
87
79
62
50
31
101
102
111
80
96
69
81
67
81
89
78
99
56
108
65
70
86
68
116
-13
81
71
95
97
102
88
67
94
100
28
66
80
114
101
82
82
29
40
139
16
151
-14
-14
156
-14
95
74
67
-27
77
90
-36
11
103
-31
65
73
81
-1
119
97
-15
-35
99
17
-16
119
127
122
81
148
96
59
62
48
118
53
132
117
103
53
57
51
63
62
71
53
114
86
-35
93
91
12
92
93
73
70
92
67
-20
132
64
65
62
70
75
48
54
97
91
76
101
95
96
84
84
92
91
47
93
51
143
53
34
101
59
64
101
103
110
98
165
105
78
68
135
78
182
103
93
118
130
100
113
124
60
50
87
77
101
81
40
54
120
6
102
145
76
140
-10
117
9
134
102
86
94
98
44
17
137
47
-20
97
103
146
125
110
134
32
128
113
5
16
106
95
111
93
73
107
105
22
56
84
70
88
84
-1
88
113
49
97
89
90
81
63
67
74
84
36
80
76
133
95
158
11
88
-30
46
45
11
75
108
103
173
61
85
100
69
9
60
24
96
167
68
99
91
88
90
111
90
80
65
83
-10
76
70
79
50
98
16
155
1
86
89
134
96
91
68
61
113
97
63
115
71
84
103
125
151
117
147
154
109
98
110
54
87
39
135
144
106
67
103
139
109
65
102
134
-24
88
52
27
147
109
124
103
55
124
63
109
47
40
118
80
4
1
57
84
117
71
59
144
98
125
32
99
87
76
152
53
148
154
138
78
0
61
