-39
-40
-37
-51
-27
-53
-30
-51
-45
-40
-59
-43
-39
-36
-35
-30
-33
-6
-30
-41
-17
-10
-19
7
-23
-14
-9
2
-27
17
18
17
-9
-5
5
43
20
2
6
33
47
26
10
31
43
-22
1
25
6
28
30
-11
12
10
-3
-1
13
20
27
15
22
75
13
21
29
13
25
29
27
54
42
36
38
34
20
35
38
65
67
70
50
56
56
70
39
62
35
70
29
31
42
82
51
46
66
49
46
46
51
68
44
66
50
49
62
78
26
73
30
26
47
57
48
61
24
54
29
43
55
59
26
65
58
66
75
68
64
48
78
63
65
56
79
48
51
71
67
73
65
46
65
67
54
74
54
62
58
57
79
62
40
49
58
59
57
62
45
76
49
74
49
77
86
46
63
85
57
67
77
57
49
61
88
81
46
67
60
85
87
74
63
81
95
68
79
75
95
97
94
64
65
55
66
87
46
98
90
85
89
81
62
111
81
59
58
74
77
80
74
120
74
86
67
57
85
73
66
51
57
71
67
93
58
98
83
72
88
113
88
81
90
74
99
82
89
81
61
75
69
99
104
97
80
95
78
96
94
95
78
61
87
90
75
68
94
89
78
75
77
78
93
84
71
82
89
103
86
96
59
83
89
84
100
110
71
72
73
57
76
92
83
57
81
56
79
80
71
122
68
72
101
84
81
90
80
80
72
104
79
74
77
89
82
92
67
120
96
82
103
97
76
85
89
102
95
88
97
96
119
104
103
106
97
89
96
73
96
92
85
108
119
85
99
99
94
85
92
86
108
79
73
83
81
111
95
73
79
72
71
104
93
114
78
92
79
85
112
101
93
89
64
78
94
56
122
77
96
106
71
104
94
74
74
90
77
76
104
88
98
77
83
104
98
97
86
92
101
87
83
77
100
72
91
67
59
81
85
89
86
110
90
92
101
80
93
101
69
123
85
78
56
91
88
88
80
106
92
81
90
84
102
83
104
98
86
84
98
100
104
85
102
89
93
68
75
81
69
104
87
56
83
117
92
80
109
92
97
109
136
93
82
85
81
79
62
79
80
72
76
96
96
75
104
87
105
105
85
93
96
92
73
84
87
69
92
110
102
63
58
93
104
79
81
91
77
93
92
101
125
101
95
109
85
75
92
103
108
105
104
96
110
83
92
75
84
72
74
74
84
85
86
111
96
77
97
95
79
88
79
89
96
83
98
88
59
80
73
88
110
77
93
105
81
68
91
87
82
98
100
101
79
98
113
96
89
97
76
122
99
77
74
121
96
84
78
90
74
88
78
102
94
57
69
59
97
82
90
85
98
68
104
80
98
103
116
94
102
106
101
93
86
85
98
93
85
104
93
77
90
113
83
82
94
92
107
80
98
79
129
109
95
94
101
91
94
103
85
106
93
101
94
100
93
96
76
98
101
84
76
74
99
85
116
124
100
81
108
107
108
112
87
109
100
92
100
132
85
101
98
125
95
98
90
105
77
99
81
78
77
108
78
67
108
83
125
85
77
110
79
95
98
81
100
123
110
97
81
98
112
93
89
93
100
98
99
118
102
144
118
89
113
90
135
89
77
111
98
114
124
101
97
96
113
91
95
78
95
79
93
90
78
97
94
107
110
62
138
99
86
79
91
95
82
86
111
95
86
91
93
99
75
99
106
84
58
96
87
108
84
102
84
104
117
93
105
77
83
83
116
87
96
96
81
102
117
116
78
88
101
84
103
105
105
92
79
85
87
89
88
98
95
65
96
108
106
84
112
93
82
98
96
89
106
122
102
112
98
88
118
117
101
144
108
88
90
86
93
91
91
102
78
89
84
120
108
88
105
93
101
115
116
110
93
89
86
97
93
85
82
78
75
86
82
119
107
119
78
105
98
85
68
118
99
91
80
92
96
89
104
96
94
96
97
97
101
82
98
102
111
130
110
86
106
73
72
94
92
95
90
73
130
107
87
102
74
82
61
104
117
91
119
93
128
98
97
112
97
142
87
70
94
94
108
126
73
67
88
105
95
104
100
88
99
87
132
75
101
97
80
110
127
89
105
112
117
77
108
106
90
88
79
94
123
87
112
108
84
130
113
107
96
119
121
105
108
98
108
87
83
85
113
97
107
88
89
94
107
126
126
89
90
83
93
100
102
98
84
82
90
97
107
90
89
113
100
86
42
104
108
119
81
123
109
98
112
90
108
98
98
84
129
88
102
105
87
108
93
101
128
101
142
107
78
113
85
114
99
80
83
108
92
97
127
107
106
112
105
117
114
103
74
70
94
74
88
89
97
90
85
102
91
82
102
105
123
87
91
97
99
135
86
99
108
76
103
101
85
97
97
131
89
81
113
127
80
