-44
-46
-58
-50
-23
-57
-52
-78
-71
-88
-84
-84
-78
-50
-73
-66
-79
-81
-74
-57
-81
-47
-55
-19
-36
-11
-24
-43
-36
28
-9
-16
-22
-8
-21
36
21
-24
11
16
58
31
-8
40
93
-34
-44
49
-20
96
50
-52
6
-65
-48
-25
-23
80
-7
2
32
15
49
21
2
29
54
77
45
54
63
56
54
43
28
-27
55
60
101
89
-7
76
39
40
73
64
106
102
22
81
38
56
38
60
104
88
110
69
55
54
68
115
29
89
32
26
73
113
-17
82
50
14
45
25
9
30
6
-9
58
33
35
97
20
33
65
51
31
5
62
43
37
43
106
-4
-4
96
100
18
54
75
37
119
76
61
59
-14
80
60
86
-21
50
63
65
0
55
91
8
106
-41
64
71
37
37
2
76
59
45
49
29
80
62
55
105
42
23
70
47
61
86
53
69
85
37
61
69
35
112
91
73
106
85
52
77
92
13
56
49
41
71
80
73
83
78
14
77
50
95
31
56
20
66
42
47
64
73
71
40
35
-8
36
22
99
14
65
68
42
97
24
55
81
57
87
103
55
85
33
80
52
26
143
65
93
124
60
70
90
35
56
35
48
82
61
47
43
71
64
106
54
45
68
121
116
33
61
59
70
62
97
35
74
95
94
55
86
42
70
56
59
33
94
59
81
5
44
63
71
12
95
89
24
73
98
37
66
54
26
56
87
88
60
63
110
77
74
54
93
44
24
34
74
29
32
34
69
127
83
56
43
83
80
78
106
44
57
56
123
66
51
33
101
83
91
83
42
102
85
56
87
41
76
48
87
71
83
58
-13
71
104
31
79
110
93
61
26
87
62
71
84
119
41
23
51
73
20
88
39
109
75
49
41
101
85
61
9
59
41
86
69
97
65
94
97
55
57
77
47
80
86
42
23
65
23
58
57
65
53
18
79
78
91
58
76
9
75
77
58
52
61
54
48
58
83
46
83
45
111
100
61
56
42
101
25
100
78
61
44
69
87
31
67
95
108
56
57
47
2
66
107
42
50
50
141
63
64
63
92
72
58
93
85
76
47
33
67
25
80
56
89
46
63
57
49
94
57
51
69
29
56
82
52
42
44
52
25
103
80
27
54
36
93
54
85
25
84
48
74
70
63
112
93
84
87
56
67
82
27
63
63
81
67
40
6
102
-2
41
85
81
66
86
77
54
83
74
105
70
65
77
76
55
18
85
40
86
111
63
72
63
83
144
45
73
119
49
58
97
68
77
83
129
100
55
55
55
57
92
55
61
68
60
86
91
54
76
66
46
96
36
74
81
65
90
49
94
34
72
44
80
99
56
66
98
45
111
109
80
116
58
79
63
33
87
102
60
67
43
66
66
54
129
78
84
74
61
61
108
91
57
81
220
60
86
40
69
87
70
93
57
109
64
48
65
78
54
115
19
115
68
88
116
81
69
41
58
185
68
62
89
75
98
89
21
66
68
89
107
205
55
31
52
45
37
37
12
79
74
107
49
19
45
96
83
38
90
56
67
94
18
85
55
21
100
40
76
79
35
74
33
72
112
80
82
75
97
87
45
79
75
109
12
44
100
100
50
92
85
107
69
102
78
97
78
95
72
89
86
92
73
91
49
118
65
54
30
45
125
62
97
54
116
91
102
112
74
83
62
89
70
74
106
95
59
99
104
95
66
67
79
104
68
98
74
103
53
84
113
56
109
68
84
8
62
104
112
105
75
107
55
65
101
59
106
99
90
104
97
61
109
77
109
45
113
67
87
108
82
69
54
142
82
45
99
83
104
64
96
66
82
77
98
72
72
68
88
59
94
89
53
60
68
95
-1
121
114
141
82
81
85
78
118
69
112
107
21
48
30
107
101
92
66
45
73
68
73
44
58
64
102
83
90
68
51
56
59
104
85
88
131
74
101
88
126
85
119
69
70
65
121
110
134
107
54
53
83
96
129
88
120
94
73
95
104
130
74
94
81
73
68
124
154
99
98
73
102
82
129
87
88
100
100
9
79
111
114
115
85
76
49
102
95
98
103
98
114
84
110
103
67
91
79
122
93
37
83
100
91
44
119
100
37
105
75
60
88
50
93
114
104
124
108
40
93
127
114
67
97
96
86
74
87
61
55
38
149
59
51
88
73
119
116
87
84
115
67
108
100
86
126
67
84
116
72
97
79
51
93
85
94
102
62
120
100
103
124
80
124
61
51
115
67
80
162
100
58
75
61
87
89
70
81
110
99
68
73
114
102
91
91
99
78
123
94
103
112
99
61
78
52
83
78
111
92
97
62
65
118
57
92
64
21
106
52
56
116
88
63
65
60
103
81
149
75
103
59
88
72
80
23
66
73
118
71
60
133
72
80
116
67
100
94
107
74
107
106
92
150
94
99
87
92
83
90
113
50
68
102
60
52
92
60
78
106
55
71
74
76
98
60
81
93
63
96
82
112
87
94
125
102
87
91
61
103
80
81
117
103
91
73
48
160
120
45
46
77
85
88
115
122
92
93
107
111
104
71
87
37
49
95
79
103
85
105
127
126
55
87
56
107
65
136
125
77
131
97
74
102
78
84
74
75
135
74
43
93
56
86
78
48
122
92
70
112
53
102
70
114
122
121
91
120
11
71
91
111
85
96
86
94
119
137
117
72
120
66
129
120
116
91
102
94
82
109
72
90
124
85
78
109
117
76
136
78
80
111
59
84
44
106
