-18
-23
-67
-18
54
-37
5
-29
-31
-6
-66
-54
-1
-24
-47
-54
-50
-37
-6
-37
-34
39
1
-36
0
15
-42
70
-36
41
58
-51
-44
11
40
42
-8
-24
51
102
63
73
-25
47
88
7
20
81
91
77
32
-30
38
36
11
-18
38
16
15
1
-22
2
21
-61
28
62
13
14
29
67
-6
5
18
83
1
47
30
116
11
28
29
52
89
55
56
-5
-33
45
37
2
-2
70
0
35
39
-57
-15
54
52
50
10
23
67
26
26
73
48
101
12
24
72
91
84
101
63
37
36
60
61
88
34
87
35
46
85
108
51
86
78
28
42
-14
-19
23
-8
92
36
233
86
23
50
66
82
69
19
61
47
55
65
131
5
-16
26
102
39
-38
20
30
42
118
3
15
57
9
20
58
36
33
80
11
58
33
80
76
1
47
45
91
76
32
41
47
112
48
53
77
63
114
64
82
9
-18
14
60
78
115
106
58
101
37
89
91
83
28
36
65
46
82
105
222
32
63
95
92
87
42
78
0
91
69
89
98
78
69
59
22
100
54
91
67
80
25
58
73
85
60
-4
56
85
17
94
75
70
91
61
57
106
132
99
44
95
95
75
77
123
77
73
60
39
61
93
50
76
108
91
124
50
57
68
107
146
110
70
86
92
48
-16
50
65
59
41
43
102
98
78
125
89
85
71
66
94
84
63
120
87
129
66
55
71
103
95
74
79
90
50
116
91
103
95
110
110
55
85
125
116
86
116
125
62
116
57
99
141
114
47
43
93
68
73
39
141
60
121
149
80
60
97
61
132
53
90
72
52
104
97
124
76
55
63
104
116
55
75
145
45
38
11
115
45
73
76
84
98
70
123
121
37
99
47
122
86
54
84
101
112
107
86
97
138
105
105
85
148
127
85
101
122
83
36
83
136
17
142
69
-10
78
132
66
115
112
89
63
103
68
104
126
68
248
82
37
23
113
127
115
155
55
100
54
117
125
48
146
99
127
94
82
97
94
151
38
117
36
71
85
82
80
143
161
97
54
69
134
43
52
79
68
93
141
120
112
5
20
146
115
52
106
91
59
84
73
95
73
93
109
136
88
97
108
116
52
88
77
134
51
71
104
103
67
32
82
103
46
130
103
89
103
104
147
213
89
69
74
75
69
68
134
118
71
110
72
112
112
136
53
67
112
93
69
80
96
73
101
144
44
111
63
65
25
80
115
115
123
113
92
34
72
93
136
91
129
49
95
83
56
70
67
76
94
85
82
60
115
153
111
60
121
84
86
146
75
102
276
56
96
80
86
53
78
70
173
85
71
105
84
118
93
60
85
147
55
104
51
125
105
227
61
128
130
121
80
72
80
114
137
77
95
99
117
91
139
60
82
122
128
112
70
113
63
140
135
106
144
116
105
101
139
84
94
106
135
154
160
108
120
79
73
128
106
117
88
128
137
139
112
99
111
113
102
103
107
154
136
114
113
77
124
104
130
68
146
124
94
109
137
69
63
62
78
107
100
88
107
123
101
123
62
116
103
87
110
126
53
85
103
128
77
75
92
168
111
105
116
105
116
82
118
79
271
128
92
139
95
93
101
85
118
61
78
127
82
90
112
107
45
73
64
95
97
113
97
59
109
123
91
107
66
297
160
64
55
117
124
127
51
112
73
54
69
86
89
76
56
122
107
34
100
115
106
66
133
53
29
166
112
91
10
67
67
134
111
99
89
80
83
133
104
63
73
122
109
122
127
100
77
78
64
75
40
83
116
98
75
68
71
112
73
67
80
93
122
93
51
99
172
137
125
112
66
116
114
91
116
105
76
37
74
76
86
105
147
108
42
81
99
114
95
135
114
43
117
79
218
100
95
57
70
43
48
76
80
92
68
66
137
118
126
16
62
116
55
49
89
98
101
118
104
80
106
108
104
55
68
143
83
84
94
43
80
115
127
105
117
88
87
42
107
49
73
94
16
96
101
114
111
77
77
84
95
98
112
79
16
106
84
84
104
137
234
77
81
75
98
149
115
65
87
74
74
37
142
94
81
48
56
130
81
146
110
51
109
122
84
100
119
122
72
60
137
145
43
72
61
117
136
85
87
55
90
114
80
116
104
77
115
173
111
110
99
45
71
118
110
109
90
67
80
129
126
93
85
79
50
80
96
118
49
43
84
31
37
91
99
101
250
75
73
-65
87
128
124
28
132
84
75
74
100
93
83
73
111
63
85
101
123
70
111
94
75
107
78
246
120
54
132
70
189
89
53
48
92
65
69
172
131
88
110
122
157
95
125
133
73
123
80
49
62
104
113
117
136
28
114
63
130
156
95
138
79
114
124
115
118
115
73
104
92
113
95
117
105
118
125
101
97
46
144
88
117
77
122
101
81
77
64
91
63
26
77
87
108
125
110
31
105
147
-14
83
191
102
142
105
77
108
94
64
125
65
33
95
102
66
90
108
120
52
141
156
162
107
91
101
103
79
76
53
156
74
219
96
138
102
71
82
84
83
69
61
42
102
74
64
125
92
85
102
77
113
126
80
