-55
-47
-55
-58
-48
-52
-78
-77
-53
-46
-49
-77
-86
-42
-67
-31
-65
-60
-51
-60
-62
-24
-43
-70
-44
-37
-31
-42
-23
-54
-46
-10
-46
-10
-54
-33
-25
36
-12
-33
-51
-5
-14
-22
-23
39
19
-14
-30
2
2
29
-27
7
-4
-17
-12
-20
9
31
9
16
-37
40
-27
-43
-62
-61
-40
-62
-56
-84
-91
-73
-85
-90
-75
-80
-90
-75
-74
-73
-90
-75
-56
-55
-52
-70
-72
-50
1
-48
-52
-32
-52
-35
-70
-66
-41
-79
-41
-47
-45
-51
-34
-43
-61
-53
-75
-26
-43
-60
-41
-44
-82
-83
-26
-34
-36
-48
-78
-18
-37
-85
-62
-68
-54
-28
-58
-76
-61
-33
-26
-51
-35
-68
-65
-11
-21
-15
-48
-29
-51
-50
-38
-37
-27
-42
-41
-60
-36
-28
-58
-42
-77
-52
-69
-44
-13
-61
-30
-38
-48
-43
-55
-58
-49
-68
-64
-16
-51
-17
-19
-57
-26
-23
-41
-32
-25
-59
-56
-41
-47
-34
-46
-34
-42
-44
-24
-26
-56
-57
-49
-35
-66
-66
-36
-65
-20
-69
-56
-43
-31
-15
-17
-30
-18
-22
-28
-8
-50
-72
-21
-52
-45
-54
-37
-79
-23
-11
-32
-54
-75
-35
-22
-50
-68
-37
-34
-72
-33
-24
-36
-49
-17
-46
-25
-32
-21
-52
-41
-10
-24
-37
-42
-25
-36
-40
-58
-50
-6
-41
-26
-13
-19
-17
-40
-33
-26
-48
-50
-29
-11
-24
-50
-39
-59
-29
-40
-37
-34
-65
-52
-27
-34
-65
-41
-42
-58
-26
-29
-37
-35
-36
-7
-28
-13
-31
-15
-59
-31
-40
-40
-15
-16
-26
-36
-59
-34
-35
-43
-36
-13
-31
-37
-45
-34
-9
-28
-14
-35
-19
-23
-57
-44
-32
-42
5
-39
-11
-42
-44
-45
-24
-3
-25
-6
-34
4
-17
-14
-38
-44
-29
-32
-29
-37
-12
-28
-29
-38
-13
-13
-10
-10
-34
-49
-24
-48
-17
-17
-22
-56
-9
-9
-71
-25
-28
0
-24
-30
-40
-19
-34
-42
-32
-7
-44
-15
-26
-23
-34
-14
-27
-13
-17
-48
-24
-17
-6
-25
-48
5
-23
-38
-34
-52
-27
-24
2
-48
-20
-28
-36
-29
-19
2
-14
-49
-35
-30
-33
-46
-33
-33
-32
-23
-15
-22
-6
-21
-53
-37
-13
-50
-33
-6
-49
-43
-21
-18
-41
-22
-22
-41
-28
-1
-56
-29
-23
-39
-24
-29
-18
-31
-10
-23
-17
-35
-18
-22
-24
-32
-28
-32
-12
-40
-31
-58
-47
-15
-24
-29
-26
-34
-29
-30
-37
-17
-29
-12
-18
-20
-9
-7
-24
-20
-13
14
-25
-22
-54
1
-1
-30
-20
-42
-27
3
-41
10
-26
2
-19
-34
-33
-11
-33
-18
-6
-40
6
-33
-5
-6
-22
-34
5
-33
-36
-19
-23
-8
-13
-16
-32
-44
-25
-9
-27
-33
-26
-41
-23
-29
-32
-13
-36
-42
5
-24
-27
-23
-38
-30
-7
-24
-19
2
-24
-35
-19
-47
-9
-14
-27
-34
1
2
-7
-17
-25
-48
2
-2
-28
-37
-31
-25
4
13
-10
-22
4
4
-34
-15
-6
-32
-34
-20
-30
-20
0
-1
-21
-29
-56
12
-23
-5
21
-39
-45
-8
-12
-12
31
-44
-16
-20
-19
-32
5
-10
-14
-28
-18
-21
-30
-23
-11
18
3
-38
-18
-40
-33
-44
-19
-35
-15
-24
-38
-27
-41
-21
-32
7
1
-27
7
-17
17
-6
-18
12
-15
-20
-19
-39
-30
-17
-15
-29
-20
-24
23
-15
-6
-15
-6
47
-9
-28
16
-4
44
-20
-23
-27
-8
-29
-6
-15
-14
-7
-3
-19
-42
2
-12
-22
-27
-18
-22
0
-24
-28
-11
-31
6
-12
-28
-13
9
-30
-28
-19
0
-17
15
-17
-21
-31
37
-6
-42
8
-16
-17
-37
-12
-16
0
5
-1
-21
-2
14
-4
-43
-30
-20
-25
-12
-35
-43
-26
-21
-28
-35
50
1
-8
-19
15
-4
-17
47
-42
-5
-14
-25
-3
86
-14
-29
-18
-26
-2
40
-8
-16
-6
-19
-12
-5
2
-8
-30
-11
-27
41
-25
-25
-42
-42
-34
1
0
-25
-38
-19
-21
-11
-30
-27
4
-40
-16
-23
39
11
-4
-5
-15
-22
-24
15
-13
-32
54
-14
0
35
63
-25
3
57
51
-14
-4
-14
-40
2
-19
114
-16
82
24
-15
-16
43
-4
-26
-32
8
-9
-30
9
-23
-11
-27
-23
41
47
-28
-5
-34
-24
-12
-30
-20
47
48
-17
60
-12
86
2
22
-30
-23
187
-39
7
4
-20
61
-13
-32
68
43
-24
-7
-5
-17
20
-17
-4
2
-20
2
-38
-10
43
-21
10
89
-21
-30
-29
68
-19
-3
27
2
-43
-37
-21
-8
-24
-4
35
0
-34
-16
-16
-3
82
-15
27
6
-4
-19
13
20
51
64
39
51
-13
46
-21
-10
-16
-26
-32
-17
9
49
29
28
35
36
-15
5
33
-21
95
1
86
1
-22
-21
-7
-29
49
85
42
65
0
44
-20
112
57
56
-23
-5
-1
67
1
79
-20
57
2
61
71
61
-19
-14
-15
-11
75
52
-10
60
-20
20
5
87
-12
60
-8
65
-7
-1
44
106
-1
80
18
71
-22
-25
-3
-2
174
-17
63
-36
-1
-8
17
7
-19
-36
-5
38
7
-12
0
-19
-27
-13
-5
-9
-10
-14
42
-13
6
-28
-20
-17
-30
1
5
60
6
28
60
-38
-26
31
8
85
22
92
60
79
60
29
73
15
83
108
36
9
67
52
64
27
82
-25
88
49
43
94
34
60
51
20
46
107
82
74
83
30
45
-3
45
62
45
30
60
-18
62
47
87
-6
61
79
29
59
82
47
44
42
57
47
-11
68
76
-8
-14
126
57
62
42
-25
80
73
-23
-7
69
-18
-5
-31
-9
-23
6
-12
-37
-24
-33
0
-16
6
-22
-13
28
-9
64
-18
8
-13
5
55
84
47
38
-23
12
-1
19
77
-8
-15
-9
22
78
75
71
56
35
4
48
52
40
29
50
50
14
65
108
55
60
76
71
30
49
35
46
62
65
46
79
62
39
80
45
94
39
94
-5
52
67
29
69
69
59
35
43
47
-20
61
76
71
70
-3
-3
-3
32
53
82
51
63
45
24
69
49
21
12
25
72
-29
83
-15
56
-29
-17
-15
20
-20
12
11
-11
-18
-38
-3
20
-7
42
-10
-19
-13
-17
-37
-19
-33
-21
-25
-23
31
55
-9
-26
37
5
-3
-23
42
39
34
49
51
-17
-14
-16
-1
2
5
49
43
50
47
4
-10
23
-6
59
71
46
51
45
41
59
25
63
33
73
52
41
49
41
-15
84
72
-8
41
70
50
21
37
79
51
44
56
59
21
64
41
43
35
47
59
77
59
87
30
36
56
-13
48
22
49
79
100
38
58
-11
60
-11
5
73
20
51
-17
-15
67
14
-24
107
-19
2
31
33
-8
-2
11
-10
-16
-28
-7
-21
62
-19
-8
-15
-3
-13
-18
-13
-22
-6
73
2
-15
-17
13
6
53
79
52
78
-26
53
12
46
-2
-12
-19
41
65
48
53
57
73
104
82
51
35
98
59
45
65
76
65
69
48
14
46
45
29
45
52
58
56
84
90
54
43
55
49
191
64
47
79
83
46
34
34
21
88
38
45
54
95
81
59
31
-11
43
-28
66
83
-15
32
83
-6
-29
-4
57
46
-19
5
42
-20
-12
-20
-28
69
45
50
0
-3
62
-20
-35
-6
-2
-25
-7
19
-11
-23
-13
47
60
41
-18
53
-9
79
48
116
-2
56
69
64
60
-6
-8
58
16
55
97
59
66
75
-43
77
58
51
23
-33
-4
-1
-23
68
51
-7
21
85
47
64
48
54
74
54
55
71
139
62
44
41
18
44
39
32
69
-25
-4
34
37
55
108
9
38
-20
-22
0
-16
-12
-36
-28
-15
-5
-19
39
-3
-26
40
23
58
-22
-20
8
81
-2
-18
-16
-37
-14
3
-13
0
-42
-28
46
-21
17
13
99
70
61
53
65
37
12
13
69
-7
53
-2
61
-3
-13
96
26
29
-27
10
104
-17
-14
38
45
20
-18
77
64
-6
53
49
-18
28
-6
62
58
72
-30
-7
66
60
92
66
59
64
80
103
51
55
55
70
63
47
95
29
36
-26
100
1
0
57
62
84
62
4
54
21
35
-31
-32
80
80
28
27
2
-13
76
0
-38
87
-41
-30
-1
-20
-3
70
-9
-19
-27
42
-1
-13
82
-21
-21
-17
4
55
30
14
47
-32
-22
-11
8
-17
-9
0
23
-32
3
-8
-28
-16
-32
-13
-14
-13
-29
-6
-27
-16
36
-22
-22
3
42
18
60
-20
34
-12
-4
-10
-18
41
78
28
66
46
40
78
30
15
53
73
45
48
55
60
9
53
-11
36
8
32
52
18
52
-14
89
92
75
-2
55
-9
-17
20
86
50
83
37
30
60
94
63
37
74
69
90
68
59
180
59
-11
26
2
-7
68
52
-13
-21
5
60
-7
96
70
-30
-32
58
-33
-19
-11
-1
-27
-20
-10
-12
1
-19
-17
-34
-18
-22
-2
-24
-27
-12
-8
40
50
23
-32
61
-18
61
2
35
64
34
78
28
-25
57
66
31
-23
-32
50
16
36
-29
56
66
76
53
1
22
32
64
14
101
48
72
49
62
49
83
38
70
-23
74
15
66
44
11
25
60
61
68
4
63
-5
1
3
52
27
92
-36
-8
41
37
77
74
65
53
63
45
-17
64
40
60
15
63
-15
-10
1
38
72
2
70
14
-29
-2
-38
-20
69
36
-26
34
-29
-5
-28
7
-26
-21
-3
-37
44
-17
17
-6
-14
62
6
-25
-17
-1
44
-17
26
68
-4
-4
15
31
-25
-19
-3
52
-36
-25
-8
-9
-29
-4
-16
11
-16
-26
-25
-21
6
-21
-18
-6
6
69
47
-24
43
69
5
54
-25
40
71
104
38
95
-34
44
24
65
26
35
-22
66
55
-3
89
18
78
58
46
54
63
-20
38
73
51
1
7
49
83
46
60
91
66
50
-38
62
40
91
79
63
67
75
66
83
72
81
