-56
-15
-74
-57
-29
-70
-57
-49
-38
-59
-51
-59
-62
-57
-59
-42
-69
-71
-52
-72
-44
-58
-38
-47
-17
-64
-18
-53
-70
-69
-55
-75
-56
-77
-42
-81
-64
-65
-40
-57
-40
-34
-55
-50
-44
6
-35
22
-4
-40
-53
-37
-43
-67
-53
-58
-14
-55
-68
-66
-36
-66
-60
-65
-65
-78
-65
-34
-81
-80
-41
-50
-47
-62
-49
-41
-64
-17
-19
-40
-70
-70
-59
-39
-28
-42
-46
-61
-82
-74
-66
-83
-53
-69
-91
-81
-66
-73
-81
-55
-71
-83
-76
-71
-89
-70
-78
-91
-52
-55
-69
-64
-62
-85
-67
-83
-78
-70
-67
-68
-75
-65
-32
-26
-60
-59
-20
-46
-41
-13
-76
-45
-73
-48
-50
-25
-56
-4
-41
-6
-55
-53
-43
-37
-66
-67
-82
-43
-33
-72
-61
-70
-71
-49
-69
-81
-69
-68
-42
-46
-74
-63
-55
-73
-70
-40
-67
-64
-62
-55
-63
-69
-52
-59
-54
-74
-60
-66
-67
-70
-61
-56
-73
-69
-67
-53
-24
-76
-55
-38
-34
-61
-70
-52
-49
-51
-65
-57
-62
-76
-64
-74
-86
-65
-54
-42
-60
-41
-68
-70
-76
-78
-59
-81
-76
-67
-80
-67
-65
-80
-70
-69
-70
-61
-73
-69
-44
-77
-43
-69
-51
-64
-53
-59
-52
-59
-82
-76
-49
-58
-53
-49
-70
-50
-67
-52
-87
-82
-57
-48
-59
-67
-53
-78
-64
-62
-68
-69
-61
-64
-58
-69
-79
-71
-70
-72
-55
-60
-69
-65
-72
-68
-62
-74
-64
-81
-72
-79
-63
-72
-69
-45
-66
-38
-60
-62
-35
-72
-56
-53
-31
-69
-75
-52
-40
-54
-51
-53
-77
-66
-45
-61
-43
-70
-54
-48
-58
-63
-49
-28
-85
-66
-46
-75
-65
-55
-60
-42
-53
-66
-77
-55
-58
-60
-49
-47
-64
-26
-48
-63
-47
-21
-41
-42
-50
-55
-67
-20
-41
-47
-51
-34
-23
-35
-66
-18
-49
-34
-20
-36
-18
-31
-67
-37
-12
-48
-24
-16
-4
-40
-34
-66
-6
-40
-29
-44
-65
-51
-49
-33
-46
-36
-66
-17
-34
-54
-66
-55
-40
-44
-35
-64
-56
-40
-69
-63
-62
-43
-31
-61
-40
-40
-54
-30
-39
-37
-65
-57
-56
-22
-39
-47
-37
-29
-30
-59
-8
-66
-23
-12
-29
-55
-56
-75
-53
-9
-30
-37
-34
-28
-22
-39
18
-1
-40
-54
-12
-38
-20
-27
-25
39
-7
-17
-5
-60
-48
-33
-24
-30
-45
-11
2
21
-16
-9
11
-25
-6
10
-34
46
4
21
-62
-16
-14
-5
2
-44
-10
-36
15
-43
-14
46
-28
-23
-14
27
-16
-24
-20
-33
15
11
12
19
-38
-22
-37
10
-16
-31
-23
-31
-17
1
-16
-2
-1
22
30
-7
17
-48
15
-24
-24
-7
-11
-12
-18
-4
-6
16
-3
-19
-21
6
-60
-32
-45
-36
-3
-23
5
-29
-21
-28
-21
45
-11
-16
-3
19
20
57
-14
10
11
81
25
-6
-43
14
28
24
35
17
-34
51
17
-29
25
11
-6
-34
-9
-49
-7
-29
-15
11
1
29
-16
-34
14
15
5
2
64
20
3
-24
59
26
62
8
35
50
44
28
-3
10
0
-2
89
13
30
39
-18
2
29
33
63
15
14
75
-4
3
29
14
-17
20
32
9
86
14
59
36
21
60
39
46
32
76
14
58
58
56
36
21
-9
5
19
70
39
-8
74
23
59
-7
70
218
93
-1
28
50
72
72
30
24
5
23
86
17
12
72
79
17
14
-9
45
37
26
42
55
-6
-1
-28
16
28
-34
-18
-40
-23
-6
-4
-26
-9
-29
-13
-21
-35
-12
-22
-19
-29
48
9
17
-12
14
38
58
52
4
-3
16
17
46
89
49
0
-1
29
22
43
-10
9
76
-11
65
-31
40
19
-29
-26
64
-8
44
-40
26
13
63
18
40
-13
35
-46
3
-31
27
-28
-17
20
2
-26
-8
-52
-12
-3
-28
28
9
9
23
-57
7
89
-30
-56
-18
-24
-10
-13
-25
19
22
-9
6
-29
-42
-1
54
45
-20
-18
10
12
3
-5
64
4
52
58
11
68
-13
-2
-4
69
15
13
-7
-19
-13
-3
-8
-9
-19
-19
-12
-15
-26
-24
-24
-16
-31
-37
-7
-31
1
-15
-11
-30
-9
-30
-9
-10
-20
-16
-17
3
-32
0
81
9
-1
-13
49
-1
-29
-25
3
-1
-4
19
24
17
25
30
-1
-20
-14
-5
22
19
-1
57
25
-9
50
39
-29
-11
-5
20
24
10
35
23
5
-14
56
4
-22
-20
-12
-5
28
24
-10
83
101
51
48
9
98
60
15
21
-1
85
11
26
-2
-11
113
49
36
123
85
-5
13
-14
11
60
19
3
34
-31
37
50
24
7
-9
62
20
-7
92
114
125
91
70
87
22
67
87
61
42
25
55
52
12
21
61
125
101
92
39
95
98
2
74
58
71
83
89
50
126
57
52
56
10
61
73
47
59
29
12
18
23
63
20
26
-25
49
48
40
51
6
35
40
21
58
85
6
31
42
11
27
9
5
10
18
76
65
47
30
61
-17
65
12
17
15
0
-13
54
62
29
28
-10
3
11
-21
-22
19
26
2
-27
-26
7
-4
9
-22
-25
32
12
13
16
41
22
62
117
53
117
49
35
31
171
130
42
76
65
64
24
83
52
20
-1
51
39
71
99
87
99
90
56
95
59
106
17
105
80
9
67
84
-16
1
34
84
-17
-3
2
15
12
78
-26
5
1
-4
-31
-1
9
-13
44
-9
-14
-2
52
18
-2
-17
-16
-4
26
11
12
-2
28
-27
-1
-9
11
-18
-7
-11
-22
-3
3
21
19
8
-25
-16
0
5
24
18
-10
18
-18
-10
-19
-11
4
36
19
-14
-5
5
11
-18
-25
21
-5
7
17
15
25
-8
-6
19
-2
-14
68
32
52
64
136
60
50
74
76
-10
15
-20
-10
-15
-28
14
-22
6
-4
-15
-19
11
-18
-22
-7
-18
-5
-10
-16
-15
5
-26
-23
-25
-11
-14
-33
-7
-24
-9
4
-2
-13
4
-29
-5
-19
-8
-5
-12
-8
28
-2
21
0
-26
-10
-9
29
44
-12
9
5
-29
-10
-17
-6
91
78
101
6
142
69
8
11
48
-15
-19
73
-19
-1
2
8
23
-6
-9
6
-27
23
22
10
36
42
80
73
16
-1
39
-11
9
15
17
65
-6
52
28
17
28
16
12
17
10
-1
34
77
35
-5
1
-14
-13
48
24
11
115
61
78
60
78
33
97
61
10
65
57
15
11
21
6
-12
10
71
15
64
60
85
47
121
63
65
19
-12
-7
-1
27
15
29
72
39
1
2
100
107
6
-7
41
56
57
12
43
131
37
-21
1
2
100
104
54
103
51
88
78
125
14
90
87
-17
66
93
28
100
64
79
-38
36
124
84
33
49
147
93
80
93
72
43
91
125
79
95
106
66
71
75
77
40
97
80
99
103
59
29
-16
17
90
78
-20
77
124
34
103
119
90
90
100
145
127
66
111
67
93
78
61
59
19
86
92
124
82
71
18
105
81
237
52
39
92
136
5
110
94
83
60
75
35
78
108
34
103
90
42
36
-1
9
-19
-37
59
2
90
-10
-18
87
-22
14
40
17
47
20
86
93
16
68
-4
21
21
40
97
6
5
4
72
-3
-66
9
26
11
33
7
16
-11
-31
-4
50
7
6
55
102
51
98
9
-17
63
45
24
-14
83
99
91
105
13
-32
80
42
2
88
72
73
28
25
59
-9
-4
12
-47
-12
-2
69
8
55
-8
-28
-16
-10
11
-23
73
50
-14
-4
80
44
72
86
24
-24
6
60
81
29
25
28
-17
38
17
12
60
72
105
94
49
5
1
-2
-7
-5
45
99
91
62
11
-16
105
37
99
32
70
39
18
-5
39
54
17
81
-17
102
-3
63
100
84
16
38
-18
1
42
46
-19
67
93
67
15
0
0
42
26
90
4
-4
3
-5
49
13
12
45
17
37
97
32
24
74
66
63
80
76
50
47
103
91
85
99
52
67
68
81
124
104
74
101
62
44
-24
66
37
53
128
68
75
84
38
36
9
73
37
27
54
111
132
-4
81
75
55
74
123
141
106
53
80
108
-7
62
93
85
99
36
146
25
85
51
173
47
131
86
102
98
144
124
58
73
-18
138
132
26
-4
1
81
82
21
4
7
7
126
-4
42
3
62
120
91
60
40
138
34
39
49
84
39
45
28
49
30
59
135
108
24
203
16
41
91
34
148
103
70
140
50
38
75
58
49
150
31
97
52
123
113
89
31
-2
63
-1
91
18
37
46
107
110
79
38
0
114
1
11
-11
16
24
10
-11
25
17
-8
7
15
3
-7
-10
20
-6
-8
-14
-2
19
-15
-24
-26
21
19
-15
-16
35
33
57
23
58
24
-15
5
47
9
98
100
76
70
29
98
73
44
103
91
-44
124
40
42
85
109
53
49
104
70
-1
81
-9
119
66
18
-5
87
73
33
68
46
-2
77
19
44
60
-12
-25
85
93
-13
216
76
-32
4
6
69
0
-22
29
34
59
35
12
-51
-16
75
14
-5
98
-55
47
23
-9
26
32
21
27
33
-18
-46
-26
25
69
60
12
3
26
-26
-52
-48
-70
-38
14
53
35
-56
-44
-33
-48
34
48
-17
21
-70
18
-3
17
-27
-68
30
-45
-41
-4
19
21
-37
3
-19
-7
7
12
-11
