-56
-29
-63
-60
-32
-48
-53
-51
-44
-54
-55
-51
-60
-59
-54
-50
-62
-65
-57
-65
-47
-43
-53
-60
-37
-57
-43
-49
-59
-54
-47
-49
-45
-40
-49
-44
-37
-34
-28
-42
-36
-30
-24
-23
-30
3
-11
-2
-2
-16
-25
-8
-36
-17
-34
-44
-21
-36
-39
-34
-48
-43
-42
-29
-45
-55
-52
-48
-54
-58
-46
-43
-54
-48
-45
-60
-51
-51
-65
-52
-67
-67
-69
-52
-49
-52
-49
-55
-67
-58
-48
-65
-57
-58
-61
-63
-63
-59
-53
-61
-56
-53
-59
-62
-62
-65
-74
-59
-67
-52
-59
-64
-58
-63
-70
-72
-59
-59
-56
-57
-64
-59
-47
-58
-68
-61
-49
-38
-57
-56
-61
-55
-49
-47
-54
-52
-65
-32
-45
-31
-48
-48
-51
-49
-54
-57
-48
-54
-54
-61
-52
-53
-54
-50
-64
-55
-63
-54
-43
-54
-54
-51
-53
-54
-55
-39
-52
-61
-56
-50
-56
-41
-45
-49
-35
-38
-55
-43
-44
-57
-49
-50
-53
-52
-58
-49
-45
-57
-46
-45
-47
-50
-57
-47
-48
-57
-50
-59
-52
-64
-49
-52
-47
-41
-55
-42
-37
-34
-51
-46
-57
-66
-58
-63
-56
-68
-56
-65
-58
-42
-54
-68
-64
-43
-47
-47
-49
-58
-46
-50
-42
-51
-51
-60
-44
-48
-47
-53
-48
-50
-46
-44
-51
-46
-52
-45
-60
-62
-49
-54
-36
-52
-38
-56
-41
-46
-56
-48
-30
-51
-57
-48
-42
-34
-53
-57
-62
-59
-52
-39
-58
-56
-38
-36
-39
-52
-42
-54
-50
-57
-29
-33
-38
-39
-53
-42
-33
-43
-48
-38
-38
-50
-43
-36
-35
-45
-48
-50
-46
-48
-42
-50
-37
-55
-48
-46
-52
-47
-47
-43
-44
-47
-29
-51
-32
-40
-42
-23
-42
-43
-38
-38
-46
-39
-26
-43
-28
-26
-32
-42
-30
-33
-37
-38
-34
-38
-32
-33
-19
-31
-43
-20
-35
-35
-43
-27
-29
-34
-27
-30
-44
-34
-44
-36
-36
-48
-36
-40
-27
-41
-41
-52
-31
-30
-32
-38
-40
-44
-28
-28
-42
-49
-52
-37
-32
-38
-39
-37
-34
-28
-35
-42
-46
-47
-44
-45
-41
-23
-29
-32
-43
-32
-44
-27
-34
-33
-48
-31
-49
-46
-39
-35
-49
-33
-29
-52
-34
-37
-39
-26
-49
-42
-46
-40
-38
-27
-41
-35
-42
-32
-27
-31
-20
-30
-38
-38
-33
-37
-19
-32
-43
-18
-26
-25
-14
-34
-28
-34
-20
-40
-33
-21
-29
-18
-32
-14
-20
-28
-38
-20
-9
-1
-15
-19
-23
-19
-31
-16
-6
-36
-16
-30
-15
-30
-22
-19
-21
-17
-14
-5
-2
-27
-21
-25
-7
-10
-22
-23
-18
-27
-17
-21
-13
-13
-6
-11
-5
-27
-7
-5
-13
-9
2
-2
-6
-11
-18
-10
-15
-17
-12
-19
-14
-7
-10
-10
-20
-10
-15
-15
-33
-23
-20
-8
-25
-17
-20
-24
-21
-16
-28
-6
-6
-21
-8
-7
-18
5
-9
-22
-16
4
-24
-15
-35
-15
-17
6
14
-14
-19
0
0
-27
0
-2
-25
-9
-18
-8
-6
1
-15
-11
-8
-8
-1
-16
-19
-32
-22
-25
10
-14
-8
-15
-11
-24
22
-11
-7
19
-11
-16
-27
-17
-2
2
4
-14
-3
-13
-22
-1
-17
-4
-3
1
-7
0
-21
-11
-4
-18
-23
-15
-23
-25
-5
14
7
-21
-16
-4
0
-6
-2
-11
-13
-4
-1
0
-11
0
7
-20
11
-9
-7
-25
-5
-14
6
-5
-3
23
11
-5
1
-10
5
3
19
1
-24
-18
28
-3
-18
-11
3
-7
-7
-15
3
19
4
24
1
-4
5
10
12
12
1
6
-15
-17
-17
-16
2
17
0
11
-14
5
12
-2
17
8
7
35
6
0
0
28
21
18
3
13
20
0
27
18
26
7
0
-5
17
31
22
24
8
1
22
-2
10
12
16
13
21
0
19
-23
28
-4
40
21
7
30
17
3
24
13
17
19
19
10
11
14
8
8
-1
11
14
25
27
9
20
11
11
19
6
14
4
1
2
1
12
28
22
14
1
7
10
13
27
16
19
8
16
14
22
22
15
-5
24
29
5
30
27
14
35
32
16
27
35
5
19
20
12
7
1
9
5
21
0
31
8
18
19
16
12
27
-1
4
-3
11
31
-6
16
23
15
5
5
30
14
19
34
9
8
0
0
4
20
13
13
19
0
20
16
26
12
10
48
-2
6
10
10
33
7
21
32
16
9
25
8
15
28
13
4
8
-7
24
-6
0
18
1
-1
19
0
3
0
21
1
11
37
19
7
-2
23
24
0
17
3
31
-6
14
-3
3
45
4
12
29
18
6
22
8
10
39
6
17
8
7
0
4
9
-6
-3
9
4
12
26
26
36
26
8
15
11
8
34
18
15
7
10
10
-7
-3
29
45
26
30
5
21
13
19
20
21
10
25
5
16
28
36
0
12
-1
27
16
20
4
-1
-4
7
26
11
-5
10
-22
18
7
20
2
17
-4
21
1
6
24
17
0
20
4
14
-11
-14
4
5
35
8
16
-1
17
-13
20
3
6
1
-1
1
9
6
1
-1
-19
-1
5
-9
-18
-4
18
-4
-10
-18
-9
-17
-3
-13
-6
9
0
4
3
-3
3
12
16
25
32
35
4
25
51
29
21
9
26
36
5
18
11
8
0
17
26
5
33
29
42
27
21
45
18
21
16
35
47
24
40
21
2
3
19
42
7
26
22
18
13
35
31
14
9
19
7
17
18
23
33
15
2
14
13
22
11
0
10
37
13
18
20
13
21
3
-17
-5
8
-16
-2
-13
-8
-10
-2
-1
-15
11
-12
-10
-17
3
-2
-8
-11
0
11
-10
-5
-10
-2
2
14
-5
7
-15
-2
-6
-12
11
-12
-2
4
10
24
13
16
18
-1
1
22
4
11
20
31
7
15
19
38
6
12
5
7
-7
-2
6
1
11
8
0
7
7
-9
4
-2
12
-2
10
-8
-1
-6
5
-2
1
11
-1
-7
6
-15
4
13
2
7
-5
-15
-7
1
-4
11
6
18
13
13
31
9
-3
12
9
22
5
17
-15
4
-18
-4
-23
-4
17
35
16
-14
14
-4
-7
-2
0
-4
-10
4
-10
1
-10
-9
-19
-21
3
-3
4
0
-13
-14
15
-6
16
15
5
16
4
4
0
-11
-9
4
-9
1
-3
9
9
0
5
7
-14
-10
-10
9
10
-9
3
-1
-8
14
-6
3
16
21
14
12
14
-1
5
19
3
-3
10
9
7
4
1
7
-4
15
10
17
8
25
1
26
16
16
0
0
-5
4
8
6
9
-1
7
-6
8
29
32
1
1
-3
13
-1
0
6
24
8
-14
-8
1
7
3
24
8
4
17
10
29
-3
16
0
-15
-7
14
-11
21
1
3
-5
-9
23
5
-2
0
23
32
10
7
11
11
12
21
29
19
25
1
10
15
26
13
7
10
21
31
31
24
3
6
34
25
0
7
39
14
19
34
30
27
29
33
17
23
31
16
17
27
14
15
13
25
29
29
26
11
35
32
18
54
15
6
18
30
-10
30
31
9
10
27
18
15
28
-2
32
12
6
21
-6
7
6
-14
0
-14
21
10
-11
22
0
-15
3
-4
-5
4
17
12
-2
-2
3
-7
-15
0
15
-18
-13
-2
8
-9
-17
-5
10
3
3
4
2
11
-12
14
7
2
10
10
25
2
10
0
-11
17
30
9
3
31
0
27
28
5
-11
-1
0
-8
7
18
19
4
0
26
2
16
5
-3
9
-1
22
5
35
3
-1
12
-1
0
5
23
19
-18
-6
22
12
11
44
0
0
-3
15
11
-3
2
-6
-15
-4
-2
-4
16
12
15
19
6
9
-10
17
0
22
19
24
12
22
15
-5
30
25
6
11
36
1
22
8
32
21
8
42
0
23
-3
2
28
12
17
0
2
1
-6
30
-1
12
10
8
23
-5
-7
8
14
25
0
7
2
-9
17
4
10
17
-1
23
16
10
-1
7
16
30
32
23
14
26
24
35
20
22
22
23
19
25
38
24
14
3
26
5
-17
12
11
18
29
9
22
28
20
5
-10
28
23
35
22
39
29
20
26
24
34
0
10
20
31
3
39
23
2
12
21
10
13
29
33
9
19
12
52
35
46
28
21
12
19
33
9
11
-1
25
18
1
-15
-15
18
14
16
-2
15
5
36
0
9
18
23
38
11
29
37
52
11
18
22
1
3
13
22
21
1
19
33
20
9
54
-4
25
59
21
37
51
32
62
35
24
39
27
19
44
44
34
-3
37
49
37
-10
15
7
0
23
53
9
44
16
18
22
3
17
22
5
14
20
19
15
35
7
5
9
-10
-2
7
2
-4
-1
6
2
-13
5
9
-6
-15
-1
0
-16
-6
-1
-9
17
7
6
6
8
8
0
-5
12
11
8
29
22
35
51
33
48
20
57
37
19
19
10
18
34
34
12
3
22
38
11
0
-2
38
17
26
18
31
47
22
45
26
15
31
31
14
46
26
39
67
50
30
85
56
16
3
40
39
33
26
34
29
64
32
17
4
32
16
33
36
49
-4
42
22
18
47
39
31
33
42
20
7
26
19
44
36
39
46
39
7
19
27
34
9
20
50
33
3
10
9
-3
41
39
9
23
15
10
51
15
21
1
16
4
4
9
22
19
4
15
2
15
5
2
13
