-59
-30
-55
-50
-40
-48
-69
-53
-18
-73
-75
-41
-56
-61
-57
-48
-71
-71
-51
-64
-23
-13
-46
-64
-18
-72
-48
-35
-64
-30
-38
-30
-48
-7
-24
18
6
-63
11
-16
-20
-9
-36
-44
-31
-3
17
3
24
9
-24
-20
-11
28
-31
-36
-50
-16
-66
-62
-85
-80
-71
-58
-45
-72
-60
-55
-64
-50
-57
-32
-58
-23
-23
-47
-23
-40
-62
-30
-60
-55
-63
-27
-30
-42
-30
-14
-54
-22
-51
-42
-61
-42
-18
-70
-41
-1
-40
-36
-23
-17
-27
-46
-39
-52
-64
-16
-57
-51
-32
-58
-19
-19
-49
-42
-42
-29
-30
-6
-29
-48
-48
-32
-57
-49
-23
11
-39
-78
-49
-39
-35
-20
-51
-50
-33
-25
-34
-18
-29
-46
-33
-30
-28
-67
-24
-46
-42
-42
-57
-56
-49
-70
-68
-17
-72
-32
-35
-42
-41
-29
-51
-45
-63
-44
-48
-69
-72
-58
-66
-49
-76
-57
-44
-20
-42
-58
-45
-70
-45
-53
-34
-62
-72
-70
-65
-71
-41
-36
-37
-20
-74
-41
-36
-39
-22
-41
-47
-54
-23
-35
-10
-41
-68
-31
-53
-37
-79
-30
-57
-30
-64
-35
-43
-76
-58
-64
-56
-41
-59
-65
-20
-6
-40
-5
-9
-30
-30
-24
-29
-73
-36
-50
-34
-42
-44
-58
-55
-39
-48
-55
-63
-43
-59
-52
-46
-49
-69
-66
-37
-27
-22
-37
-38
-43
-72
-70
-25
-58
-45
-25
-35
-38
-44
-41
-82
-74
-47
-55
-46
-54
-49
-67
-69
-56
-52
-70
-58
-84
-62
-58
-59
-58
-65
-44
-36
-30
-62
-48
-33
-61
-32
-48
-45
-43
-48
-51
-56
-78
-41
-56
-40
-45
-68
-21
-43
-42
-60
-74
-34
-62
-27
-48
-22
-36
-39
-42
-49
-35
-13
-35
-59
-37
-58
-67
-16
-45
-49
-54
-46
-46
-55
-41
-40
-42
-26
-55
-40
-71
-50
-12
-60
-55
-48
-52
-43
-16
-43
-47
-62
-39
-35
-32
-69
-39
-39
-31
-53
-16
-50
-46
-37
-20
-28
-14
-33
-46
-32
-53
-37
-58
-58
-73
-39
-58
-46
-37
-48
-16
-51
-44
-68
-55
-14
-8
-22
-27
-33
-23
-40
-34
-53
-30
-17
-29
-58
-36
-37
-45
-51
-44
-45
-30
-32
-64
-40
-29
-38
-31
-49
-62
-20
-32
-34
-30
-57
-30
-28
-52
-38
-36
-37
-64
-56
-18
-62
-43
-33
-38
-45
-28
-27
-32
-40
-48
-45
-47
-30
-54
-38
-33
-46
-36
-25
-25
-28
-39
-44
-37
-36
-44
-31
-72
-18
-38
-16
-21
-30
-13
-44
-32
-27
-34
-25
-62
-27
-51
-27
-36
-40
-46
-26
-45
-16
-53
-33
-77
-31
-30
-29
-57
-23
-27
-15
-36
-28
-62
-36
-50
-72
-51
-29
-34
-34
-38
-27
-42
-34
-34
-31
-40
-29
-22
1
-43
-39
-54
-39
-20
-35
-46
-25
-20
-34
-45
-24
-45
-21
-42
-45
-29
-46
-47
-26
-23
-37
-32
-25
-53
-47
-32
-27
-27
-53
-39
-33
-18
-17
-22
-26
-16
-14
-11
-27
-8
-45
-14
-21
-32
-14
-4
-36
-43
-31
-38
-28
-13
-39
-36
-33
-33
-22
-41
-10
-37
-47
-10
-32
-44
-54
-27
-24
2
-31
-42
-47
-39
-29
-18
-10
-43
-46
-49
-8
-28
-33
-29
-34
-26
-16
-18
-25
-16
-28
-38
-34
-20
-40
-28
-40
-34
-47
-37
-19
-23
-31
-37
-20
-33
-13
-12
-52
-42
-45
-21
-11
-41
-43
-13
-25
-24
-47
-29
-36
-44
-42
-26
-16
-35
-15
-36
-25
-24
-29
-33
-19
-37
-35
-12
-55
-36
-40
-21
-32
3
-30
-46
-49
-27
-10
-22
-24
-47
-9
-28
-21
-24
-44
-19
-30
-22
-41
-1
-51
-32
-42
-26
-29
-11
-33
-48
-31
-16
-25
-24
-31
-30
-26
-18
-17
-52
-47
-36
-16
-22
-20
-52
-27
-42
-7
-8
-16
-38
-11
-43
-20
-8
-19
-20
-27
-32
-35
-32
-25
-28
-23
-14
-27
-8
-38
-46
-23
-43
-46
-41
-30
-11
-25
-35
-25
-14
-29
-40
-14
-9
-18
-35
-25
-30
-12
-28
-48
-17
-38
-23
-40
-27
0
-31
-20
-35
-32
2
3
-20
-29
-45
-21
-33
-25
-14
-35
-14
-10
-43
-22
-21
-26
-24
-15
-36
-27
-21
-22
-7
-6
-31
-19
-14
-32
-34
-28
1
-19
-3
-33
-16
-32
-38
2
-4
-35
1
-38
-37
-20
-36
-7
-43
-40
-15
-28
-37
-43
-37
-21
-18
-28
-30
-10
-22
-37
-13
-25
-25
-13
-35
-41
-40
-28
-18
-37
-20
-25
-21
-15
-32
-33
2
-4
-12
-29
-39
-19
-35
-15
-23
-9
-27
-29
-30
-50
-21
-28
-38
-37
-13
-34
-5
-13
27
-46
-42
-21
-11
-12
-32
-23
-13
-37
-28
-20
-3
-22
8
-18
-8
-25
-23
-27
-35
-19
-20
-29
-21
-18
-13
-24
-1
-22
-26
-20
-20
-14
-16
-35
-24
-14
-20
-15
-23
-16
-20
-31
-28
7
-21
-20
-19
-13
-17
-24
-18
-22
-8
-41
-42
3
-19
-26
8
-13
-27
-19
-8
-17
-17
-2
-22
-6
-16
-18
-16
-18
-37
-21
-21
-40
-30
-5
-24
-37
-5
-30
-45
-20
-16
-23
-2
-34
-53
8
2
-13
-39
-6
-47
-30
-18
-31
-34
-2
-24
-19
-38
-2
-18
-40
-31
-33
7
-17
-19
-4
-7
-11
-3
-18
-10
-16
-23
-21
-33
-28
-30
-33
-7
-15
-20
-10
-14
-27
-29
-21
-24
-13
-45
-2
-24
-12
-21
-22
-35
-11
-33
-19
-14
-15
-25
-17
-31
-32
-28
-1
-28
-43
-1
-29
-22
-18
-15
-25
-26
-4
-12
-43
-36
-13
-48
-14
7
-40
-31
-16
-19
-55
-32
-10
-39
-33
-20
-28
-3
-36
-20
26
-4
-33
-44
-27
-5
-23
-35
-25
-20
-15
0
-16
-8
-30
-4
-18
-9
-25
-22
-12
-6
-11
-46
-18
-30
-41
-26
-29
-34
-24
-28
-3
-10
-19
-16
-24
-33
-41
13
-27
-26
-36
0
-9
-40
-31
-26
-27
-22
-20
-4
-7
-33
-17
-23
-7
-25
-18
-37
-23
-30
-34
-27
2
-17
-13
-21
-12
-9
-31
-24
-12
-31
-23
-17
-22
-46
-37
-44
-17
-21
-2
-28
-27
-40
-29
-10
-18
0
-31
-24
-12
-20
-44
-42
-22
-28
-7
-36
-42
-20
-37
3
-25
-30
-19
-14
-30
-4
-24
-28
3
-18
0
-16
-30
-20
-10
-40
-17
-21
-37
-17
-22
-7
-32
-28
-20
-15
-31
-24
4
-14
-31
-18
-20
-45
-8
-17
4
-35
-32
-26
-38
-15
-18
-23
-11
-22
-13
-17
-34
-30
-29
-25
-25
4
-39
-24
-46
-33
-20
-25
-24
-33
-42
-24
-18
-18
-27
-38
-29
-29
-12
-3
-23
-7
-25
-4
-44
-30
-15
-28
-37
-36
-34
-21
-37
-6
-15
-24
-27
-42
-22
-18
-16
-12
-12
-22
-31
-19
-11
-37
-27
-18
-24
-11
-17
8
-10
-30
-31
-7
0
-20
-11
-28
-27
-34
-4
-21
-46
-41
-36
-7
-32
-34
-10
-20
-13
-9
-1
-15
-24
-28
-24
-25
-22
-4
-26
1
-35
-24
-15
-30
-34
-20
-20
-26
2
-11
-38
-21
-41
-14
-35
-38
-25
-12
-18
-18
-17
-16
-28
-33
-20
-24
-10
-40
-22
-7
-14
-29
-18
-22
-33
-22
-38
-30
-35
-48
-24
-28
3
-15
-27
-15
-9
-19
3
10
-32
-34
-18
-9
-14
-36
-5
-12
-3
-11
-24
-40
-19
-37
-48
-22
-7
-21
-50
-24
-37
-15
-28
-31
-9
-45
-33
-38
-24
-14
0
-11
-30
-32
-16
-26
-32
-40
-7
-32
-42
-33
-17
-24
-9
9
-26
-3
-15
-25
-12
-30
-7
-32
13
-19
-19
-26
-32
-4
-6
-23
-2
-19
-33
-37
-10
-27
-13
-18
-14
-11
-16
-20
-12
-20
-27
-30
-26
-1
-28
-29
-4
-21
11
-28
-15
5
-22
-12
-9
-19
-9
-44
-30
-19
-35
-24
-25
-40
-23
-28
-3
4
-27
-4
-9
-27
-17
-33
-9
-16
-7
-34
-21
-10
-19
1
-17
-27
-29
-43
-24
-40
-36
-24
-39
-18
-27
1
-10
-31
11
13
-13
-41
-9
-6
-32
-21
-41
-9
-15
2
8
-5
-13
-12
-38
-21
-40
-19
-6
-34
-17
-29
-29
-24
-20
-21
-10
-6
-7
-33
-17
-15
-21
-22
-37
-31
-29
-14
-28
-11
-35
-16
-30
-17
-16
-12
-6
-25
-10
-27
-45
-32
-13
8
-22
-23
-9
-33
-23
-32
-20
-49
-41
-44
-5
-11
-44
15
-24
13
-35
-44
-17
-4
-32
-34
-24
-11
5
-38
-32
-19
-22
-13
29
-17
-27
-34
25
-35
8
-13
-19
-24
-26
-24
-6
7
-17
-2
-28
-35
17
-33
-28
-11
-24
-18
-21
-19
-28
-30
-26
1
-7
-40
-10
-39
-10
-10
-32
-16
-26
-39
-22
-34
-23
-30
-33
-21
-20
-10
-9
-28
-33
-7
0
-5
-12
-31
-37
-30
-9
-23
-36
-27
-23
-6
45
-4
16
-42
-13
-33
-28
-25
-21
-22
2
0
-44
9
-24
-1
-26
-12
-18
-29
-17
-25
-13
-15
-39
-28
5
-4
-21
-20
-17
-42
2
-29
-18
-14
-25
-23
-18
-24
-20
-28
-40
-27
-20
-35
-12
-13
-23
-9
-15
-11
-14
-6
-14
-15
-19
2
-32
-28
-22
-21
-23
-10
45
-12
-8
-53
-27
-27
-31
-32
-23
-44
2
-19
-6
-10
-15
-33
-8
-2
-27
-24
-31
-9
-11
3
3
-19
-30
-15
-19
-28
-34
-22
-26
-41
-23
-49
-9
-16
-12
-22
-20
-3
9
-18
-10
-30
-8
-40
-28
2
-16
-16
-29
-25
-8
-2
-12
3
-14
12
-23
15
-16
-20
-23
-25
-30
-13
-20
-18
-28
-21
-21
-7
-36
-27
-8
-19
-29
-26
-1
-30
-18
0
-5
-27
-13
-16
-15
-11
45
-46
-7
-30
5
-37
-13
-16
-22
-4
-58
-28
-14
0
-28
-16
-13
-13
-12
4
-39
-14
-6
-16
-21
-9
-19
-15
-16
-9
-33
-46
10
-30
-28
-18
-21
-3
-19
-24
-37
-32
-27
-34
-22
-23
-26
-12
-30
-45
-19
-4
-4
-31
-7
-39
-22
-24
-41
-12
-39
-36
-31
-41
-16
-21
-22
-30
0
-34
-24
-18
-6
-9
-32
-21
-28
-36
-35
-30
-17
-10
9
-13
-22
-23
7
-27
2
-27
-1
-6
-8
-23
-26
-27
-30
-31
-13
-16
-20
-7
-18
-3
11
-29
-15
-36
-3
-22
7
-32
-16
-19
-30
-24
-22
-33
-24
-15
-16
-30
-24
-27
-26
-16
-28
-28
3
-25
-19
-10
-8
-7
-13
-28
-37
-43
-5
-36
-8
-15
-32
-20
1
-37
-26
-27
-2
-15
-28
-9
-16
-19
-9
-2
-18
-19
-18
-20
-34
-50
-10
-7
-21
-14
-6
-31
-17
-26
-15
-17
-28
-1
-20
-28
-27
-43
-24
-28
-28
-11
-21
-10
-11
-33
-10
-28
-29
-16
-15
25
-11
-27
-29
-46
-46
-24
-55
2
-6
-20
-13
-8
-27
-11
-15
0
-27
-11
-5
-39
-21
-21
-9
-23
-13
-7
-23
12
-15
-30
-41
-28
-11
-23
-9
-25
-24
-45
-5
-10
-37
1
-22
-9
-13
8
-43
-29
-12
-22
-36
-37
-30
-6
-11
-16
-10
-23
-30
-16
-3
-13
21
9
-34
-5
-34
-36
-4
-19
0
-28
-34
-47
-11
-20
38
11
15
-29
-5
-23
-12
-20
-7
-25
-4
0
-19
-18
-2
-7
-46
-25
-36
-31
-8
-11
-23
-22
-21
-42
-21
-16
-24
-20
-10
-6
-7
-17
-3
-13
-24
-18
-5
-27
-36
-28
-11
-9
-17
-29
-24
-44
-17
-3
-24
15
-13
-6
0
-30
-15
0
-27
-13
1
-30
6
-35
-15
-13
-35
-30
-34
-25
-35
-11
-27
-14
-9
-26
-28
-14
-23
-8
-29
-10
-18
-23
-15
-26
-40
-26
-22
-32
-20
-29
-30
-20
-14
2
-30
-15
-27
-9
-16
-13
-18
-25
-28
-23
0
-13
-38
-13
-17
-35
-35
-24
-26
-6
-39
-27
38
-15
-46
-14
1
13
14
-20
-16
-18
-14
-29
-23
-18
-34
-21
10
-30
-14
-5
5
-11
-20
-25
-33
-33
-21
-22
-15
-21
-16
-12
-10
-28
-35
-11
-10
-24
-22
-29
-7
-7
-12
6
5
-30
-21
-34
-21
-27
-28
-21
-5
-16
-38
-49
-46
-23
-32
-27
-21
10
-6
-10
-17
-37
-18
-8
-7
-10
-19
-19
-25
5
-11
-36
-2
-17
-31
-25
-15
-9
-23
-12
1
-25
-19
-11
-4
38
-18
-28
-11
6
-14
-31
-21
-10
7
-35
-41
-12
-17
-27
-25
-24
-20
-21
-31
-3
-37
-28
-17
-33
-15
-35
-20
-24
-12
-30
-2
-13
-21
-28
-9
-21
-18
-13
0
-23
-8
-21
-29
-28
-19
-49
-24
4
-26
-14
-14
-6
11
-6
-37
11
-14
-39
-33
-12
-5
-19
-32
-3
-31
-38
-23
-13
-30
-17
-7
-3
-24
-3
-22
-28
-12
-18
-15
-29
-23
-4
-23
6
-25
-43
-23
-2
-46
-39
-16
-20
-7
-24
-23
-7
-23
-34
-31
-4
3
-12
-34
-15
-21
-27
-19
-14
17
25
-4
-5
-25
-19
-19
-18
-25
-18
-29
-25
-11
-15
-3
-2
-4
-9
-26
-1
-24
-32
-16
-15
3
-3
-5
-32
-42
-10
-23
-19
-26
-6
-32
-9
-46
-42
-15
-20
-15
-21
-24
-26
-9
-32
-26
-8
1
-20
-4
-11
-11
-12
-30
-13
-23
-17
-16
-34
17
-8
0
-6
-13
-24
8
-9
-7
-41
-5
-21
-40
1
13
-8
-28
-30
-13
-46
0
-25
-17
-16
-20
-15
-38
-9
9
20
-3
-48
-10
-11
-16
-25
-8
9
-26
-23
29
-10
-21
-21
-22
-2
-27
-2
-6
-4
-2
-21
34
-5
-32
23
-23
-10
-5
-9
0
-32
-27
-2
-10
0
-15
24
-28
-17
-14
-24
-12
0
-24
-23
-5
15
-37
-2
-28
-15
-13
-4
-32
11
-21
-11
-21
-5
-26
-16
-31
-3
-38
-4
33
-18
-30
-23
-24
-11
42
-14
-21
-11
-25
49
-26
-14
-30
10
-1
-24
-12
8
2
11
6
-29
-13
-21
-5
-23
-28
-8
-37
42
-9
-13
-14
-7
-18
12
-18
-10
-47
5
-37
-23
-14
-13
-19
-4
-21
-27
42
-18
-8
-2
8
-18
-24
-28
-24
-23
10
-47
-37
-15
-30
-37
-19
-8
-33
-37
-17
-45
-20
-18
-13
-9
-17
-26
-23
-19
3
-20
-24
-26
21
-33
18
3
-8
-10
-29
-17
-25
-20
-4
0
-7
-16
46
-12
-31
-21
-24
-18
-18
8
-2
-24
-16
-13
-8
-11
