-59
-32
-55
-76
-10
-30
-9
-16
-85
-31
-26
-38
-47
-72
-52
-75
-31
-61
-65
-45
-51
-57
-68
-70
-61
-57
-51
-66
-72
-59
-35
-82
-34
-66
-67
-51
-59
-53
-50
-68
-47
-72
-53
0
-58
-26
-32
-38
-27
-76
-56
0
-67
-39
-70
-38
-37
-59
-45
-54
-60
-36
-33
-77
-68
-43
-65
-51
-68
-74
-84
-64
-66
-73
-66
-64
-34
-68
-69
-57
-76
-85
-60
-50
-58
-51
-49
-56
-74
-68
-50
-73
-71
-80
-66
-62
-69
-76
-58
-75
-72
-54
-78
-66
-63
-81
-86
-67
-63
-52
-86
-55
-88
-85
-78
-66
-66
-73
-65
-85
-48
-78
-66
-67
-77
-56
-83
-72
-68
-62
-73
-83
-52
-61
-80
-70
-84
-51
-64
-69
-68
-74
-73
-68
-67
-43
-63
-68
-82
-83
-62
-85
-57
-64
-63
-92
-79
-86
-66
-63
-75
-72
-71
-70
-57
-48
-82
-87
-70
-70
-69
-52
-62
-57
-53
-79
-64
-69
-78
-67
-55
-79
-79
-73
-65
-65
-65
-75
-80
-71
-71
-81
-57
-61
-67
-56
-61
-74
-74
-63
-64
-77
-64
-62
-71
-59
-65
-66
-83
-84
-77
-72
-67
-72
-71
-54
-66
-61
-74
-23
-66
-80
-78
-37
-26
-69
-71
-56
-74
-72
-63
-68
-74
-75
-54
-63
-64
-56
-73
-68
-76
-62
-72
-71
-59
-76
-60
-70
-82
-50
-47
-67
-38
-75
-4
-62
-34
-18
-23
-33
-66
-50
-26
-6
-55
-61
-52
-87
-60
-52
-71
-45
-4
3
-60
-68
-30
-54
-64
-67
0
-17
-36
-57
-71
-58
-55
-38
-54
-28
-27
-81
-35
-39
-42
-56
-46
-38
-50
-58
-52
-37
-57
-64
-51
-48
-66
-59
-65
-55
-60
-66
-33
-49
-23
-81
-52
-45
-57
-67
-34
-16
-46
-48
-16
-41
-37
-14
-27
-37
-10
-25
-29
-24
-39
-39
-20
-18
-26
-32
-69
-29
-16
-23
-60
-29
-2
-66
-36
-31
-80
-26
-73
-71
-81
-52
-67
-76
-53
-81
-62
-82
-85
-29
-38
-58
-45
-44
-32
-36
-64
-76
-65
-54
-47
-41
-39
-39
-35
-54
-45
-40
-68
-62
-59
-66
-31
-38
-33
-41
-60
-27
-66
-23
-34
-46
-43
-31
-61
-63
-21
-22
-48
-49
-45
-49
-57
-53
-32
-34
-72
-33
-69
-56
-39
-46
-65
-43
-71
-29
-56
-56
-58
-57
-15
-61
-76
-32
14
-30
-60
-51
-46
-62
17
-36
6
-18
-24
-43
-11
-8
-33
-38
-43
-4
-45
-29
-50
-20
12
-11
-10
-38
2
-32
-30
-4
37
-34
-2
-11
-31
-29
-49
-33
-1
-14
-34
11
6
-13
-5
-27
23
11
-13
-22
-17
-30
5
-38
-13
16
21
54
51
16
4
22
36
-6
30
11
-5
3
-24
15
45
-10
6
-10
-24
-15
-13
-27
-27
29
-4
-5
-30
-5
1
-4
-41
26
-30
-9
-38
-14
-45
-22
10
-31
-7
-33
-2
34
2
-3
-12
-4
-18
-18
-1
-11
-28
38
39
-5
51
77
21
-35
96
44
-1
41
11
37
-21
56
14
-4
28
42
48
25
16
-15
-29
1
48
6
58
80
-2
-26
107
28
0
90
50
-1
-35
-32
53
46
27
-35
30
9
27
29
-23
-12
15
25
56
14
8
2
6
-6
41
49
-1
8
-3
199
48
0
60
11
23
-4
19
-27
21
24
65
-4
39
43
78
-8
76
-1
50
-2
-25
27
61
81
0
-27
59
63
16
-5
58
62
55
60
-15
-25
70
-4
5
-11
18
28
13
7
41
32
38
81
-10
2
-6
42
67
48
52
82
-14
-10
62
4
83
44
58
95
38
56
78
45
95
50
11
92
-23
34
-6
42
55
46
18
77
46
22
62
28
69
53
-14
36
34
68
38
111
-32
15
50
35
-4
-9
81
80
62
43
-6
-36
96
-32
63
67
-2
62
61
44
78
60
34
47
75
53
49
85
36
5
50
56
-4
37
82
40
33
56
81
34
88
64
44
45
37
54
41
87
57
86
56
20
53
42
41
23
49
42
57
54
25
31
-17
15
48
58
17
47
63
40
56
51
26
26
53
63
53
59
32
33
56
43
33
37
4
41
33
14
40
47
42
33
41
49
47
53
61
38
56
77
50
53
47
84
45
42
22
32
33
-21
-11
38
42
-6
9
20
2
1
34
33
33
51
21
34
6
21
30
16
36
12
-3
28
3
43
30
65
42
28
14
47
19
68
24
59
52
26
23
62
34
62
36
48
55
-29
74
53
36
33
43
84
17
73
13
51
18
26
20
64
69
33
28
37
53
73
68
11
6
47
13
29
33
42
3
10
14
17
31
25
20
18
45
2
27
23
5
-7
16
3
10
25
13
38
16
21
14
29
24
8
10
-9
-1
1
9
-12
-10
2
12
18
-51
-16
17
8
-1
-6
21
-3
0
-7
6
13
-1
-3
7
-23
-9
-20
-9
2
5
11
-9
0
-20
27
7
1
10
-10
-8
9
5
-5
-7
5
-4
0
-12
-13
-11
-12
18
-5
6
-1
14
10
4
-8
8
-8
12
-9
-12
-11
26
-7
-29
0
3
-5
0
15
12
-1
-19
3
2
-13
-13
-19
-7
1
8
-24
3
13
35
44
-31
9
29
-13
-19
-2
39
-2
-28
2
-26
-8
-16
-7
31
-25
-21
-18
3
-14
-4
30
-12
-21
-30
-22
23
29
-26
-15
-31
-12
19
-10
22
48
-14
18
-36
30
35
23
-17
34
19
-4
-28
23
-16
-12
-8
-23
-38
-2
-36
-12
-7
-1
8
-18
14
33
-16
5
-24
1
-18
-16
10
-10
14
-6
12
8
-8
38
30
-12
-13
14
-17
9
-29
-9
-1
-5
7
-10
-6
-24
-12
-13
20
-38
0
29
-16
3
-27
18
-2
44
49
32
39
37
6
35
6
-15
3
35
-4
-15
17
20
23
16
-12
-7
18
-10
9
-2
15
11
29
-1
13
-8
-23
1
-5
14
-15
5
8
-3
-44
-2
-20
2
22
6
-6
14
-4
11
8
-18
-8
-10
-2
3
-8
-7
4
52
50
25
84
78
29
1
76
59
57
57
24
-43
-5
-20
17
-23
-18
47
69
-11
-33
-21
-7
-39
-19
-21
-23
-11
-34
10
47
-3
14
-54
-56
46
56
39
-17
-41
-11
49
-36
61
67
8
75
-20
5
-26
-14
-11
-7
-14
-24
-16
34
-20
-5
-11
1
-26
-28
-13
-25
-37
-32
-20
-30
-13
-18
-26
-14
-27
-12
-29
-16
-18
-29
-22
-13
-13
-29
-18
-22
10
-3
-24
-19
-27
-6
2
-27
-28
-14
-36
-17
-1
-30
-29
-24
-16
-22
-13
-10
2
-39
-31
-21
-17
-6
-14
-17
-16
-8
-30
-23
1
-32
-26
2
-14
-15
-40
-13
-31
-17
-13
-3
-23
-15
41
27
-6
-21
-8
-29
-25
-20
-26
-31
-17
-24
-20
-5
-5
-21
-6
-6
-30
-8
-18
-23
-28
-25
-19
-19
-40
-21
-10
-18
-27
-19
-22
-24
-18
-20
-33
-17
-14
-26
-19
9
-30
-26
-22
-22
-36
-23
-12
-6
-5
-15
-16
-1
2
-22
-21
-6
-15
2
-21
14
-21
-19
-26
-10
-27
-11
8
-14
-13
-15
-20
-8
7
-26
-16
-10
-34
-1
-15
-23
-32
-13
-24
-3
6
-33
3
-11
21
-18
14
-25
-33
-16
29
-2
-4
-10
-17
3
-7
-23
-13
-16
-31
-8
-44
-10
-34
-32
-21
-32
-33
-25
0
-2
-9
-5
-36
-7
-15
-13
-15
19
-6
-29
-12
19
-28
-26
5
3
-13
-14
-14
-15
11
22
-10
-16
-17
-21
-24
-5
2
-16
-5
-1
-28
-6
3
2
-19
-15
0
-3
37
19
5
14
-6
25
-13
27
-8
22
21
-7
-12
-8
10
7
1
3
-4
-3
-11
58
-19
3
4
29
1
-6
24
13
5
-1
-3
-13
-2
13
5
1
-14
6
-9
15
5
13
-16
16
11
12
11
2
-3
-8
0
9
-6
19
29
8
-3
8
-6
13
-2
0
-2
-8
5
15
16
2
-5
0
-16
-1
-17
-2
-13
-2
21
10
-10
0
-1
-1
-5
-1
-10
-28
5
7
74
-1
0
-7
-25
4
5
-5
-8
-13
-16
-9
-25
-6
-15
-23
-30
-9
-23
-22
-27
-11
-12
-18
-22
-23
-5
-16
-16
-20
-18
-1
-22
-27
-8
33
-31
-15
-27
-5
-5
81
79
35
-17
0
9
-17
-8
-17
-14
-15
78
-17
54
-6
-21
-17
-4
-20
-36
-24
-12
-14
4
-18
-10
7
37
-27
49
12
-16
-10
8
-14
48
-19
-16
34
-16
-18
49
35
64
41
74
88
50
77
40
89
72
76
12
0
90
106
69
31
52
-28
8
22
72
-12
-27
-12
-17
-11
-22
3
-11
7
57
52
-22
89
17
153
72
102
99
63
14
46
137
9
-12
-5
32
32
-41
35
-30
-5
6
86
-8
107
-20
-28
-35
-66
27
-45
-21
-1
11
-3
12
-2
12
0
-7
-28
-11
-21
-31
-12
-12
-4
-12
-23
-21
-17
3
14
-23
84
-28
-22
6
19
28
-13
-5
-23
-20
24
66
-11
10
24
26
46
31
66
157
40
94
104
63
79
80
-44
-32
-14
11
-7
-14
10
-14
75
48
-31
34
33
27
97
107
40
99
7
56
64
75
40
66
8
7
88
120
114
57
81
88
60
61
38
90
100
67
84
78
78
106
52
9
12
68
31
80
82
61
39
57
49
31
65
74
38
1
75
34
29
13
37
55
57
96
86
41
60
76
92
130
-3
35
103
87
46
51
-3
-10
57
82
29
17
75
-23
96
57
106
52
37
59
60
28
19
44
96
23
50
133
31
41
50
84
20
56
65
51
70
115
78
28
111
51
81
80
-24
-29
37
67
58
54
73
-16
-4
20
40
21
37
62
20
30
66
47
36
20
13
69
23
7
23
36
50
76
88
70
64
29
54
76
30
54
120
32
141
88
92
103
142
102
132
126
108
87
101
41
75
81
123
138
40
56
131
105
74
114
63
85
47
84
132
123
67
67
102
96
35
127
44
107
123
102
76
113
98
34
64
10
1
15
22
22
26
22
3
21
55
34
24
15
49
16
68
26
24
-4
42
5
58
47
24
81
64
10
23
14
28
33
68
8
39
41
56
50
70
12
30
56
59
69
70
90
40
50
43
104
61
36
75
94
40
108
31
