-55
-22
-78
-59
-37
-42
-53
-64
-28
-64
-74
-44
-49
-63
-37
-56
-77
-66
-66
-87
-58
-67
-71
-49
-48
-57
-67
-52
-66
-61
-62
-51
-43
-43
-58
-75
-47
-25
-49
-39
-23
-33
36
-1
6
0
-25
13
24
25
6
-15
-32
-18
-16
-73
4
-34
-25
-22
-68
-51
-9
14
-22
-39
-9
-43
-17
-25
6
13
-11
-10
-2
-59
-61
-50
-85
-62
-57
-53
-77
-69
-73
-74
-71
-75
-54
-80
-76
-81
-49
-70
-80
-70
-73
-79
-45
-61
-73
-65
-73
-76
-87
-79
-83
-72
-88
-78
-66
-87
-84
-83
-78
-90
-84
-89
-82
-80
-90
-86
-56
-81
-86
-77
-66
-57
-80
-51
-49
-78
-59
-57
-55
-51
-90
-70
-69
-47
-42
-40
-59
-64
-74
-71
-44
-71
-74
-52
-45
-30
-37
-29
-43
-37
-29
-44
-62
-58
-52
-55
-44
-40
-30
-7
-15
-18
-14
-53
-33
-20
-19
-18
1
3
-69
6
-9
-23
-28
-21
-35
-24
-40
-25
-31
-22
-30
-58
-39
-32
-36
-46
-24
-76
-70
-62
-58
-60
-39
-33
-48
-22
-67
-51
9
-7
2
-40
-28
-81
-82
-79
-48
-93
-42
-56
-76
-55
-46
-74
-77
-77
-76
-42
-54
-91
-53
-15
-38
-26
-60
-69
-67
-32
-24
-46
-45
-33
-13
-46
-30
-29
-36
-22
-73
-70
19
-60
-33
-61
-54
-80
-82
-48
-69
-53
-16
-54
-69
-70
-62
-33
-49
-73
-64
-46
-45
11
-69
-49
-23
-18
30
8
-17
-29
-10
-39
15
-9
4
-7
-63
-18
-26
-47
-54
-4
-71
-2
-35
-29
-35
-50
-62
-53
-17
-5
-31
-62
-33
-65
-34
-68
-59
-62
-36
-47
-7
-23
-20
-30
-7
3
-20
5
-14
-39
-25
-41
-26
-30
-8
-39
-20
-13
-44
-41
-33
-38
-16
-54
-10
-26
-13
-64
36
20
-9
-14
-63
-53
-31
-6
-6
-31
10
-23
-47
-52
10
-33
-9
-34
-27
-50
-28
-47
-33
-29
-12
-29
-27
-42
-53
-35
-13
5
-40
-41
-58
-18
-30
-24
1
-32
-34
-22
-20
-16
-47
-56
-40
-54
-38
18
-25
-41
-31
-41
-22
-16
-52
-34
-77
-20
-42
-68
-56
-29
-73
-28
-6
-56
-45
-22
-81
-47
-77
-11
-51
-27
-18
-18
-49
-20
-37
-32
-4
17
-1
-9
-41
-33
-14
-16
-27
-42
-46
-29
-23
1
-13
-16
-34
-58
9
-57
-50
-33
-39
-10
-44
-22
1
-20
-34
-6
28
24
-13
16
-7
19
-66
-15
-23
-60
-16
-53
-14
-35
-19
-24
-32
14
-12
-6
60
1
-59
-22
-30
0
-35
-11
-9
-16
-34
3
-18
-8
17
-9
-24
-57
29
9
9
-16
16
23
-4
47
-21
-5
-33
-1
-8
-13
7
17
-19
34
9
16
-2
-30
-8
-6
7
41
-20
-15
-40
-4
14
-2
-6
0
36
23
24
8
-47
-11
-10
-40
2
-6
-54
-15
-68
-12
-18
-15
13
-54
-69
-84
21
-62
-90
-32
-37
-7
-47
-1
-5
-6
-16
-24
-44
-41
6
-53
-54
-91
-37
-68
-17
-58
-93
-77
-40
-54
-39
-27
-11
-37
-90
-68
-60
-13
-6
-25
-23
-15
-46
-55
-45
8
-77
-3
-36
14
-50
-29
-70
-31
-52
-88
-73
-90
-73
-91
-26
-92
7
-92
-91
-17
-14
-8
-11
-35
-90
-70
-90
-47
-62
-37
17
-58
-40
-59
-64
-87
-14
-70
-24
-56
-22
-8
-29
-88
-5
-54
-75
-73
-8
-44
-57
-73
10
-38
-55
-82
2
-38
7
-48
-24
40
-6
49
31
52
42
72
25
59
17
17
0
-8
-69
-53
16
70
27
6
-25
31
66
17
58
34
29
109
87
14
45
49
29
68
15
26
72
47
88
28
30
2
33
-18
60
73
94
52
43
62
33
38
71
103
73
53
37
33
45
-10
54
42
86
41
42
64
73
69
80
107
76
34
82
18
48
74
42
64
-7
60
124
89
74
38
69
94
12
13
49
42
59
34
69
35
80
68
55
56
17
65
59
55
99
88
86
92
56
44
82
88
44
3
58
73
48
47
116
103
100
75
61
71
72
40
72
5
19
61
1
38
67
87
71
44
83
48
64
90
76
89
-9
50
0
62
119
33
65
89
87
52
61
63
34
100
104
70
43
64
29
19
69
74
83
54
57
37
52
80
70
16
58
33
48
63
52
67
17
81
101
60
39
85
63
64
92
62
19
15
-22
49
4
-1
-23
12
17
-28
11
-38
7
8
1
18
-5
22
20
-2
32
12
11
-2
-8
15
-7
46
7
-10
-10
-12
-8
3
-11
5
35
36
10
28
-18
30
6
2
-9
-12
60
-8
5
-1
-11
25
-16
6
25
12
-26
15
7
14
-5
20
-39
-7
23
6
-17
5
8
29
6
-3
4
-7
-3
3
-3
6
-5
55
-2
-3
16
52
-16
-10
-20
39
-22
33
-18
-10
17
38
59
12
-7
0
-33
23
13
18
-26
18
-17
15
-8
22
14
3
5
3
-9
2
-16
-18
20
31
-21
36
15
2
24
-17
17
6
32
22
11
2
-8
14
-14
26
-18
43
27
-2
-18
-6
32
7
-5
-24
-23
-39
38
-2
-11
-10
11
21
-28
13
25
24
-26
-11
3
19
-25
40
29
30
12
-15
-11
13
24
19
-17
-9
-26
41
-18
19
46
65
79
13
34
35
36
33
66
8
106
42
87
48
49
51
28
77
24
78
39
81
61
65
86
54
25
21
45
54
42
59
111
63
6
55
84
38
43
59
99
74
-15
81
54
89
56
-6
-12
22
5
-1
-6
-3
-8
-4
-8
8
-9
20
-7
0
-21
-6
12
-15
-15
29
40
3
-5
-15
-7
-22
-4
-24
-10
3
-18
-7
-15
-13
11
3
15
-13
-19
-12
-8
-12
-15
5
1
-17
-16
-9
-1
-13
32
-20
0
-7
0
8
-16
-3
-14
-3
-14
-22
-17
-9
-23
-8
-1
5
-22
1
-23
-2
11
-20
-21
22
-15
-7
5
-18
-13
-17
-3
-14
-25
-20
-12
-3
-11
-13
12
-19
-8
-39
24
-12
-15
-2
-1
14
6
-11
-13
-23
-13
-16
-2
5
8
-17
-12
-13
12
18
0
-5
-10
12
-5
7
-15
11
14
-14
10
17
-20
-9
-1
0
-17
4
-13
-5
-23
-18
-19
-21
1
-16
-14
-13
5
6
-12
-11
-10
-21
0
-25
-29
0
-14
8
32
-20
-7
-30
-28
6
-21
-9
5
-33
11
-14
-23
-21
1
-17
-11
-17
-19
-15
-22
-14
-17
-12
8
-21
-1
-18
0
-24
-3
-14
-9
10
5
-17
12
20
6
-24
2
-21
-8
3
25
-6
-17
-1
-22
17
-26
-17
5
1
-17
6
-9
-17
-24
-5
-11
2
0
6
-28
-10
-4
-2
-29
0
-5
11
-16
-1
-20
0
-20
22
-24
-12
12
-22
79
-28
31
-12
0
16
3
33
-10
4
42
49
24
-29
44
22
1
23
-28
43
23
67
4
23
-2
40
64
44
36
-6
-13
4
8
-18
2
26
-23
11
14
29
11
28
-4
23
31
29
7
45
-13
-3
-21
3
27
51
37
0
3
-1
-22
-21
-15
-2
-12
1
-19
9
41
-15
-21
14
15
-6
24
-20
44
-2
-27
11
6
7
-7
-10
-18
-17
-6
14
13
29
-2
-29
-13
7
12
-15
-16
-23
-5
-17
-18
9
-17
5
27
-21
-11
-4
8
-9
26
-19
-21
3
5
6
3
-9
-27
-17
-20
-4
14
-30
-8
0
13
-25
-17
0
10
3
-17
10
-12
-1
-5
-10
-13
-16
-26
1
-17
-17
-8
29
-8
-11
-4
14
-23
15
-7
-15
-3
-17
-5
-10
-17
15
1
-13
6
-11
-14
-11
-19
7
17
-36
11
-1
-5
-9
1
-19
-9
-12
3
-14
-5
-3
2
21
-4
20
-10
-3
-2
1
106
1
29
103
43
-10
95
89
22
93
127
-13
72
82
7
63
56
42
-10
-16
72
-22
-10
3
-13
2
-17
-6
-12
-1
19
-12
36
34
-10
47
7
19
-13
-2
8
-14
43
4
-1
-3
7
-16
-17
20
40
-9
22
-12
-23
11
-2
-28
13
24
12
23
2
-9
-3
10
-12
50
28
19
15
-20
22
-14
-8
10
-20
-12
-12
-13
-20
-2
22
9
31
91
63
-5
0
45
52
-9
60
57
64
58
127
76
10
5
-1
21
17
16
44
69
51
6
23
22
55
58
70
54
63
74
103
72
70
15
-2
-14
-1
2
-7
5
-4
39
-28
-23
-12
1
-17
10
1
-1
-15
15
-20
-7
-16
33
35
-26
57
54
-5
0
-15
26
-25
1
34
15
-8
7
2
19
-10
-12
54
-18
48
103
15
42
30
48
23
17
14
-5
21
13
-10
43
26
-26
-3
9
21
-11
13
32
48
12
30
-21
-4
12
5
35
-19
29
30
16
-7
31
24
-9
3
9
19
12
7
25
6
-2
20
32
7
-9
-1
-19
17
4
-11
5
-3
-16
5
54
-15
62
40
14
53
27
1
-2
9
59
32
-19
54
17
66
48
6
77
-6
64
47
-1
30
-2
24
27
7
14
7
-10
10
-7
-7
14
18
1
1
28
9
24
2
71
49
8
7
39
23
64
15
56
102
58
52
52
65
30
6
60
10
70
40
71
34
102
73
26
71
47
9
86
116
51
-22
14
113
90
111
70
40
72
60
46
9
110
84
78
13
59
154
86
39
84
111
98
51
82
55
65
78
72
146
71
78
76
82
47
107
93
199
34
78
69
58
58
0
75
86
80
-7
10
-5
4
4
-7
7
-2
-5
-5
-8
48
-4
16
-1
-7
36
30
60
6
-5
0
4
-23
51
74
67
62
54
43
102
64
54
54
72
64
83
71
65
110
71
140
103
86
88
9
118
86
123
104
103
214
116
125
55
121
113
107
125
97
127
119
84
133
69
128
88
14
12
139
47
136
114
136
103
78
89
6
27
53
6
31
27
8
2
47
13
40
69
109
13
23
84
110
34
-17
97
69
86
97
68
28
83
26
72
69
64
47
88
101
22
40
20
69
55
125
