-61
-53
-31
-64
-67
-45
2
-23
-69
-47
-37
-71
-52
-43
-30
-38
-42
-64
-78
-30
-46
-57
-34
-22
-71
-78
-43
-66
-61
-62
-31
-42
-50
-28
-38
-38
-66
-34
-25
-40
-32
-43
-53
-52
-55
-68
-26
-5
-52
-36
-22
-61
-68
-53
-47
-57
-70
-47
-59
-48
-71
-69
-34
-42
-58
-35
-49
-39
-67
-34
-40
-40
-25
-49
-46
-34
-38
-61
-55
-39
-83
-35
28
-56
-47
-68
-53
-33
-5
-58
-23
-45
-26
-31
-46
-29
-47
-38
-43
-57
-58
-36
-40
-22
-13
-67
-17
-21
-35
-48
-2
-34
-19
3
-34
-42
-44
-28
-22
-43
-37
-41
-48
-59
-4
-35
-34
-34
-25
-21
-23
-42
-53
-3
-34
-53
-46
-65
-53
-34
-39
-14
-24
6
-59
12
-11
-3
-17
-61
-18
-58
17
-24
-22
-23
-24
-36
-20
-18
-21
-36
-21
-52
-38
-16
-46
-25
-53
-9
-19
-36
-15
-44
-51
-15
-29
-60
-55
6
-10
-22
-47
2
-49
-46
-7
-12
-2
71
4
-35
-18
-35
5
-15
-37
-7
-38
-33
-21
-46
-14
-13
-13
-20
-21
-14
-63
12
10
5
-23
5
6
-14
-20
-56
-19
0
31
-23
-11
-23
-2
-75
-14
-1
-27
-54
-16
0
-20
-29
-34
-7
2
35
-45
-38
-1
-5
9
9
15
-29
-27
-28
-11
-13
-42
-16
-5
6
-10
10
-31
15
-30
-45
-25
-40
-10
-21
-40
-13
43
17
-48
29
21
-33
5
7
-15
-21
17
-35
14
-18
25
4
-21
25
-8
-23
10
4
21
-38
0
-1
-12
0
-44
-27
23
12
1
21
18
14
10
-2
8
-3
18
25
-2
7
-48
-18
-34
-7
68
13
-23
0
-6
-57
-18
-16
43
23
-29
-43
10
20
7
-22
-3
-7
-39
-5
45
-5
-10
-8
-24
-44
6
0
-18
11
-62
-21
6
-19
13
-40
27
-33
36
10
0
11
9
36
-15
-26
-45
7
7
-8
11
-28
-38
6
7
8
9
1
-8
-4
-5
-18
-16
-30
29
-10
38
14
-3
72
5
23
28
-8
-2
-7
41
-18
-10
41
-18
29
-34
24
-2
-2
6
25
35
38
76
3
-3
3
37
35
28
-12
73
32
38
40
-21
39
0
-25
-21
-18
67
10
17
-2
25
-16
-22
31
44
37
-3
9
26
37
24
25
29
34
-21
26
4
6
13
29
25
57
10
24
15
42
-20
-16
35
-14
-32
27
23
25
3
50
4
-18
-2
-15
-37
7
25
10
7
-4
36
12
45
59
4
53
14
72
9
27
14
35
43
-16
68
58
17
8
23
64
30
44
3
25
-8
20
1
30
69
3
-1
28
24
3
-15
11
67
18
13
-6
-17
-7
4
63
5
53
-3
91
-10
39
5
-27
-42
32
47
29
43
40
6
-29
-11
16
73
43
41
3
4
-1
33
0
-30
15
33
52
5
-23
16
50
70
12
20
25
-18
-7
54
7
39
23
6
35
10
-15
93
60
-6
25
38
1
32
77
24
28
29
42
50
21
54
37
33
-12
5
80
14
25
17
19
5
40
44
-11
6
-15
76
60
13
67
33
52
45
44
63
17
6
40
58
19
-51
65
-11
0
84
4
25
-25
43
66
66
6
-8
-1
50
47
47
4
49
28
12
-1
33
77
72
38
53
-2
9
8
88
45
13
44
12
1
-7
35
34
38
89
22
47
-5
-18
82
61
37
7
21
-14
6
21
25
49
34
54
28
-10
47
74
-14
44
32
18
47
72
67
44
68
43
27
60
-23
10
-3
32
22
34
54
4
61
7
48
43
12
12
43
30
66
23
69
24
101
-10
16
-1
19
97
43
16
7
50
16
-6
18
7
27
30
63
43
0
49
21
-43
28
25
27
11
32
-13
-17
-10
20
57
34
15
-6
-1
52
24
33
26
33
42
90
47
62
48
3
28
25
18
26
21
65
60
18
78
0
45
23
65
35
49
29
44
17
41
-1
-5
71
11
56
54
12
34
73
13
12
19
22
23
41
44
-6
76
0
34
51
71
21
2
38
-5
83
61
-40
69
77
-13
1
19
42
-5
34
59
32
22
32
19
0
60
23
1
22
59
46
29
1
-4
20
6
17
8
29
8
51
20
69
101
35
56
9
34
13
74
76
27
33
65
-10
52
42
14
20
94
-15
59
29
57
20
106
79
111
30
32
28
90
29
15
32
74
36
-48
19
32
56
16
38
21
33
70
80
51
51
34
21
31
76
-16
69
-4
40
29
65
50
66
47
76
97
43
-34
37
57
82
-9
34
64
-9
90
6
69
25
110
77
82
54
6
19
83
56
67
87
-10
-5
71
35
-25
40
70
87
20
42
17
24
36
32
57
8
13
84
-3
38
27
-45
25
20
35
83
69
91
105
35
15
44
6
14
-19
63
40
-24
15
61
19
30
-6
31
49
29
28
111
49
23
6
56
19
55
53
42
2
26
39
8
44
9
89
28
4
40
4
-35
64
36
76
20
-5
40
19
45
97
76
34
12
31
57
64
43
65
23
59
61
43
55
11
5
-1
15
22
31
22
62
18
62
45
58
11
-2
9
6
36
121
17
102
80
71
93
34
63
30
42
63
34
39
30
-13
14
77
114
67
11
-9
72
55
78
43
39
36
51
50
59
37
4
25
22
53
29
26
68
72
37
84
67
84
46
125
-2
20
40
42
31
74
24
61
-21
50
113
41
21
74
34
24
60
5
43
78
22
12
-9
41
82
72
8
46
-16
18
-5
16
54
67
-2
54
-27
-1
74
82
-8
62
6
60
12
4
-25
2
50
49
36
71
35
117
-15
63
66
22
94
58
68
72
42
-8
63
33
13
26
57
68
47
75
27
55
66
43
7
15
38
70
82
52
25
91
33
54
88
33
-12
-6
28
77
40
71
9
-2
11
53
66
-5
-16
83
44
31
-2
-2
22
12
26
68
67
64
79
78
29
57
13
44
-2
58
47
-7
46
34
39
23
128
25
19
16
88
31
44
32
40
85
53
40
22
26
23
19
51
8
32
81
23
83
48
42
55
-14
17
35
40
43
47
-4
53
30
-19
44
12
66
-13
55
94
14
13
60
17
36
26
0
99
40
72
55
29
90
72
42
56
28
-2
11
2
26
1
36
54
72
-12
19
54
37
16
23
24
49
56
33
64
83
75
48
35
104
44
34
55
41
22
12
117
-3
27
2
-8
40
-8
108
51
95
60
6
45
84
74
51
96
-6
66
-36
16
100
75
-20
90
6
-1
6
-13
24
23
19
31
88
60
101
61
26
22
46
-11
7
19
47
43
11
-18
2
57
46
81
-2
17
42
22
-14
73
47
10
-1
25
32
44
7
73
6
49
1
64
50
50
45
18
53
22
63
51
44
36
53
95
41
14
-18
94
75
72
18
19
88
77
4
40
86
83
116
89
49
3
22
56
109
44
40
70
51
68
39
73
-9
93
-6
51
87
68
113
94
71
66
22
6
94
12
63
59
59
52
27
8
48
27
91
88
30
29
94
2
55
62
77
47
46
87
58
43
34
30
42
-3
62
38
44
72
21
37
-7
62
9
52
34
10
-14
20
43
-26
63
28
131
34
16
5
38
60
34
46
28
26
33
70
57
3
12
227
35
45
60
0
107
43
27
18
-1
49
197
28
37
59
60
71
42
-2
75
77
66
23
34
52
69
6
84
31
7
52
43
1
29
46
39
135
69
77
31
2
33
134
29
61
68
53
36
23
49
41
39
46
25
30
52
28
30
37
23
60
38
78
35
29
25
51
57
55
-1
73
41
39
3
9
70
27
65
51
54
84
-4
48
47
35
69
83
24
34
50
55
1
28
17
38
25
23
37
49
78
84
68
43
80
72
19
3
46
74
-16
71
11
20
51
46
7
41
47
28
19
67
82
65
42
95
33
47
62
48
20
30
37
40
23
37
34
57
35
19
57
44
41
26
44
27
84
8
48
98
64
49
38
95
38
81
56
53
-8
106
36
3
45
97
102
90
62
75
4
59
11
135
22
98
12
97
45
81
82
77
27
30
42
53
47
34
45
67
6
46
22
78
128
68
102
41
77
62
39
65
40
65
44
79
23
45
36
16
31
78
99
9
30
17
35
99
43
57
85
67
78
45
9
94
58
95
88
49
110
-10
51
39
59
54
8
50
82
75
-9
91
65
46
83
23
73
91
11
85
54
30
80
74
42
49
24
50
60
38
56
69
-15
155
-13
75
43
59
66
96
33
22
36
87
107
8
14
78
10
83
55
24
-5
59
50
90
41
64
4
87
118
53
30
36
29
66
76
93
60
-13
43
69
46
96
58
68
64
31
85
14
72
67
26
38
63
67
93
9
1
60
98
28
46
33
48
31
33
44
71
60
61
104
111
75
58
96
45
56
-13
48
28
28
12
41
24
57
107
78
22
100
32
103
78
63
79
-5
27
78
66
19
22
59
46
62
115
85
132
2
0
62
77
11
10
97
32
16
46
-5
73
119
43
97
7
80
110
96
37
41
70
64
53
48
79
108
69
68
44
74
41
95
40
-1
76
65
58
51
16
58
32
20
59
47
86
66
3
87
75
25
60
42
45
50
66
124
28
37
42
108
81
54
98
3
60
101
87
50
36
34
113
38
60
32
66
69
24
70
67
97
49
26
111
35
41
102
48
94
-8
63
66
88
3
35
87
56
42
20
74
86
29
27
22
3
31
71
128
7
36
91
50
38
76
38
37
55
55
64
11
91
-21
86
68
35
58
80
78
80
61
6
65
79
97
33
37
44
88
27
117
74
123
26
41
86
36
90
86
60
42
57
12
111
26
38
57
118
79
18
45
76
80
42
62
59
90
62
24
7
46
56
70
93
64
44
69
37
56
82
67
58
14
34
67
53
61
62
-3
73
37
1
60
51
28
12
60
124
25
12
84
33
40
68
47
-21
41
48
-13
58
72
93
53
47
113
112
33
10
24
95
31
-39
63
77
-29
94
35
32
34
69
55
12
48
98
38
106
57
83
71
24
0
91
110
49
10
59
39
30
75
10
36
91
20
39
-18
70
49
38
118
31
52
57
5
42
50
-11
58
-6
24
64
28
46
37
52
10
79
59
15
80
32
45
30
109
37
71
67
45
60
65
82
183
65
54
73
9
25
72
40
63
89
22
15
60
67
74
70
64
75
71
98
88
80
60
25
45
86
78
62
16
40
63
39
42
-5
89
22
28
70
-2
65
43
107
97
20
0
46
30
62
37
12
59
113
44
-3
34
68
-11
27
71
24
-15
46
53
7
45
116
26
59
91
102
86
1
22
107
83
103
39
87
33
47
34
45
66
98
60
20
6
8
9
95
63
73
50
79
39
61
63
69
9
36
53
68
43
106
63
25
60
82
55
118
26
58
105
76
57
29
68
68
97
45
94
37
46
91
42
-24
33
47
86
70
81
33
36
98
73
22
61
55
71
90
41
-24
82
34
43
131
41
32
41
45
21
36
44
210
41
38
-2
42
7
97
35
82
23
50
14
113
91
-16
-11
69
28
68
-13
23
16
80
53
87
61
8
81
62
5
34
87
98
79
11
65
51
14
65
136
-7
58
68
42
57
53
6
46
71
33
128
67
67
64
31
22
46
53
70
51
51
54
99
62
56
72
85
83
127
32
46
16
47
33
97
74
119
104
47
17
39
8
30
99
83
43
119
61
57
77
33
58
86
33
52
38
33
103
-1
67
84
29
108
89
87
38
25
44
107
38
29
53
80
55
60
9
74
54
10
62
-1
75
99
84
32
89
139
73
-4
51
69
18
75
74
47
74
23
92
14
29
39
27
78
-3
33
33
26
52
68
98
49
92
27
91
19
63
72
86
35
58
39
61
21
53
24
76
33
81
61
16
-6
100
104
67
6
54
69
98
97
42
53
59
36
46
44
21
55
111
31
20
86
39
72
21
20
77
37
71
61
21
128
103
53
74
33
47
58
85
74
-15
41
50
21
97
70
81
45
62
96
19
21
75
76
23
79
46
133
99
84
53
92
99
51
26
84
77
28
37
59
52
126
-19
65
-2
34
49
78
102
93
51
109
18
63
55
78
50
93
102
34
56
45
48
57
21
78
28
43
36
112
98
97
27
52
4
-28
18
-12
88
13
80
3
81
26
54
-9
98
104
55
-7
90
32
4
22
121
40
32
31
66
117
96
-6
45
9
81
62
78
44
26
26
49
65
38
12
63
21
101
54
8
61
70
77
95
75
115
63
97
113
97
55
21
100
84
118
109
74
63
64
116
87
59
40
51
61
17
11
85
-9
8
80
24
81
16
63
79
48
20
82
75
25
40
32
83
54
20
79
89
60
124
49
111
85
94
53
27
95
106
59
97
19
13
74
39
31
45
33
72
44
63
47
87
56
27
119
21
89
32
113
112
85
103
113
47
58
97
7
20
15
5
64
87
14
102
49
74
52
-2
26
21
71
139
78
104
82
68
57
51
31
98
83
60
78
93
40
53
37
47
64
119
25
99
129
55
73
104
-1
34
69
22
49
24
56
47
79
-2
94
82
98
47
120
12
48
93
-9
102
59
118
116
114
50
1
72
78
53
56
29
45
69
58
-6
13
50
36
-2
47
75
96
64
20
83
65
28
-12
44
9
18
62
28
56
39
85
34
35
91
79
81
-7
88
72
59
61
30
-1
81
-14
94
105
71
31
95
101
114
78
46
29
78
67
-8
-19
17
38
12
37
62
70
56
53
82
52
118
29
83
137
88
66
26
38
75
31
49
68
72
28
48
20
72
89
45
-2
-10
6
112
94
81
51
85
38
116
18
58
111
41
91
88
50
32
75
61
30
95
42
86
95
95
15
44
81
100
27
36
104
66
74
97
22
33
39
61
71
29
61
57
79
106
84
-17
83
32
37
72
60
101
58
61
52
96
44
30
69
95
-3
27
57
86
57
0
66
0
72
77
59
85
74
77
21
