-43
-59
-41
-57
-56
-9
-53
-25
-67
-53
-39
-53
-55
-47
-36
-2
-54
-71
-51
-43
-32
-36
-45
-51
-68
-34
-50
-77
-26
-46
-50
-29
-9
-23
-77
-27
-26
-46
0
-57
-79
-61
-52
-60
-25
-21
-57
-34
-35
-31
-66
-67
-51
-47
-47
-36
-24
-63
-6
-34
-29
-44
-36
-52
-57
-34
-12
-49
-52
-44
-23
-44
-58
-40
-41
-12
0
-48
-37
-41
11
-53
-36
-44
-1
-58
2
-36
-23
-64
-46
-26
-45
-53
-58
-31
-40
-36
-50
-11
-52
-29
-49
-32
-13
-22
-6
-19
-2
-43
-8
-29
-24
-36
-19
2
0
-8
-12
-57
-13
-42
4
29
-38
-15
-3
-10
-14
42
-51
37
-38
-18
-16
-32
-31
-19
-2
-6
3
-40
-19
-20
-4
-25
-23
3
-18
-13
-32
-23
-20
-64
-34
0
9
-49
-7
-21
-76
-30
10
-14
13
-26
-14
-26
-52
-21
-16
-36
3
29
-8
2
22
-21
-33
2
-33
-6
-22
-10
-18
19
-23
-18
-38
10
20
-24
3
0
9
-13
-40
-35
-48
-5
36
24
1
-1
2
-13
0
22
-28
-51
-2
-39
-16
-26
34
15
-2
-39
36
6
-39
-14
16
28
-25
-1
-24
-9
-12
-10
-17
23
-28
46
32
-33
-32
-47
2
-18
-36
8
-25
88
7
21
7
-8
-21
30
50
-1
-1
-33
3
-1
4
-41
6
8
11
11
8
30
6
-17
25
-56
65
-4
12
-7
0
-20
12
43
10
10
16
4
12
52
32
-2
21
-3
71
0
27
-17
5
-16
8
39
-6
17
14
49
-12
45
10
2
25
-25
26
1
-11
43
24
-2
-27
-51
11
28
22
-6
43
-16
13
66
2
-4
18
31
52
-35
15
3
40
-12
2
32
-12
44
42
16
-10
34
37
49
-12
3
-17
0
13
50
22
-6
-23
56
24
24
-15
22
-1
11
25
-16
-19
17
-15
25
-3
36
25
29
-4
-5
17
-15
51
34
77
19
-32
0
18
22
10
9
-29
0
10
6
-22
40
30
6
28
32
0
11
-38
-34
-3
22
-3
96
82
-2
16
18
27
-22
31
-37
7
13
0
97
15
17
14
6
24
-36
-8
14
50
-4
23
3
4
5
-48
-16
47
5
0
11
-3
49
33
-26
28
51
42
-3
62
-46
-14
63
32
14
19
17
-5
22
39
44
20
74
1
29
50
35
69
48
33
-11
-6
20
-20
43
78
11
6
40
22
10
0
44
48
31
66
11
69
3
22
33
138
26
11
-1
-22
32
55
55
28
-17
-21
33
53
12
61
52
42
51
54
97
38
25
28
20
18
-3
26
47
21
69
44
25
47
6
49
75
-7
68
-1
60
77
64
38
13
24
3
34
57
-30
-46
25
0
54
45
63
57
193
-2
11
-7
53
9
21
0
19
32
29
33
7
53
40
0
35
86
21
34
18
54
-2
58
9
40
-12
64
14
1
46
31
39
8
-1
36
67
0
-28
14
-1
1
65
14
52
103
65
87
-43
-19
20
78
49
56
33
18
93
19
67
64
60
-5
49
64
118
47
14
56
8
-2
83
-11
100
32
74
28
19
53
7
52
88
-6
56
8
17
29
73
7
87
59
22
42
80
89
87
8
18
-12
65
56
30
67
12
68
6
31
24
87
36
43
9
44
62
36
72
60
43
84
70
69
78
37
43
90
37
17
70
47
-1
11
-18
16
20
15
54
-7
-7
44
36
27
58
28
5
46
48
17
56
51
73
89
96
46
29
26
46
106
31
62
37
66
-2
-13
42
44
5
8
56
60
60
71
78
16
63
130
85
57
48
71
57
67
38
12
66
36
24
25
67
21
48
75
36
97
79
53
37
105
51
10
26
44
34
19
51
-1
29
39
42
37
74
0
77
68
21
44
-3
20
52
0
65
161
52
52
51
58
67
48
54
39
94
96
87
27
16
54
86
101
83
49
32
47
53
-3
77
74
61
71
42
78
15
69
62
110
10
80
21
27
29
25
55
79
29
8
4
28
76
48
67
72
21
61
95
-14
77
73
45
0
99
38
31
58
3
76
55
19
9
93
59
30
96
62
22
74
50
77
50
55
65
-7
37
81
77
99
73
90
41
53
32
10
28
33
22
85
-18
41
11
30
57
5
40
7
19
36
66
0
42
72
-7
0
17
27
35
-4
27
62
113
85
30
93
57
2
74
73
22
12
-17
-25
24
0
19
31
35
-3
58
32
65
19
1
73
59
0
46
107
47
19
23
43
23
62
70
30
84
42
33
83
17
52
68
29
22
-10
5
69
77
43
37
28
-11
1
8
102
-3
86
0
46
40
33
-2
73
35
38
15
62
57
98
24
62
51
68
65
43
31
41
42
15
-11
20
77
77
-2
62
36
82
33
69
34
50
15
5
107
70
64
17
70
35
50
34
90
78
54
34
2
29
6
35
75
22
48
42
13
33
76
28
69
-17
-5
45
119
52
61
38
75
38
51
37
63
72
61
103
12
133
7
20
66
65
48
105
80
82
72
66
-16
52
44
59
77
13
41
83
70
45
6
8
33
27
45
99
29
95
58
41
39
33
81
9
56
68
47
45
5
97
94
4
71
47
112
66
43
59
26
15
42
-4
73
39
53
45
81
63
75
82
75
85
50
107
48
89
105
-4
29
12
52
67
92
29
80
73
97
39
70
44
38
53
65
47
128
55
48
0
18
84
57
6
47
67
27
127
28
35
82
103
56
34
65
69
23
89
83
53
17
105
38
25
59
28
46
53
50
69
24
8
68
-18
71
92
66
0
59
78
87
20
72
61
-9
26
19
31
52
99
36
42
5
0
-4
55
69
58
34
72
92
43
37
50
67
68
-9
59
61
90
102
57
20
51
70
82
49
25
21
38
15
67
54
51
28
48
83
-13
35
102
-20
49
9
78
77
-5
41
30
104
41
28
40
49
53
90
-7
107
25
98
20
64
60
41
69
60
29
-8
59
88
-13
32
94
46
75
69
84
5
51
248
77
70
-9
88
77
74
86
36
33
115
56
95
38
58
108
46
71
76
55
43
48
70
50
58
75
13
78
43
46
31
83
14
48
45
95
52
43
54
86
66
19
76
62
46
61
21
85
109
87
118
44
19
87
70
70
94
89
112
50
87
40
108
-5
54
68
29
51
36
48
103
72
65
41
92
88
88
130
83
79
22
-4
52
35
39
-9
96
73
45
106
59
26
39
82
78
97
91
61
79
-24
117
80
73
35
-29
62
35
84
40
69
8
24
47
34
39
35
75
43
50
40
69
77
50
-23
17
77
84
49
79
97
45
79
53
61
73
83
74
65
133
104
6
52
102
97
30
11
16
70
126
62
26
82
6
0
36
39
18
68
23
42
64
94
55
9
130
45
92
75
26
22
56
69
68
47
25
115
42
72
83
48
48
101
37
53
31
29
95
93
72
-2
0
52
46
43
97
94
73
72
1
53
65
47
89
103
27
87
75
97
86
68
97
43
118
100
3
25
37
84
52
51
60
58
48
77
87
53
95
40
61
57
94
54
45
131
94
86
13
76
1
-20
54
42
59
110
26
52
111
76
76
1
77
22
102
143
32
23
50
89
100
84
25
75
64
37
84
81
5
102
97
72
67
98
37
56
100
72
87
43
66
31
103
66
87
38
110
70
37
97
83
63
21
99
61
39
92
40
50
53
27
77
47
89
41
92
13
129
60
71
51
61
22
60
67
87
76
40
36
63
-23
81
16
8
0
84
62
80
111
45
78
69
97
90
67
31
50
13
87
13
61
61
92
94
62
27
31
2
78
62
76
44
53
72
21
64
63
135
41
70
116
80
52
39
27
70
23
97
44
33
6
69
33
15
25
89
42
79
46
53
-19
101
118
91
80
74
40
19
36
44
58
58
43
96
58
83
97
67
39
34
100
68
109
77
126
37
69
69
90
62
63
8
99
98
97
92
113
48
67
79
28
31
65
34
93
54
62
62
44
69
57
57
102
78
49
114
62
113
54
77
70
97
29
126
88
85
87
87
25
56
46
76
25
68
32
51
93
100
42
39
69
137
126
87
57
31
106
100
75
50
72
74
45
71
49
61
33
37
98
30
92
139
126
7
123
63
85
34
37
114
50
83
146
49
73
0
88
51
135
78
97
40
114
68
-4
73
106
81
85
20
44
10
48
20
93
110
55
79
97
28
97
64
52
62
78
71
36
90
0
64
51
69
69
31
66
56
87
52
50
121
17
123
65
99
63
40
81
40
45
93
49
53
49
67
71
92
75
36
55
71
133
75
74
87
83
84
36
105
58
15
55
36
98
102
129
74
58
78
65
23
99
142
44
36
71
24
62
98
93
77
74
42
99
65
85
97
47
97
59
93
18
130
30
72
41
98
160
85
81
75
103
66
82
30
69
70
82
94
27
31
71
34
109
-1
38
13
41
15
97
15
62
27
36
48
70
46
81
51
63
0
-15
33
110
92
8
104
104
45
83
51
88
78
43
98
85
65
57
71
72
97
67
26
77
84
47
85
66
38
110
94
88
69
66
63
34
14
19
92
107
34
64
101
63
118
23
79
9
34
0
79
35
135
97
66
41
100
80
97
77
64
26
40
102
18
23
44
56
68
82
31
113
37
80
64
92
82
108
56
98
97
100
77
41
5
72
60
113
28
44
45
68
42
102
10
55
77
132
97
75
58
98
127
27
146
62
-9
40
-2
86
74
82
36
58
41
158
63
22
55
112
120
44
5
12
15
95
22
106
121
81
65
51
0
115
50
49
122
82
71
75
111
55
33
99
58
129
55
22
44
63
56
97
116
81
155
119
17
40
11
87
34
59
80
56
109
59
61
61
103
63
100
115
67
45
47
118
110
49
99
82
49
97
112
47
57
29
99
51
71
45
42
38
60
8
83
85
55
47
30
63
71
-18
2
9
69
39
46
34
34
74
50
129
89
8
76
10
79
63
83
49
69
51
114
70
136
61
72
29
52
20
73
60
62
62
114
4
69
33
24
43
82
15
28
64
69
61
112
9
94
59
57
82
100
19
20
84
86
22
21
1
113
63
109
69
16
7
67
104
56
85
31
29
27
103
51
30
117
18
-3
62
45
74
64
46
38
64
31
69
74
40
66
79
40
62
51
83
35
70
50
34
49
36
64
22
52
73
23
16
56
92
78
22
80
87
66
62
72
22
11
74
54
36
113
79
36
66
26
71
97
25
61
63
68
86
33
84
69
51
68
76
21
39
99
82
37
93
60
42
67
79
150
79
63
29
101
80
19
71
94
92
67
85
268
85
93
104
74
150
29
76
25
107
120
103
44
119
21
85
51
106
61
52
83
63
54
84
81
44
47
92
110
83
42
36
39
65
56
102
89
36
38
48
2
96
51
23
51
39
89
71
35
58
52
31
43
28
9
87
48
22
43
66
19
65
34
9
66
78
23
27
52
55
28
78
46
55
43
7
40
52
73
66
68
30
64
38
54
89
92
26
75
75
124
8
120
48
50
78
67
52
95
11
75
64
122
87
3
28
57
80
118
100
15
48
69
106
81
37
86
41
104
114
83
36
45
44
127
28
113
93
88
100
41
56
77
58
8
84
77
66
18
76
-46
79
96
87
63
62
59
46
59
58
101
102
74
20
62
86
70
70
57
107
57
87
81
52
86
60
30
-6
1
32
54
102
46
20
55
69
102
38
-15
79
38
79
33
66
72
73
37
75
94
4
71
34
13
136
35
55
87
118
66
68
73
60
112
112
56
84
80
108
68
82
34
83
96
42
66
140
92
38
97
80
86
25
58
34
59
11
60
26
56
65
77
0
97
99
68
50
71
67
77
113
56
-5
-10
66
37
59
103
100
87
59
-7
23
77
69
45
85
20
26
15
92
72
30
35
107
117
71
34
95
79
67
72
56
93
63
83
63
46
89
91
61
117
66
53
77
31
49
16
19
91
72
79
3
78
43
115
85
51
52
31
132
104
52
81
55
54
36
25
78
58
61
96
48
83
87
51
79
52
0
137
79
94
93
86
39
48
110
36
25
94
32
136
4
72
105
42
56
56
79
35
33
85
56
57
87
74
41
23
116
61
32
60
85
56
19
75
68
63
64
81
89
92
53
28
71
-6
85
140
30
43
13
30
72
67
77
114
47
50
-9
110
78
92
86
63
38
81
31
-9
32
23
40
58
63
59
-2
68
34
26
38
77
88
95
44
12
80
6
125
91
47
56
56
71
97
76
95
83
71
65
80
48
70
108
17
73
67
82
42
21
85
25
52
105
72
88
78
72
90
41
35
96
43
-19
54
38
94
59
61
63
54
39
101
85
17
76
98
48
30
59
45
71
53
109
89
48
51
40
10
75
66
83
56
42
69
38
25
94
-8
3
-23
83
56
-19
59
82
66
75
35
18
43
65
37
77
91
46
42
119
35
58
39
9
76
61
80
78
101
41
67
72
46
63
91
12
39
15
51
22
80
9
26
60
75
35
38
45
113
36
97
60
35
17
