275
217
603
486
109
649
530
358
138
187
404
360
204
118
178
453
140
267
189
372
213
135
498
136
147
172
143
185
144
61
93
270
132
91
137
194
87
83
102
238
169
175
204
121
39
92
178
150
79
98
27
102
173
60
22
135
107
91
73
99
77
91
73
90
51
70
92
74
61
47
38
42
58
94
49
37
34
41
41
66
90
77
43
52
68
69
97
61
59
114
42
62
55
34
69
39
65
73
19
65
45
59
75
119
44
47
44
30
42
35
61
51
48
38
48
69
61
31
44
43
39
32
69
29
48
42
36
29
45
25
55
52
52
48
38
25
26
39
19
63
29
51
39
50
30
13
39
22
45
21
31
43
41
34
48
56
32
33
34
29
30
37
52
20
32
31
37
55
32
21
31
49
40
31
37
41
39
44
26
12
28
42
24
63
27
40
19
32
17
21
16
28
29
36
42
31
34
33
40
49
41
36
30
27
24
29
39
17
18
23
34
30
24
37
27
21
39
33
22
19
22
24
19
31
29
30
20
36
19
27
31
36
21
23
32
10
34
18
39
20
26
33
13
28
29
23
38
27
62
29
26
36
23
19
23
22
8
10
15
24
25
16
13
22
30
13
34
28
22
32
21
23
25
27
30
17
24
36
21
28
17
17
25
24
14
47
30
18
36
33
37
25
24
14
14
11
27
20
17
28
39
23
35
29
24
22
22
26
26
21
23
27
27
21
21
25
10
25
27
13
21
28
15
16
23
18
27
16
27
12
18
9
18
15
21
20
30
32
23
16
19
25
20
13
22
24
22
19
42
21
23
16
20
13
27
12
14
21
39
24
26
18
12
13
32
16
16
28
23
15
14
14
22
23
15
43
22
24
22
9
23
32
29
19
21
38
22
14
42
11
30
23
24
45
19
15
19
15
19
14
10
20
14
14
10
13
18
21
16
24
18
22
24
21
24
29
23
27
33
16
15
26
29
20
13
23
17
29
17
23
28
17
21
29
18
23
18
37
18
26
31
26
6
16
20
18
14
17
14
47
18
20
11
20
14
16
35
21
18
28
13
24
28
11
25
24
19
28
17
15
11
25
28
27
21
20
16
7
28
9
15
27
22
22
28
16
28
20
30
13
12
15
11
24
17
28
20
14
23
12
24
18
24
16
15
15
10
16
16
16
19
24
20
10
21
16
16
16
16
7
18
22
24
21
11
35
17
19
17
15
28
14
17
18
18
19
24
23
20
21
19
9
15
20
15
18
26
11
11
25
16
17
19
13
25
25
31
20
20
28
24
12
23
36
26
19
16
17
21
20
23
10
19
32
15
20
13
27
19
28
25
27
31
11
27
24
16
34
11
13
13
14
18
14
21
15
14
13
20
16
18
27
24
17
19
21
13
13
20
13
20
18
27
13
14
16
17
19
13
24
11
19
11
13
20
13
12
8
13
30
24
21
20
21
21
14
14
16
21
11
11
19
14
16
15
21
16
20
12
22
8
5
21
15
18
15
17
19
20
19
16
14
13
13
21
22
19
15
18
17
18
11
24
21
16
28
16
19
25
15
20
17
21
31
24
18
32
16
27
22
19
18
14
21
25
16
12
22
22
23
8
18
11
18
17
20
9
18
10
23
14
17
19
14
13
7
20
14
12
15
10
21
18
19
18
14
22
30
16
14
14
10
15
17
19
14
12
20
15
24
11
17
20
20
13
10
15
15
34
14
14
18
9
22
10
15
33
10
21
18
20
16
22
7
17
15
19
4
17
16
16
22
15
16
11
14
17
16
15
17
24
14
5
15
20
21
9
22
17
16
14
16
11
20
18
16
13
18
13
23
14
27
31
16
17
25
15
12
20
14
14
16
12
17
13
11
13
9
14
15
14
13
14
17
17
23
13
19
14
28
21
17
15
15
12
17
18
20
26
19
22
13
16
14
7
10
13
16
29
19
18
14
11
19
16
23
20
19
13
20
15
9
16
20
13
14
17
11
18
20
22
19
29
21
8
17
16
11
17
10
11
18
13
17
9
24
11
18
19
26
25
10
18
21
19
16
9
21
17
23
13
16
20
22
23
16
17
17
8
19
15
12
12
13
19
14
18
14
26
16
12
9
16
22
18
16
26
13
10
5
15
15
12
15
21
17
23
13
14
9
16
19
12
9
11
15
13
18
16
12
12
17
21
18
16
13
15
9
24
13
6
13
11
25
15
12
17
10
22
9
14
7
19
20
6
15
19
17
16
12
17
21
18
6
22
12
25
23
16
20
26
11
19
22
18
11
20
18
11
17
18
10
14
14
13
11
11
17
17
13
14
20
12
12
17
16
19
19
15
12
17
22
12
19
10
18
11
16
14
16
14
18
19
15
13
14
13
14
19
13
16
16
15
11
10
13
26
10
19
11
14
14
19
16
15
11
14
19
17
17
10
14
12
11
18
10
19
15
24
9
9
12
25
24
8
11
22
18
10
18
14
12
22
13
10
17
18
15
11
12
18
17
9
19
13
19
19
15
20
17
25
14
14
11
13
9
15
18
14
15
17
16
7
12
14
14
15
12
10
14
14
13
19
17
11
17
15
19
15
14
10
18
14
21
18
14
15
20
17
15
12
17
13
17
13
19
13
11
16
15
12
15
13
16
13
13
16
12
18
19
17
17
14
13
23
12
16
17
14
18
14
9
11
12
15
11
9
17
24
13
11
15
21
6
12
11
13
13
15
12
16
15
20
12
27
11
23
20
14
14
12
15
19
16
14
8
12
8
18
13
15
11
13
16
7
15
19
13
7
11
16
12
19
12
15
14
17
13
20
11
7
8
15
14
15
18
13
19
13
14
15
12
15
14
16
14
16
19
17
12
16
6
14
19
14
20
13
17
15
19
13
14
12
17
17
14
24
11
9
13
14
11
20
20
10
19
16
18
8
8
13
6
9
16
8
20
14
6
11
16
13
4
13
21
12
15
8
17
15
9
9
18
13
19
13
9
11
12
17
11
15
13
12
14
14
19
25
15
26
15
14
18
14
13
17
19
19
15
13
19
16
16
15
6
13
16
7
13
7
14
8
14
17
9
18
16
8
10
20
14
12
21
14
13
17
14
10
18
14
17
13
19
12
7
16
19
13
9
22
8
13
15
13
17
14
12
15
13
15
17
15
20
14
7
15
14
14
11
20
7
11
14
18
16
11
10
13
18
13
8
13
16
12
18
13
15
21
25
11
12
19
18
13
11
7
20
13
15
17
13
21
15
15
14
13
12
16
19
10
14
15
13
12
16
15
15
13
11
14
23
8
19
17
10
20
18
14
19
8
12
15
15
15
9
7
16
23
11
13
15
21
7
9
19
12
7
10
12
11
6
10
8
17
15
17
15
17
10
13
12
13
15
16
14
8
11
15
17
12
13
7
15
5
12
26
15
21
17
13
10
12
20
8
14
7
19
13
7
9
15
18
15
13
15
13
23
10
12
16
12
19
13
15
13
16
15
17
8
20
14
20
11
13
12
19
14
12
18
17
22
17
14
15
10
12
10
15
20
9
11
15
13
16
17
14
20
16
16
19
24
16
13
16
17
15
12
8
15
20
13
8
7
18
17
20
13
21
17
13
8
8
18
14
10
16
9
9
16
12
19
11
11
27
13
17
10
17
16
14
14
20
17
17
17
15
9
18
17
15
18
11
19
11
18
10
19
19
23
17
11
17
13
13
8
18
12
12
11
13
11
10
12
15
23
18
21
17
11
18
13
14
11
20
14
9
13
29
11
16
13
15
17
13
14
18
15
17
15
9
15
12
12
21
16
10
6
12
20
14
9
17
21
9
14
13
15
9
16
17
10
15
11
15
18
13
16
17
13
18
17
13
20
10
14
15
10
15
14
15
13
15
16
16
13
15
11
20
16
17
11
15
15
16
18
18
12
11
16
17
12
20
14
13
11
18
17
16
10
12
15
11
14
12
9
20
15
13
13
12
19
13
14
18
17
10
16
12
15
17
8
16
15
9
10
19
12
8
18
19
9
18
13
24
6
15
7
16
21
15
12
22
12
14
11
11
16
14
5
10
16
20
20
11
20
18
14
15
17
12
10
13
17
8
12
7
11
11
16
12
9
10
16
12
9
11
16
16
17
13
10
13
11
13
14
18
10
14
10
19
21
26
19
8
13
12
18
8
8
7
17
8
17
19
13
12
13
14
11
14
14
11
13
15
15
13
14
14
25
11
15
11
15
17
17
20
19
16
14
16
17
15
17
23
15
8
14
14
21
13
11
10
15
9
9
11
13
17
12
9
14
15
14
15
7
10
17
16
16
16
22
16
18
17
15
11
8
12
14
13
10
14
12
16
15
14
15
10
13
14
12
12
19
11
15
16
12
10
12
16
13
8
18
7
8
16
13
13
21
16
14
15
16
8
10
12
17
12
21
11
14
11
10
11
9
23
19
19
13
26
15
15
15
13
14
11
12
19
15
17
18
12
17
18
18
15
10
8
12
15
12
12
16
15
16
17
11
10
23
12
17
12
9
15
19
14
17
19
12
10
15
16
14
13
11
13
9
12
20
11
12
10
10
16
12
13
7
12
15
13
13
11
17
18
11
11
13
17
14
16
14
7
10
12
14
10
15
12
15
11
16
16
13
19
25
18
15
14
10
16
11
17
14
12
17
10
8
12
14
17
17
16
18
15
11
13
11
8
16
12
21
17
12
11
16
12
13
6
12
9
15
12
19
6
18
20
13
16
14
20
15
13
12
11
16
17
18
16
10
19
9
9
15
17
13
14
9
12
12
13
8
14
11
13
16
12
11
17
15
17
24
15
10
9
11
17
13
12
12
19
10
21
13
14
12
22
20
17
13
12
20
9
12
17
20
12
12
9
17
14
16
6
12
16
17
12
13
18
13
9
11
15
9
12
17
13
11
12
17
14
8
14
12
13
13
9
17
18
22
14
10
12
17
13
17
13
22
10
9
9
17
14
13
11
15
11
20
21
12
13
7
12
13
8
15
16
18
11
9
11
11
11
16
13
17
15
16
27
15
10
10
10
19
18
12
9
17
20
13
14
13
10
15
10
15
14
7
23
16
15
22
16
10
18
11
12
15
12
14
15
10
16
12
11
17
16
13
14
15
15
10
13
12
18
11
12
10
13
15
9
14
11
6
14
16
17
18
18
21
9
9
21
11
13
17
12
19
6
14
16
14
21
15
14
11
20
16
8
14
16
17
21
18
12
13
9
21
12
13
11
10
17
16
12
9
22
16
18
7
12
14
12
16
19
7
13
12
18
18
13
12
19
15
12
18
15
19
11
10
13
8
13
11
16
9
10
14
11
14
21
12
19
8
15
16
14
12
16
15
10
26
18
15
14
9
8
12
15
16
19
16
9
17
11
16
15
19
11
10
9
16
11
14
14
13
12
14
8
15
14
16
15
13
12
13
17
14
19
9
13
13
13
16
8
12
9
12
13
16
15
13
17
13
13
18
11
16
16
12
17
8
25
13
17
19
10
11
8
20
14
9
14
15
19
15
11
11
12
12
19
14
11
11
13
13
14
9
15
11
11
17
10
11
10
18
12
12
13
13
13
6
10
17
14
10
12
20
17
13
8
20
9
11
13
18
14
11
6
13
20
7
9
10
13
18
19
14
13
7
14
10
7
17
20
7
13
18
5
11
15
6
22
18
11
7
20
18
13
13
17
17
13
13
9
10
14
14
17
12
13
8
14
13
19
11
17
10
17
8
11
11
18
11
10
14
23
13
7
8
8
10
17
12
8
10
17
12
16
15
14
6
18
12
14
10
12
8
13
11
4
8
13
14
8
25
12
11
12
12
15
20
12
14
7
15
11
19
11
10
12
13
9
10
16
7
19
15
12
5
9
15
23
17
13
15
12
12
9
16
11
7
12
17
14
23
12
14
24
13
12
16
17
14
11
10
16
14
10
10
12
13
20
8
6
13
9
12
12
10
13
13
13
8
17
19
22
12
8
18
11
19
17
9
23
10
15
14
10
9
12
8
9
8
17
13
9
17
10
15
15
17
14
16
18
10
14
13
13
15
13
11
15
16
17
11
14
16
8
14
13
16
12
16
17
11
8
12
10
11
16
11
9
15
9
6
10
16
15
18
9
20
10
8
14
12
10
17
19
14
15
20
7
10
10
14
10
17
11
9
22
17
17
7
15
16
22
16
15
22
14
21
17
14
20
10
14
13
12
13
16
20
13
12
9
13
19
13
12
17
16
14
20
14
5
13
16
13
10
13
14
8
20
12
15
14
18
11
14
12
21
13
17
14
14
11
16
24
11
11
11
12
12
15
15
18
16
13
11
16
7
21
13
11
16
18
12
18
15
16
13
9
17
9
19
18
6
16
12
16
10
14
12
16
12
9
24
12
11
12
8
16
14
9
20
8
24
19
10
16
12
8
18
14
19
11
8
21
14
15
16
17
10
20
17
8
23
11
14
11
17
11
10
17
9
13
11
14
17
15
12
16
7
11
14
19
7
14
12
11
11
17
11
19
14
12
14
23
11
14
6
6
12
15
19
13
14
15
7
11
12
11
13
23
16
7
13
10
12
8
18
10
11
13
14
12
14
18
14
17
11
16
9
20
10
17
14
13
10
14
16
15
17
13
11
17
16
12
9
10
14
11
10
22
15
10
12
9
10
12
15
20
18
19
9
14
16
13
16
15
16
18
14
16
12
12
10
19
7
12
14
11
14
8
13
7
9
14
8
14
11
8
10
14
15
16
14
21
24
14
9
16
10
12
20
9
15
8
11
15
15
17
9
8
12
11
23
22
8
8
11
15
10
16
14
8
8
11
8
8
10
17
19
12
20
11
15
14
16
6
10
13
14
24
6
10
14
9
15
8
13
10
20
13
12
17
16
16
14
9
10
11
11
13
10
7
9
10
27
14
10
11
15
18
8
19
9
7
13
18
11
13
16
10
14
8
13
9
14
16
13
13
17
11
12
16
11
14
13
14
11
15
17
13
9
18
6
17
12
20
11
12
11
9
9
10
11
13
18
12
12
6
13
19
9
16
16
4
15
18
10
13
6
19
9
14
13
22
15
9
10
21
12
10
12
17
18
13
10
7
9
12
16
10
11
8
15
7
8
16
8
12
18
15
16
10
17
20
17
19
14
11
13
18
12
21
11
13
12
12
21
15
15
13
25
14
14
10
11
19
16
10
17
10
17
10
10
11
10
11
9
15
11
16
11
13
18
16
11
13
12
17
7
10
11
5
11
7
8
12
15
10
9
19
16
11
9
12
15
16
23
13
16
18
10
20
17
6
13
18
9
9
15
13
11
9
11
24
8
12
8
19
13
15
8
14
13
15
20
18
16
11
12
18
16
15
8
21
15
20
15
17
11
19
16
10
13
16
15
17
15
15
13
10
13
9
19
8
10
8
21
16
10
12
12
10
10
12
16
20
10
10
8
16
17
11
11
13
14
10
19
11
9
8
4
11
20
14
12
16
14
9
11
13
17
10
11
8
13
15
20
11
17
9
18
21
14
16
13
17
9
24
12
8
21
13
15
10
12
10
8
24
7
12
13
11
11
12
10
19
15
14
23
12
17
13
31
14
16
9
10
12
22
11
14
11
14
16
9
9
16
11
11
21
11
11
17
15
11
15
13
14
6
14
9
7
8
8
9
10
22
15
10
18
17
12
16
12
13
9
12
16
14
20
15
12
15
15
10
17
15
16
20
15
18
20
10
13
6
19
13
17
15
14
16
21
10
16
9
12
23
11
11
16
11
18
9
9
9
17
11
15
15
12
9
13
10
16
14
13
12
12
13
9
16
17
22
14
17
12
16
13
12
16
14
16
14
11
25
8
10
15
12
11
16
11
12
11
16
17
13
12
6
8
15
18
18
16
20
10
12
17
18
14
21
6
10
20
20
14
12
11
15
11
9
13
12
15
11
15
9
14
18
17
13
16
15
11
22
8
10
15
12
16
15
14
11
11
15
19
15
7
13
7
13
24
17
12
14
12
16
15
11
8
10
11
13
9
16
8
14
17
15
11
9
16
11
16
14
10
19
20
13
17
8
10
17
14
17
22
14
19
12
19
15
12
8
17
19
13
16
9
11
13
18
9
13
13
21
15
9
16
20
17
18
16
10
13
19
8
13
12
12
11
14
8
10
17
27
12
14
7
13
16
7
14
14
16
10
10
10
14
10
14
11
7
11
14
14
18
11
15
23
7
22
14
17
16
19
5
14
12
14
9
25
17
13
9
11
17
4
14
16
5
8
7
11
11
8
14
13
16
9
15
7
15
13
13
18
8
21
19
16
13
9
6
19
10
7
14
17
11
14
19
16
8
12
22
19
13
14
9
19
14
14
14
16
14
12
13
12
11
16
9
9
13
14
8
13
11
8
11
15
11
21
20
12
12
18
10
8
17
12
16
12
9
10
9
20
13
12
13
15
13
11
12
12
11
13
13
12
16
9
10
12
14
14
18
11
15
14
17
16
9
13
14
11
16
11
19
13
9
14
10
10
10
14
11
27
13
19
13
7
9
15
8
15
6
19
15
12
9
17
12
13
13
12
12
15
13
10
14
7
12
15
8
20
8
14
13
15
7
10
19
15
13
23
15
9
15
12
9
13
13
18
14
7
15
23
13
17
17
9
16
10
13
14
13
13
11
19
13
16
13
12
10
10
18
13
17
13
12
10
16
16
11
17
16
23
11
13
14
9
9
21
14
14
17
13
23
17
14
12
13
19
17
15
7
21
12
14
11
11
11
13
16
16
14
15
9
15
10
11
17
10
11
15
11
9
12
17
14
21
14
11
12
11
9
20
9
16
18
11
12
11
14
12
10
8
11
13
5
12
12
14
10
5
11
11
16
15
14
16
14
17
15
9
10
14
13
13
9
13
10
12
11
11
15
11
12
8
11
17
16
16
15
19
18
10
19
23
13
14
11
9
10
15
16
14
18
13
10
12
12
15
8
11
12
18
11
13
23
13
13
12
18
9
12
6
15
15
13
15
8
18
13
13
17
14
12
11
22
15
14
13
11
23
13
22
13
9
18
11
21
10
13
18
13
18
4
13
12
20
18
12
10
11
11
16
10
12
16
10
20
9
17
10
17
8
17
11
13
13
15
12
19
18
8
16
13
10
16
11
9
11
17
16
25
25
14
14
12
12
19
12
22
16
11
11
16
17
14
13
14
9
16
21
17
10
18
16
16
14
10
18
6
12
14
12
16
5
15
11
8
15
12
19
14
16
24
10
25
14
15
7
14
12
11
9
14
25
12
13
15
13
16
13
15
16
18
20
10
22
13
9
12
27
16
10
10
10
12
16
17
15
11
16
12
11
7
20
17
14
11
12
10
14
15
8
15
17
13
10
10
12
19
17
9
15
12
17
13
16
14
10
15
13
14
23
15
9
15
21
12
12
13
16
16
18
10
11
13
9
19
16
19
19
10
15
12
16
13
15
25
4
19
13
15
10
13
18
12
10
6
21
17
9
12
16
14
11
20
19
12
13
14
14
15
15
13
16
6
19
19
15
13
15
12
18
20
8
13
7
10
15
13
11
14
12
16
9
16
16
11
15
18
11
17
16
12
17
10
11
16
14
16
16
14
16
24
12
8
19
16
10
10
18
21
18
18
22
22
22
10
16
15
14
9
7
12
15
14
7
12
22
13
18
19
13
11
22
7
17
14
14
13
11
9
11
15
11
19
13
19
10
20
11
24
11
17
19
10
10
13
13
12
15
9
23
14
11
13
17
15
13
15
16
15
11
6
18
17
10
11
18
9
7
15
11
16
15
12
15
15
10
14
13
14
20
19
9
14
8
18
17
10
12
16
14
9
17
9
17
10
16
12
24
12
9
11
15
16
10
12
14
18
12
18
15
12
15
14
15
12
11
17
10
13
12
13
16
14
12
14
17
8
10
14
14
13
11
15
16
12
15
13
13
8
17
22
8
13
13
12
21
16
11
11
10
13
16
12
15
13
7
13
12
16
15
9
18
13
15
8
17
10
16
16
14
8
16
15
11
6
8
19
19
12
12
17
12
14
12
13
14
15
11
22
13
11
14
14
13
17
18
11
14
20
17
12
15
19
14
14
11
11
14
14
13
9
12
15
11
11
17
13
17
12
9
17
16
29
8
13
15
7
17
13
21
21
15
9
11
12
15
16
13
12
20
14
17
15
14
14
13
16
18
25
12
15
14
16
15
20
17
15
12
7
14
16
13
12
16
10
9
19
8
13
11
9
16
17
12
11
15
13
8
11
12
11
14
13
15
13
11
6
19
14
10
11
13
13
15
13
10
22
6
16
11
12
10
11
17
9
16
16
9
14
16
20
10
12
20
15
11
19
7
9
16
8
18
7
13
15
11
16
16
12
10
17
13
23
19
19
15
8
15
18
9
12
15
14
11
9
18
14
10
13
17
14
14
13
17
15
13
15
8
12
14
13
8
21
10
20
16
6
10
14
11
18
17
11
14
15
12
5
9
12
7
19
16
10
20
15
13
10
13
16
14
13
11
11
7
10
16
21
15
14
12
16
11
9
22
15
10
14
18
10
18
16
7
13
17
6
16
14
11
20
18
18
17
11
9
11
10
14
14
8
17
8
20
14
14
19
13
9
10
18
11
13
11
7
13
11
10
13
14
9
10
10
13
21
12
19
16
18
10
13
11
14
11
7
8
11
6
13
17
19
8
22
20
16
14
10
16
17
11
9
17
11
12
10
7
11
12
16
14
14
10
13
9
11
13
13
17
11
7
13
21
9
10
13
19
10
17
9
22
16
11
17
17
9
16
11
8
12
13
14
9
12
11
11
20
10
7
14
15
14
18
12
14
17
12
15
16
12
12
12
16
17
17
10
14
11
12
7
13
14
20
11
20
12
12
11
9
13
14
13
15
9
15
15
16
8
15
16
13
11
12
16
15
19
5
13
15
13
9
14
7
11
8
11
15
13
9
12
13
8
10
4
14
15
14
15
13
19
16
15
15
8
13
11
6
9
11
22
13
14
14
17
13
11
13
13
15
11
16
18
10
9
14
15
5
14
20
19
13
11
15
15
16
11
22
18
20
11
15
14
21
12
12
6
14
16
17
15
15
20
8
11
13
10
13
13
17
15
13
11
11
16
11
16
11
13
19
17
14
14
14
16
10
15
14
11
2
13
11
11
20
17
11
8
4
14
23
12
18
9
11
9
18
14
15
10
14
13
13
15
9
22
8
24
16
14
6
9
11
14
10
15
10
16
10
17
10
12
12
6
18
23
9
10
10
21
12
17
14
16
12
7
7
12
11
9
17
15
11
7
13
13
21
16
12
13
15
22
14
10
11
13
16
19
12
11
11
14
19
15
11
13
10
11
15
15
13
16
6
14
11
17
11
11
15
13
15
12
13
10
12
13
8
13
16
19
8
18
10
9
17
12
13
17
19
13
16
8
15
21
13
13
12
14
14
12
16
16
14
10
11
8
13
13
6
17
15
16
12
12
14
11
10
12
13
8
9
13
15
18
14
15
15
14
20
13
8
15
24
17
12
9
10
19
13
9
8
11
14
16
15
13
7
15
12
13
13
14
18
16
9
12
14
13
12
13
13
9
14
23
7
16
14
18
17
13
14
11
11
18
10
13
15
15
9
12
19
13
14
17
20
10
16
11
8
26
14
16
11
15
10
6
11
9
16
12
11
12
16
15
18
12
14
14
16
9
15
22
17
13
11
11
15
13
14
12
14
12
9
9
13
20
12
17
11
15
17
10
12
14
13
15
16
16
11
8
19
22
16
23
13
13
17
15
13
16
12
17
21
13
12
16
16
11
13
13
24
10
16
19
11
19
14
12
15
10
25
13
14
15
14
13
21
7
17
12
16
20
12
13
15
14
19
16
9
14
17
11
10
14
19
12
15
10
19
14
12
8
8
14
16
8
10
9
12
14
8
8
16
11
13
19
12
18
13
12
24
16
11
8
19
8
7
11
7
15
10
16
14
18
13
17
12
18
17
18
15
17
16
16
8
18
19
11
17
16
16
17
14
9
13
19
18
9
15
10
11
14
21
13
13
15
20
16
16
14
15
20
13
12
11
10
15
11
15
9
12
14
9
12
8
8
12
12
15
13
14
18
19
15
10
7
15
20
13
18
14
13
14
11
16
13
10
15
17
12
15
14
11
7
18
19
12
8
13
20
11
20
13
18
7
9
14
17
10
12
8
11
13
12
12
19
10
13
13
15
10
12
15
13
13
19
6
8
16
9
17
15
17
13
7
17
9
11
13
13
13
11
13
9
14
13
21
7
13
12
17
7
15
13
8
24
10
7
10
6
8
14
7
8
13
12
8
11
12
10
15
12
8
9
13
11
17
15
14
7
18
16
9
16
10
16
16
11
13
14
15
18
14
14
10
13
11
23
13
13
16
13
20
7
16
11
15
9
9
13
13
11
13
13
10
7
7
12
14
14
8
10
12
11
11
13
13
13
11
12
13
9
12
8
22
17
12
15
14
11
12
12
7
15
13
13
22
12
11
10
15
14
19
9
7
14
14
22
20
10
17
8
13
13
19
19
13
13
16
15
16
16
9
16
10
8
7
13
11
12
18
13
19
15
12
15
10
14
15
5
19
17
13
20
20
15
23
15
11
7
11
18
12
9
6
6
11
18
13
14
13
17
13
9
12
9
17
12
12
16
16
12
16
17
6
11
11
14
21
8
13
31
17
14
10
10
12
4
15
16
20
11
14
11
14
11
