260
54
431
147
138
165
1000
834
32
59
1000
715
246
81
7
119
8
5
300
1000
89
52
1000
20
378
115
131
25
221
132
159
429
109
14
50
157
21
74
388
95
9
40
93
51
24
11
116
91
123
211
37
74
138
28
56
209
244
202
3
255
17
80
38
35
21
74
195
24
99
1
48
48
82
80
33
27
4
49
64
193
252
47
3
80
179
41
97
57
82
181
14
95
92
25
58
9
55
130
20
37
75
63
31
54
34
41
25
51
43
5
109
35
85
52
21
244
51
58
16
59
10
15
22
27
3
2
9
27
67
20
35
39
4
78
36
36
75
28
22
65
24
33
34
57
36
3
89
30
44
10
4
7
38
10
105
57
50
5
14
2
10
71
103
8
52
17
79
198
4
41
55
28
34
32
60
65
12
81
42
19
16
47
36
55
21
35
50
12
9
29
5
41
33
20
46
40
24
23
3
32
27
11
19
35
25
48
7
19
32
14
35
72
12
4
82
4
19
16
16
16
36
67
26
18
23
50
14
45
21
31
31
15
14
5
24
5
33
43
71
12
10
48
29
45
35
16
51
6
47
77
10
84
3
14
21
5
13
10
8
46
23
17
3
52
15
20
36
42
18
26
22
36
7
28
24
20
28
20
15
105
25
16
8
36
6
47
19
39
31
64
13
4
12
22
5
8
34
6
30
45
66
11
55
12
52
21
22
60
25
28
9
27
35
6
37
10
5
53
26
30
36
38
14
37
32
23
15
18
34
27
5
14
2
23
10
25
49
35
15
32
49
18
39
18
57
13
5
4
27
25
32
22
10
8
19
2
12
11
55
23
18
5
6
30
51
21
11
19
24
22
7
4
10
25
4
48
43
14
30
2
19
59
54
2
25
58
11
14
17
5
36
17
31
46
35
25
27
2
2
9
20
19
24
18
5
12
21
22
14
43
34
30
13
16
24
18
16
9
1
9
4
4
14
38
40
23
29
19
32
43
50
1
43
40
17
28
14
41
25
29
54
53
13
23
22
3
10
16
13
111
31
22
3
24
3
28
18
35
9
23
30
22
22
9
21
68
6
50
8
10
14
67
44
17
5
21
8
1
16
7
18
73
6
14
30
29
49
31
56
17
2
34
3
18
9
35
15
6
61
12
34
5
10
9
22
12
27
23
32
20
22
30
22
15
25
26
17
47
33
2
6
33
40
9
9
40
35
11
5
15
39
14
26
22
30
13
13
15
51
10
12
5
11
43
15
6
6
16
6
37
14
6
14
2
2
30
47
16
32
50
18
12
25
93
23
23
18
36
2
7
16
9
34
29
25
5
11
46
26
16
14
48
35
21
61
78
21
13
16
2
13
12
21
3
24
34
14
22
31
7
19
52
26
20
14
22
15
25
23
7
33
49
32
34
15
9
28
12
11
24
3
33
9
16
13
10
10
11
6
32
19
13
21
20
38
3
14
7
28
5
8
78
2
6
7
17
10
17
3
32
5
2
9
6
18
16
34
10
17
29
22
39
5
2
15
13
7
21
22
13
6
5
33
21
22
18
18
8
19
20
5
7
3
43
21
8
30
15
27
37
27
15
7
14
28
18
1
35
48
34
5
2
4
35
22
43
13
4
11
14
21
28
26
21
10
8
18
13
14
1
9
1
1
12
5
2
12
29
15
2
17
11
32
5
42
1
12
26
27
29
1
3
16
18
25
11
9
29
18
15
20
12
14
21
4
23
51
22
32
18
20
5
29
3
7
20
35
9
22
11
13
24
28
27
15
15
14
12
21
21
31
21
5
32
15
8
10
27
4
17
16
3
10
44
22
5
7
35
17
10
15
18
23
21
26
37
19
19
11
18
30
50
15
17
11
4
24
12
8
10
11
4
18
14
24
11
12
7
22
36
7
6
5
20
4
35
22
20
9
13
40
3
3
25
1
11
2
32
4
10
12
10
3
10
3
11
10
14
13
17
25
4
19
5
16
11
5
5
24
30
20
12
13
20
4
3
21
16
24
21
15
23
7
7
4
34
15
18
18
33
18
2
33
23
15
46
3
35
12
26
29
5
22
27
14
3
25
18
13
28
24
20
23
5
18
4
8
17
35
22
14
9
38
2
40
13
31
24
5
5
13
20
4
10
18
29
13
2
34
10
10
17
16
4
11
30
17
31
21
15
15
21
46
16
6
29
9
5
35
15
2
11
5
20
2
20
1
22
10
5
11
12
12
20
4
26
30
13
6
10
5
13
24
4
10
28
9
3
21
29
36
4
19
17
18
12
36
28
7
27
42
1
26
33
9
14
8
23
18
11
19
25
13
11
19
34
34
2
14
24
11
27
11
10
16
44
2
30
3
29
12
6
5
16
4
11
11
18
11
17
17
16
13
8
13
2
34
17
27
13
18
8
21
26
17
21
10
25
35
18
1
14
2
6
30
5
30
17
26
9
8
15
9
27
6
3
28
21
13
34
10
14
34
15
13
6
14
22
10
27
15
23
7
15
12
18
18
4
24
18
34
18
20
2
10
10
14
29
8
14
32
34
3
21
26
18
16
11
3
11
30
7
20
23
1
15
13
31
16
14
1
25
4
7
5
19
18
5
3
20
8
16
16
6
22
21
12
4
25
23
4
20
24
17
18
4
4
12
20
22
22
17
32
6
36
13
20
2
27
33
7
22
5
4
26
9
5
2
25
11
21
25
29
10
9
2
26
6
12
9
7
7
18
12
27
16
13
27
20
29
16
12
4
12
8
17
10
5
15
21
6
11
10
13
17
28
40
21
1
19
8
23
17
21
34
33
12
6
26
1
6
13
22
17
18
27
5
4
17
18
10
18
25
15
18
17
11
12
22
4
14
4
15
27
13
40
24
4
2
33
11
8
5
19
33
18
32
16
15
14
4
3
26
28
16
29
25
22
13
10
11
4
17
21
7
16
17
9
22
7
17
4
19
19
2
12
21
17
14
11
17
14
21
33
20
10
12
17
2
3
4
13
4
7
11
8
37
19
26
5
10
15
19
13
9
9
23
4
4
23
14
17
31
13
15
17
15
4
14
17
17
20
7
7
2
2
5
12
13
2
5
27
15
28
21
27
15
49
4
27
21
7
13
10
2
10
8
5
30
1
16
6
29
31
8
4
5
14
5
3
18
17
6
8
9
14
17
10
7
6
14
23
22
24
7
11
4
12
11
4
25
7
12
21
11
12
28
43
9
14
11
10
9
6
5
28
12
19
19
6
26
9
4
2
7
6
2
4
14
13
7
8
7
18
15
18
4
9
19
48
14
22
34
17
23
22
9
12
5
15
15
29
12
12
15
6
26
11
17
18
39
8
19
11
9
6
4
10
5
9
11
5
6
17
11
12
17
17
12
10
5
18
24
6
13
27
7
17
4
5
1
16
12
14
16
7
25
24
17
7
12
24
7
24
5
10
23
11
11
48
36
28
18
3
15
54
5
4
17
9
29
15
17
22
20
3
21
5
19
5
5
6
3
16
23
7
22
29
23
18
18
13
11
8
15
4
11
16
2
4
15
12
23
25
9
19
22
8
18
46
8
28
6
9
8
24
4
19
21
5
5
10
2
11
39
11
13
23
15
12
9
27
20
15
15
1
6
34
31
17
14
7
59
14
18
13
3
2
2
16
12
21
18
14
11
4
22
23
27
32
13
27
6
27
2
36
24
11
25
18
10
18
12
4
30
15
21
34
5
5
8
15
26
4
17
19
28
12
16
8
3
9
42
10
8
4
51
11
23
9
5
20
4
9
12
14
5
22
7
14
5
10
19
21
7
8
24
14
13
14
15
13
14
6
13
8
11
27
14
11
15
18
24
30
10
19
22
16
14
17
11
15
3
12
17
4
16
12
2
16
13
15
16
15
11
3
24
6
6
7
15
10
13
12
19
4
3
14
8
16
12
2
27
22
21
13
17
11
13
9
6
14
12
11
19
16
15
20
3
17
3
7
26
13
7
6
15
5
22
9
24
19
11
16
10
8
5
16
14
5
18
17
19
9
19
5
11
18
16
10
19
12
24
25
5
21
1
5
12
5
32
19
15
29
24
14
9
3
9
5
11
18
17
4
2
24
15
10
15
7
3
19
20
10
5
22
18
8
13
15
21
18
8
20
6
14
4
7
26
15
7
28
6
20
26
8
1
8
9
14
10
16
34
32
3
17
12
3
12
8
28
5
5
14
18
4
2
42
5
23
13
30
17
17
19
24
32
5
17
8
14
6
14
17
20
5
15
41
17
10
4
14
24
3
20
25
18
12
11
13
5
21
16
11
4
10
28
15
7
12
20
3
18
15
3
11
10
19
17
6
12
6
42
16
18
31
4
21
5
12
19
23
40
23
22
7
5
16
11
4
5
14
4
3
13
15
22
22
19
13
25
13
14
3
16
25
11
11
4
26
10
16
23
15
25
19
29
19
18
23
6
21
18
30
16
27
38
13
22
31
4
20
35
22
18
1
5
8
16
9
16
9
26
14
5
2
4
21
7
14
11
5
3
17
2
16
15
21
13
24
32
3
2
8
20
8
8
12
9
15
12
9
16
9
4
8
4
31
30
17
17
13
1
12
4
12
18
12
10
17
3
11
4
23
4
13
15
20
11
27
15
6
13
10
9
15
26
6
10
2
12
5
13
18
16
2
26
12
23
23
26
28
17
24
8
26
14
18
16
20
20
18
22
12
16
10
10
9
7
23
8
4
7
36
22
18
16
13
15
20
11
24
11
8
9
30
20
5
10
11
5
14
15
15
24
12
11
13
12
8
5
7
19
22
10
17
24
21
30
32
19
8
4
12
28
14
16
13
23
14
27
4
17
12
14
7
22
6
10
19
4
11
15
15
11
6
2
21
12
10
9
4
3
15
19
15
8
7
10
3
12
13
19
10
14
14
12
40
20
9
14
4
16
11
2
2
31
13
23
13
5
15
16
8
5
8
12
6
7
16
8
16
5
18
16
11
29
5
27
15
11
14
8
35
11
14
12
10
16
11
7
20
5
20
20
28
52
17
6
3
11
11
19
6
10
10
17
5
13
3
11
9
8
3
8
9
44
10
3
14
8
2
16
6
5
15
6
32
14
7
27
20
8
20
13
7
7
12
25
16
22
15
21
11
16
9
15
15
12
8
5
6
3
15
12
13
2
13
14
20
16
9
9
14
6
31
2
14
11
1
30
12
25
12
31
9
5
29
15
13
22
11
5
26
18
29
17
16
13
12
11
15
17
3
23
11
15
2
19
20
9
11
22
14
4
9
23
32
27
15
34
20
22
11
3
3
13
15
19
25
7
6
9
5
2
9
16
16
19
15
16
3
8
16
10
5
17
2
1
33
23
22
13
8
2
3
24
17
25
16
3
16
9
5
19
4
12
4
7
26
24
14
17
22
22
3
5
2
3
4
12
10
12
16
10
8
14
1
19
4
16
9
6
19
16
24
26
28
3
17
26
17
9
37
15
25
19
16
38
15
31
10
27
21
14
21
16
17
3
6
24
25
28
28
10
7
4
12
10
20
4
13
12
22
31
7
15
12
9
20
7
9
3
25
25
11
10
8
12
6
3
18
17
14
25
5
19
3
16
14
16
23
22
21
17
13
4
32
15
8
2
12
1
17
35
14
15
3
19
9
1
13
21
18
17
27
9
13
22
4
25
21
4
8
12
15
14
4
17
25
12
5
14
15
8
34
3
21
6
4
14
9
35
8
12
4
9
4
28
2
23
3
19
15
9
7
4
5
9
13
32
10
7
6
21
9
17
24
19
4
18
15
13
6
38
4
7
6
2
14
24
15
13
21
13
9
26
11
14
32
6
16
3
7
3
22
4
5
10
5
3
6
13
2
30
18
11
7
6
26
9
10
15
13
11
8
2
21
4
4
3
5
10
34
27
8
17
12
14
25
16
20
10
9
15
21
5
13
8
10
12
7
4
11
6
26
14
13
20
6
11
4
11
6
36
16
3
27
4
25
15
17
28
4
13
31
13
9
13
15
11
4
33
15
14
39
8
8
22
33
1
19
16
12
9
24
12
27
29
3
22
10
12
7
20
3
8
15
7
17
3
10
26
10
5
20
6
12
11
9
4
18
24
12
21
18
11
30
6
21
9
3
16
7
4
18
13
24
9
31
6
25
12
15
7
16
6
5
23
17
12
3
33
9
26
27
46
31
23
41
13
17
19
7
11
5
5
27
8
14
16
16
9
10
34
8
21
16
12
15
3
5
8
8
9
2
11
21
1
18
29
7
23
15
28
7
16
9
36
5
30
9
11
28
1
20
20
9
5
10
6
7
37
36
26
3
10
23
5
20
5
4
13
4
17
7
19
3
12
4
16
6
37
19
4
28
2
20
7
22
16
16
23
14
10
8
24
11
1
9
30
3
20
7
12
22
13
17
26
12
8
13
18
12
5
29
10
10
6
27
20
12
30
10
38
16
13
11
9
12
11
13
11
13
2
16
9
21
9
22
6
11
8
22
8
29
11
7
15
1
18
2
8
20
5
14
3
9
6
4
4
13
32
26
28
20
15
16
6
28
8
14
12
11
5
17
23
10
20
9
6
13
16
27
4
30
7
12
5
20
15
25
11
28
16
4
11
13
7
9
31
32
32
19
22
6
4
3
8
4
22
20
4
6
18
10
10
3
5
7
12
28
4
6
17
5
18
33
28
27
13
22
28
11
18
10
11
6
15
8
13
8
12
5
17
14
3
22
17
4
5
14
12
21
21
19
19
9
8
10
8
14
41
11
20
9
18
18
19
12
16
8
9
8
12
34
11
5
10
19
25
19
10
3
3
14
13
12
14
23
14
14
11
16
13
17
5
3
15
16
23
16
5
5
8
4
38
2
5
12
10
6
7
5
24
21
10
2
24
5
3
11
4
8
2
4
9
18
8
19
9
37
6
16
7
10
12
10
33
17
6
6
5
12
27
8
21
31
15
7
6
15
12
40
11
7
11
16
12
15
30
22
1
15
6
10
16
30
10
4
13
1
3
16
9
3
18
12
14
10
16
10
1
13
8
2
13
26
7
4
1
12
15
25
9
8
10
15
17
18
8
10
20
11
23
11
10
7
21
24
20
13
11
2
7
9
2
13
6
14
19
15
10
10
31
16
4
15
13
20
14
11
15
4
22
23
4
4
29
9
17
18
10
12
16
6
14
15
31
19
19
21
14
27
12
12
4
14
14
29
3
17
9
3
27
13
5
17
4
15
22
3
7
9
20
3
4
2
17
4
8
7
26
9
13
19
8
17
33
20
28
19
2
24
16
5
9
13
4
12
15
17
9
24
9
25
6
8
10
1
6
23
9
13
17
31
17
16
8
2
30
31
33
14
21
24
7
20
17
15
22
8
13
14
6
29
31
39
16
17
16
17
9
14
17
20
2
4
21
28
2
22
4
19
13
16
4
21
3
19
5
15
12
3
8
18
15
10
20
15
6
9
4
2
20
8
12
17
16
12
10
11
9
15
6
18
15
21
26
2
17
3
16
25
13
7
20
10
4
31
10
2
27
26
17
6
12
10
24
16
13
10
19
25
6
11
13
17
13
20
16
9
33
21
28
7
24
4
3
25
15
1
19
23
10
14
11
17
18
5
11
25
13
1
22
27
12
12
20
22
8
4
19
9
3
7
18
12
20
17
28
11
9
16
3
17
20
7
13
17
8
33
26
8
16
10
20
21
13
10
43
23
24
20
7
9
5
27
10
6
9
4
12
22
26
13
4
31
22
12
4
5
8
29
14
7
11
14
8
8
21
5
13
18
8
21
10
2
12
22
14
6
16
11
28
23
21
9
20
23
22
17
9
11
30
7
15
6
8
9
15
6
27
1
3
21
28
13
15
13
5
2
14
25
11
18
30
21
3
28
37
14
10
16
8
2
17
7
18
3
3
16
5
12
6
16
26
15
5
13
3
25
1
39
19
12
5
11
2
27
19
30
14
8
14
1
21
23
8
5
13
5
8
3
4
9
15
7
31
10
13
6
1
10
4
4
20
6
21
19
18
10
3
19
10
14
11
1
16
32
16
9
9
2
26
4
18
20
19
24
18
9
15
10
6
18
22
15
9
5
8
18
34
5
15
13
18
19
12
26
13
21
15
20
4
10
5
13
4
27
14
20
2
7
8
36
25
10
22
6
14
18
3
7
23
26
8
6
16
13
11
26
18
11
5
9
20
7
2
23
43
16
12
8
5
3
40
8
5
20
22
6
25
23
17
5
7
11
6
8
5
2
5
5
6
11
11
7
1
7
7
18
6
2
9
22
11
1
32
46
10
14
20
10
31
23
12
7
26
20
14
19
4
13
15
35
14
13
22
2
18
2
2
15
37
12
8
24
21
6
17
17
5
12
10
1
11
1
9
8
4
14
7
19
6
2
37
13
1
16
13
16
5
4
18
6
14
32
13
4
12
5
13
17
24
17
5
16
33
10
7
13
8
6
12
22
16
17
12
16
8
7
18
23
17
27
23
19
19
2
9
6
12
2
10
10
24
21
18
11
23
7
15
4
10
13
27
21
7
6
9
12
20
10
6
12
26
7
8
16
5
7
2
16
6
4
26
18
5
6
4
14
27
14
22
5
2
16
2
5
15
3
20
20
5
8
27
10
21
6
7
23
7
16
10
4
18
9
17
15
3
24
12
4
6
19
22
7
12
5
4
19
17
5
18
12
20
18
12
2
5
25
21
7
11
14
17
25
16
12
11
7
19
3
3
9
7
17
23
26
16
12
29
5
27
5
24
8
5
1
11
19
16
22
3
16
11
10
21
11
4
4
16
24
3
14
14
6
4
24
7
22
3
28
15
17
9
20
8
8
17
6
8
11
6
11
14
9
15
29
12
10
29
8
4
8
28
10
12
19
9
11
7
3
11
29
8
13
16
2
17
11
13
3
20
9
7
17
20
22
8
18
6
7
35
20
18
26
13
5
15
17
5
4
7
8
23
6
17
17
2
7
17
29
5
4
7
16
4
10
7
5
27
1
12
6
16
12
5
30
8
8
4
6
32
7
31
9
17
15
7
7
10
12
18
17
19
4
4
9
6
25
3
5
27
2
7
6
8
14
4
20
14
37
15
13
8
20
6
9
21
13
30
5
15
13
17
9
8
17
14
16
4
7
17
25
16
7
22
11
15
12
13
41
23
4
7
24
28
7
6
14
20
17
24
30
13
12
11
26
3
8
18
4
8
15
12
18
6
3
7
17
15
31
23
20
31
8
1
15
14
8
13
19
6
6
6
5
36
10
11
8
20
5
5
19
13
11
31
16
13
23
5
1
17
4
6
5
19
12
6
3
7
22
30
13
18
16
3
17
11
13
9
12
15
9
22
25
8
23
8
27
1
17
13
5
29
20
13
20
12
19
3
17
8
1
16
6
9
4
11
10
17
14
25
19
15
19
8
11
2
40
14
17
13
8
26
26
14
10
20
24
7
24
18
6
6
22
16
23
2
4
4
36
14
10
7
8
8
25
16
24
7
1
17
8
7
1
15
17
24
28
11
18
19
12
1
16
4
13
7
2
17
15
8
20
6
10
22
22
23
11
15
21
5
26
8
10
15
3
13
6
11
20
16
13
22
31
28
10
6
7
12
25
20
21
16
15
16
2
41
5
14
10
1
13
3
5
3
11
4
9
31
16
1
16
14
14
19
7
3
9
16
10
20
6
23
13
2
27
3
8
9
8
22
15
7
8
22
13
22
4
11
4
8
5
20
6
4
23
14
24
2
8
19
4
13
11
24
5
13
3
24
2
10
10
3
11
31
11
9
4
18
9
17
33
30
26
9
10
7
13
19
5
14
10
20
3
13
15
23
10
18
11
18
4
10
15
19
8
11
2
19
33
5
21
3
6
10
8
35
20
2
13
6
10
10
20
8
14
7
22
28
11
16
5
13
9
9
10
25
21
12
10
12
2
5
41
11
18
14
6
24
23
13
3
19
14
17
10
4
5
10
6
12
2
18
10
12
10
25
9
15
6
15
27
19
4
12
5
14
9
11
16
16
23
13
17
13
24
17
17
37
17
5
12
14
26
29
11
4
3
41
21
25
14
14
11
17
14
5
19
8
12
14
22
19
5
3
9
7
2
11
9
18
16
8
23
21
8
6
13
20
11
19
9
44
10
18
13
5
20
20
27
8
8
22
28
22
25
16
8
18
26
12
2
12
15
17
23
25
32
6
29
18
4
18
30
24
10
13
3
21
18
4
15
7
13
26
13
27
3
17
18
5
21
17
6
14
19
13
7
16
6
5
16
22
3
20
20
22
9
6
9
4
19
18
13
20
5
9
11
22
19
14
13
3
38
3
12
37
21
2
26
5
3
17
13
19
2
7
9
8
9
6
12
3
20
4
30
25
17
30
10
11
12
3
8
21
16
14
15
17
22
9
20
9
9
22
25
18
4
10
25
11
17
15
4
4
22
4
29
4
8
7
21
21
22
9
18
8
10
17
5
25
12
3
16
25
21
22
20
6
2
17
3
14
10
3
7
1
2
21
36
21
18
9
13
12
7
24
16
18
7
3
9
23
27
10
23
3
8
4
12
18
21
15
24
28
4
11
6
10
14
7
10
8
14
28
14
1
8
12
21
8
15
23
6
29
2
9
18
12
19
16
19
10
4
2
55
16
27
12
26
9
18
6
19
16
12
4
4
2
10
2
22
17
18
33
4
20
9
4
20
10
14
12
10
26
2
7
3
12
21
6
10
13
29
10
3
19
16
29
6
4
20
23
2
19
3
21
5
8
3
19
18
18
13
23
7
25
14
4
26
8
17
9
15
13
20
18
5
3
17
14
3
7
18
11
15
9
8
7
5
15
6
27
26
7
23
10
16
7
4
25
8
13
17
23
22
11
15
14
18
18
15
17
21
5
18
7
4
21
8
13
15
10
11
7
9
6
17
29
8
9
17
11
7
6
17
19
5
1
1
10
2
4
6
14
20
21
15
18
22
15
6
5
6
14
4
12
10
6
22
3
28
11
9
19
4
2
12
9
17
23
7
4
8
6
21
7
15
15
8
4
8
30
3
23
12
19
14
29
14
3
6
41
7
20
3
15
11
36
11
15
28
5
27
9
6
11
8
25
19
17
9
16
14
21
29
7
5
17
16
12
16
13
13
27
12
7
7
1
8
3
3
18
15
4
8
2
12
16
21
16
17
19
9
20
27
2
4
13
24
19
25
7
26
2
34
4
1
5
12
8
14
6
29
5
28
18
10
2
14
18
15
11
1
12
3
18
12
13
13
13
29
13
9
2
9
13
3
12
18
12
5
3
6
10
19
12
24
10
22
11
6
13
3
23
13
14
18
25
25
11
6
20
14
14
10
12
20
6
7
5
2
16
11
11
8
13
16
14
7
20
10
16
16
13
3
12
15
2
18
6
13
7
3
20
12
18
15
33
6
28
12
19
5
3
3
23
13
11
18
24
7
4
14
9
22
3
13
13
25
10
6
9
2
6
4
9
10
3
14
19
14
10
5
19
18
25
23
21
32
24
19
2
17
6
12
21
13
8
13
9
15
12
7
3
15
5
5
26
20
30
21
10
13
14
14
16
5
5
11
8
4
9
14
12
10
19
13
19
9
21
24
3
2
12
10
13
10
8
19
16
8
17
8
10
2
15
38
3
20
22
6
13
10
8
13
24
22
24
22
27
9
14
2
16
19
17
22
19
7
15
10
14
17
3
19
12
12
29
23
11
13
12
25
2
12
7
13
22
5
16
23
13
16
5
21
14
5
17
35
19
16
23
20
5
4
4
14
17
17
24
14
3
15
17
8
11
21
22
13
20
16
21
4
19
23
22
17
28
7
21
15
24
28
36
8
13
13
19
8
5
2
4
6
30
20
21
13
29
8
3
4
21
6
23
27
26
10
13
9
18
13
23
7
10
18
2
20
8
9
21
17
30
4
10
37
10
4
30
22
15
7
28
14
7
10
12
21
11
13
27
21
25
28
18
44
18
42
5
31
28
7
6
8
29
21
23
21
9
16
9
12
13
26
3
4
21
7
18
17
35
2
10
11
17
13
18
15
4
21
18
16
20
24
17
11
20
12
9
25
3
23
5
5
5
10
28
13
26
15
6
9
13
18
3
16
4
9
4
5
21
3
24
4
10
14
26
14
20
6
18
15
19
15
13
3
24
14
1
33
15
17
1
2
3
23
29
29
15
10
18
27
20
34
7
14
9
40
13
8
9
15
12
27
3
9
16
2
30
30
26
14
10
24
7
8
4
5
19
1
19
23
2
6
19
3
3
6
19
8
16
10
5
27
10
8
6
17
8
6
11
9
4
6
3
3
5
21
22
10
8
8
10
9
9
14
17
3
24
21
15
22
1
31
13
15
12
12
28
39
6
10
13
20
15
10
10
2
3
19
7
3
21
16
6
2
4
8
16
4
36
15
5
5
8
29
16
26
1
11
11
5
5
7
22
25
5
18
22
8
11
13
20
19
6
21
11
12
15
3
2
30
15
7
31
10
25
5
15
7
24
3
3
27
19
28
46
4
9
16
24
28
14
15
22
4
6
25
5
15
4
24
5
12
10
9
12
12
22
18
31
36
17
12
5
18
22
5
19
23
4
40
27
10
26
15
3
18
11
5
13
2
5
14
6
29
21
20
13
8
30
6
17
19
12
1
6
24
6
25
16
25
3
21
4
8
21
4
9
20
19
6
23
22
12
2
15
13
8
5
28
9
5
20
