113
321
156
464
165
557
101
225
371
296
573
209
1
32
380
820
46
293
133
175
279
235
333
358
136
231
200
454
2
59
16
193
189
71
188
97
16
105
52
776
311
401
286
109
24
75
52
185
17
2
45
10
170
50
31
125
78
134
31
47
8
16
60
135
1
114
137
80
43
30
20
72
19
80
31
4
111
47
15
23
129
77
139
100
57
47
8
37
147
77
24
62
102
29
31
81
48
49
20
73
74
133
74
139
27
23
104
32
44
11
3
75
31
21
76
39
67
15
84
43
65
59
69
13
153
120
33
14
25
29
38
81
75
30
61
6
3
41
49
178
19
106
81
50
24
19
63
14
25
19
23
79
78
95
8
35
44
66
27
43
18
10
9
40
15
55
24
3
47
4
7
64
23
19
8
27
53
74
27
10
8
46
16
71
21
37
12
36
12
4
30
25
16
41
40
44
4
38
51
35
48
63
19
32
28
5
55
13
5
29
26
17
22
53
12
49
1
57
40
16
8
1
43
43
43
33
7
30
22
19
25
31
4
37
64
10
14
1
23
12
40
1
22
46
47
6
24
1
42
17
18
8
9
5
38
46
10
1
25
26
20
10
27
30
82
13
39
33
2
45
15
13
33
15
63
18
46
37
30
1
14
25
24
20
10
11
28
11
16
56
47
70
15
17
18
17
39
45
6
12
62
45
47
35
26
35
34
10
43
4
26
8
24
23
9
6
3
13
32
5
11
35
19
18
32
7
21
28
31
17
23
3
15
4
35
25
64
32
18
24
8
24
15
16
4
44
15
36
35
28
28
35
27
9
15
27
39
13
38
33
40
23
8
16
8
2
15
30
26
5
36
24
31
43
18
23
5
12
18
9
43
25
36
18
8
19
49
3
62
3
8
20
21
32
15
27
39
4
18
2
11
11
5
25
5
3
7
28
28
28
6
23
41
14
40
36
17
33
32
20
30
39
26
4
10
3
14
2
16
6
4
55
14
15
11
19
35
60
9
23
30
7
5
12
16
15
20
12
18
12
8
18
23
33
8
7
22
34
28
33
15
22
19
6
28
6
1
16
29
3
17
4
22
39
24
18
18
9
32
12
12
8
20
1
44
18
15
27
7
15
13
6
22
17
3
19
12
12
7
6
23
5
35
31
10
2
2
6
9
10
51
19
13
15
21
6
6
4
13
11
26
30
31
14
6
25
2
30
5
13
4
4
19
6
34
39
5
20
30
15
4
30
18
13
14
14
29
15
18
45
33
45
26
14
19
6
36
19
26
27
2
18
22
7
42
33
34
30
31
48
18
7
11
40
10
18
19
19
25
29
36
25
30
9
16
5
17
28
6
20
11
25
25
4
25
16
25
9
40
30
35
15
56
11
20
13
6
4
7
21
34
20
32
10
7
21
11
12
23
29
13
14
8
1
19
16
6
9
13
19
44
24
17
25
7
2
12
29
15
8
3
11
25
12
13
31
33
25
12
27
16
2
21
9
12
30
8
24
22
13
26
2
5
20
35
16
3
3
10
35
9
30
43
29
17
46
3
7
83
10
14
17
14
24
31
27
35
17
21
18
8
2
5
29
7
16
18
9
13
14
2
13
21
19
16
28
4
21
16
29
10
12
21
20
8
6
2
5
5
22
17
38
23
25
4
2
23
15
2
9
30
8
2
17
20
6
18
18
13
19
14
15
14
9
5
6
18
25
37
18
13
24
4
38
10
9
50
10
28
22
16
25
13
7
26
2
14
2
15
13
3
8
14
6
10
11
3
20
7
8
22
18
2
7
19
28
8
24
28
7
7
23
7
17
8
25
23
9
23
31
9
33
23
5
19
6
8
11
36
15
4
17
7
17
5
22
9
6
19
36
20
32
12
19
29
38
18
27
13
36
10
15
19
24
7
3
19
26
23
49
32
11
27
13
4
16
7
5
21
24
30
21
21
31
21
17
32
21
3
17
25
5
9
13
7
20
18
33
20
21
52
15
28
13
14
32
16
5
21
9
8
22
5
40
4
35
4
17
19
28
25
5
34
8
17
6
12
27
27
25
10
17
13
40
14
13
4
23
8
11
7
21
5
21
31
25
39
9
45
6
5
9
17
9
8
16
8
12
13
2
7
3
16
13
17
21
30
37
15
8
5
29
17
12
4
16
16
10
19
14
15
10
17
19
7
8
4
8
34
8
15
15
16
34
13
7
8
3
14
15
10
2
33
10
7
20
9
22
2
32
20
46
25
1
17
11
49
29
4
28
28
17
19
22
13
15
25
20
5
21
10
7
13
8
28
7
7
11
21
4
12
16
4
3
21
18
11
30
19
1
11
5
15
45
15
12
20
17
12
18
10
21
40
16
6
19
38
5
4
14
24
9
23
3
21
22
33
15
5
8
14
49
14
4
18
6
8
17
15
12
25
23
3
6
3
8
24
34
36
6
21
2
35
4
4
12
13
19
18
23
19
18
37
18
5
28
2
15
2
4
15
13
16
21
21
24
36
32
7
12
22
13
12
7
19
8
24
36
7
16
5
12
21
3
8
13
12
22
1
22
13
20
11
7
25
23
6
26
4
9
18
4
15
27
17
8
15
32
2
19
7
18
11
38
9
3
3
16
7
3
25
3
15
22
10
28
23
23
36
6
5
6
12
13
33
2
16
24
9
21
19
4
32
10
8
16
23
3
25
5
8
21
9
5
10
18
8
22
17
18
17
12
21
24
30
5
21
31
24
7
9
8
14
30
17
4
10
2
4
21
5
4
13
19
5
25
21
6
3
4
13
6
18
9
22
7
6
3
27
30
6
11
15
14
11
31
8
18
10
6
14
20
20
4
12
16
23
7
15
18
14
3
11
4
30
23
17
26
17
23
4
15
3
25
18
10
38
6
6
3
17
12
11
13
16
12
17
27
10
7
30
10
7
16
17
27
14
13
1
19
13
2
4
11
17
12
3
19
6
19
5
18
15
19
15
8
5
5
29
4
31
4
4
18
16
19
31
16
20
26
16
41
16
3
18
24
12
22
11
16
29
19
7
5
2
20
13
26
5
16
5
26
15
6
43
9
7
7
8
18
9
6
17
12
16
6
15
21
15
5
16
10
13
4
20
17
6
10
15
25
5
34
5
21
15
23
21
20
26
24
16
21
28
2
22
19
19
14
17
7
3
10
7
12
20
13
4
31
16
25
8
33
20
18
14
18
16
9
4
3
7
19
16
4
6
22
20
22
2
13
24
36
16
8
18
4
11
19
10
10
16
13
15
16
24
6
20
2
7
13
11
21
16
5
13
23
10
8
3
6
18
18
30
16
5
33
26
18
2
8
14
8
7
19
30
3
7
15
16
3
11
1
40
19
26
21
29
10
16
1
5
15
14
8
5
11
23
13
15
20
7
7
2
9
17
24
22
11
14
6
3
6
13
14
8
28
6
13
2
11
7
13
9
6
22
22
17
8
24
6
42
28
32
4
10
11
29
6
17
8
2
8
10
5
36
15
16
27
13
28
15
5
15
13
1
8
24
23
7
11
5
6
12
4
26
24
11
11
4
13
20
3
25
6
29
12
12
1
12
20
6
2
27
4
14
16
24
9
2
7
19
10
26
2
28
7
10
11
8
13
24
18
10
13
22
15
14
28
49
23
14
21
28
26
21
7
14
17
24
17
18
16
13
26
6
10
6
28
12
9
32
10
19
6
7
12
7
4
29
25
14
16
25
26
41
21
17
2
26
20
26
7
20
4
23
13
19
3
28
7
26
16
14
20
16
5
34
21
15
5
17
34
34
17
19
16
5
17
23
7
15
2
17
11
14
15
5
17
25
3
10
9
10
4
5
23
23
14
6
19
18
28
14
17
23
22
9
11
32
10
10
20
22
2
5
15
32
19
41
3
21
14
21
6
11
9
5
22
37
7
15
28
4
12
11
9
9
12
12
18
20
23
16
15
18
18
8
2
3
23
15
22
2
16
9
20
6
19
16
3
24
7
18
6
44
12
9
13
15
17
39
16
40
6
14
19
33
30
19
15
43
16
33
7
27
20
1
4
21
16
6
42
13
4
2
21
13
47
14
10
7
16
5
12
3
7
3
27
3
11
16
4
4
10
16
23
18
4
3
16
19
9
7
8
11
2
34
24
17
21
17
18
9
20
27
24
4
11
4
11
4
17
18
10
19
24
13
14
25
12
15
5
17
10
9
31
17
23
12
7
11
9
38
21
11
13
12
25
8
26
3
38
33
16
4
28
13
17
24
5
10
19
6
18
11
9
6
2
4
15
26
8
17
4
20
25
23
10
12
16
13
17
6
26
20
8
16
2
18
18
29
15
22
9
7
17
16
5
30
7
4
21
5
12
7
15
15
3
21
2
5
23
12
4
8
12
3
5
4
10
7
15
6
8
13
15
18
18
10
4
31
19
16
5
22
29
13
19
41
12
8
1
12
18
4
7
26
16
7
11
21
6
21
18
2
9
11
15
12
18
2
24
14
7
14
25
13
34
26
12
8
20
26
35
15
20
24
11
15
16
25
18
13
7
5
19
8
5
23
7
22
23
22
21
20
14
5
8
7
21
9
26
25
26
8
22
17
22
23
6
2
8
7
22
16
22
20
23
9
6
17
24
35
21
21
17
15
4
22
12
18
16
20
14
8
7
17
27
2
14
7
15
18
9
6
4
3
25
23
14
2
7
8
10
17
22
4
21
15
4
14
24
15
6
10
17
23
17
21
18
21
23
26
21
16
17
5
15
34
3
12
20
18
31
17
17
18
6
14
5
13
26
5
15
5
8
27
21
21
18
17
9
7
5
17
11
19
23
19
20
15
23
38
8
35
15
16
20
6
19
23
4
31
30
18
14
11
15
15
26
4
29
15
24
4
20
12
13
5
13
21
7
6
19
27
8
27
6
6
5
12
5
14
19
9
42
14
39
7
9
16
7
10
18
33
34
22
14
10
13
22
14
13
19
5
16
28
10
3
5
5
16
4
7
31
17
10
8
4
18
9
12
12
27
23
11
14
6
10
24
8
5
10
11
5
24
18
23
19
15
9
2
12
26
26
7
23
21
20
28
36
16
9
8
23
1
17
3
2
8
22
7
4
9
30
33
28
7
21
5
8
19
4
9
3
10
4
24
1
2
12
15
14
18
22
25
2
23
13
2
18
21
17
6
2
13
9
41
21
14
19
23
2
2
23
10
16
17
13
5
19
24
16
9
4
27
8
21
1
1
19
15
5
1
31
32
30
9
6
5
16
13
16
15
14
19
31
20
7
3
15
30
1
56
19
30
5
8
22
5
15
16
15
6
5
8
20
8
18
12
10
5
24
1
22
29
19
35
3
27
38
15
18
10
2
36
16
15
16
23
2
24
5
16
6
19
8
15
13
27
11
20
9
14
19
9
6
21
37
38
12
25
4
7
3
16
24
19
13
15
30
14
5
8
13
7
17
19
26
17
3
14
22
13
14
27
23
9
11
7
48
11
18
24
4
1
13
9
22
26
16
13
20
14
12
26
5
22
9
3
16
13
12
19
3
18
10
14
8
28
23
10
10
14
13
20
19
4
12
14
6
20
11
4
11
26
27
21
1
5
18
7
4
18
3
12
4
7
24
7
6
15
21
8
10
16
5
13
20
20
17
23
8
2
8
5
8
3
14
5
16
23
10
8
39
12
4
25
9
23
17
19
11
7
22
16
20
19
23
4
18
18
9
24
12
27
17
11
10
13
31
9
9
31
20
8
5
7
13
7
13
6
4
23
10
6
12
9
15
5
17
8
21
8
8
25
10
9
2
12
4
26
16
29
10
20
3
13
6
21
13
14
10
24
7
17
17
12
6
10
16
17
35
6
15
16
16
2
7
20
27
5
11
23
15
9
8
21
5
10
1
38
12
18
22
5
26
17
3
3
7
12
17
13
4
9
7
5
24
23
14
3
10
17
14
5
14
7
8
10
10
2
24
35
21
19
2
14
18
18
19
13
14
3
32
8
17
4
11
10
9
17
21
20
4
18
12
17
6
40
13
19
25
8
29
4
21
12
2
19
18
20
20
9
5
29
7
5
16
23
22
22
15
7
11
6
14
23
38
9
13
30
8
4
4
16
30
33
8
10
9
6
28
17
20
8
18
11
25
14
5
5
5
22
6
4
19
16
21
15
5
2
20
21
37
22
7
17
3
19
16
13
17
2
17
4
26
15
1
20
17
7
3
21
25
23
17
10
29
22
19
23
6
36
23
27
12
12
35
4
5
11
11
13
19
22
7
13
12
3
10
24
4
7
4
17
6
10
9
10
11
14
4
20
10
13
14
9
4
15
21
6
27
28
12
9
25
25
29
11
11
15
27
17
13
14
5
12
14
3
3
30
9
3
23
5
17
27
8
20
4
10
22
4
32
21
15
2
14
4
13
15
17
8
8
25
14
13
19
20
8
22
14
17
11
3
5
9
15
2
11
32
1
10
12
1
15
21
20
26
7
20
38
3
14
9
7
8
9
28
5
37
20
14
21
20
33
22
3
12
12
11
27
14
9
11
3
11
21
3
8
37
17
7
31
7
3
4
23
26
14
23
20
10
11
12
4
17
11
15
9
5
15
5
16
32
13
12
11
20
26
13
9
21
10
8
6
20
16
13
15
20
19
9
17
8
20
9
17
37
15
23
4
11
26
4
3
2
12
23
4
3
6
11
8
22
5
28
12
7
23
2
22
11
8
13
3
11
6
4
4
25
18
7
13
34
31
12
13
24
16
18
6
9
12
9
10
21
10
16
5
11
13
5
31
29
5
4
16
8
11
28
28
22
4
12
5
15
5
25
41
23
3
5
18
23
26
4
7
23
1
20
4
6
24
17
5
9
32
12
4
32
12
29
38
10
11
21
1
16
6
8
11
22
4
9
23
6
21
1
20
16
15
25
4
2
26
20
6
7
27
8
5
3
9
23
6
16
8
34
14
7
19
7
14
37
15
15
5
12
3
11
4
47
5
20
10
12
3
10
14
6
9
18
4
14
22
16
15
7
24
31
3
15
16
5
7
23
5
5
6
44
10
12
8
38
13
5
9
21
12
10
6
30
23
17
13
11
4
14
26
10
13
18
17
11
5
27
11
4
20
13
14
6
9
13
29
30
10
3
13
29
13
14
13
12
23
13
18
21
18
7
39
13
13
7
19
11
1
2
11
2
26
11
15
12
13
8
2
19
6
14
3
16
11
3
26
11
9
5
4
3
9
7
15
2
3
15
7
10
11
11
28
7
9
14
16
29
28
5
21
11
7
2
25
5
10
20
3
10
20
8
3
5
16
67
1
8
7
11
17
25
9
17
16
14
2
20
12
17
10
40
5
2
13
20
11
11
11
24
3
20
32
6
6
3
23
21
3
29
11
9
16
16
14
3
5
14
12
9
4
11
15
6
7
8
27
13
26
16
12
12
19
17
18
11
19
12
16
5
9
13
4
11
8
12
8
21
26
7
6
15
11
15
20
3
1
3
24
11
8
14
5
31
5
20
8
22
12
29
19
11
24
21
6
20
8
1
10
25
2
9
8
12
13
6
17
22
19
12
21
17
22
17
22
3
11
10
11
9
23
34
15
17
27
9
2
7
38
19
19
16
14
8
25
5
20
20
4
22
5
10
5
3
8
16
2
13
22
20
4
17
36
3
12
8
8
7
9
21
23
5
15
13
5
5
3
8
16
4
37
4
3
23
6
18
8
6
25
13
23
18
13
19
3
16
12
3
38
16
3
4
6
22
10
3
15
11
33
29
15
26
15
4
29
15
16
20
13
14
7
6
1
6
23
3
16
16
22
2
10
9
5
27
14
13
12
8
2
26
2
5
30
7
18
26
17
20
4
16
10
28
26
8
6
13
25
16
3
4
6
6
28
5
13
23
21
23
11
9
18
14
20
3
19
4
5
14
10
25
19
19
12
9
6
7
48
4
1
14
11
21
11
19
17
22
19
21
21
7
11
2
21
59
22
18
19
16
1
24
7
6
9
16
18
9
14
5
25
36
20
10
4
12
12
15
12
5
2
18
21
22
7
13
19
25
32
26
3
20
12
23
13
15
12
6
12
16
14
4
15
8
11
17
4
3
14
8
6
19
28
6
19
26
23
23
34
4
9
18
1
22
25
8
5
13
5
10
29
13
1
24
5
20
10
4
4
24
4
27
7
3
4
1
9
16
29
18
4
15
23
12
29
13
7
19
11
5
16
8
16
25
20
20
3
3
6
20
2
22
14
10
5
8
16
35
3
29
19
18
7
19
11
14
19
12
18
5
11
20
46
16
5
3
4
9
2
5
15
15
8
13
10
1
4
19
11
17
9
7
25
6
19
5
15
10
16
6
6
3
16
5
7
15
11
16
10
24
2
29
6
11
18
8
16
12
3
5
14
19
1
18
7
9
14
4
41
13
3
7
20
22
13
12
7
1
7
3
12
15
8
3
21
18
5
24
6
24
17
18
14
9
22
23
11
10
7
9
20
4
17
1
15
3
14
27
35
13
13
22
2
19
21
4
16
6
12
19
3
14
16
13
4
5
1
11
6
21
4
4
1
17
12
4
14
7
28
2
35
9
7
22
15
1
24
15
18
5
5
8
21
7
12
10
8
15
33
21
11
26
8
17
9
5
12
30
4
9
5
25
6
22
6
11
12
22
6
28
4
9
3
19
1
6
14
23
37
11
14
15
13
3
11
18
16
9
27
37
24
8
5
9
15
32
14
3
5
3
15
3
9
6
5
29
7
6
4
22
11
27
14
19
10
4
16
6
14
15
8
14
26
20
11
8
19
6
26
5
20
14
20
22
19
8
17
15
3
18
16
4
6
19
26
4
6
20
2
7
17
5
19
22
24
9
4
5
6
24
21
7
11
14
11
6
10
12
16
9
9
6
7
37
11
20
17
33
4
20
46
14
23
5
3
19
10
16
16
19
24
6
11
28
24
8
18
15
23
19
28
26
16
21
13
9
12
16
7
8
32
2
27
12
14
19
6
8
23
6
15
38
31
30
12
7
23
19
31
3
13
1
11
20
10
17
29
15
5
4
9
4
34
15
18
7
10
15
13
13
21
10
24
21
2
15
7
14
4
30
8
17
2
7
20
29
5
4
7
17
6
11
12
4
7
32
25
8
33
1
23
4
8
30
7
41
1
16
6
5
18
23
21
16
4
15
26
22
8
51
11
30
19
19
44
5
11
12
22
18
4
35
33
10
12
10
18
7
9
19
6
44
18
30
2
11
20
10
31
20
23
11
26
22
3
28
17
20
18
23
35
12
24
16
17
17
37
14
7
14
1
6
6
30
33
2
30
17
2
4
5
33
15
26
23
15
12
31
4
10
39
7
9
9
14
13
35
10
19
5
32
22
19
17
18
21
27
20
24
20
24
24
9
26
26
1
17
15
47
13
18
29
10
13
32
7
21
16
19
13
27
34
8
35
2
5
26
11
8
12
17
15
30
9
12
15
9
3
28
45
7
30
26
12
21
25
13
3
30
27
7
3
36
29
14
14
23
16
39
12
10
7
1
24
3
10
13
10
10
9
4
19
26
16
1
14
16
14
2
13
28
12
4
15
12
14
25
31
24
50
4
3
28
20
6
13
5
21
14
14
16
60
13
8
9
15
19
14
1
12
17
20
2
15
38
3
29
30
9
11
18
11
41
2
6
13
13
10
2
28
10
11
18
31
17
24
4
46
10
23
11
6
6
8
22
14
26
17
18
14
4
11
15
11
6
22
23
16
20
7
21
21
18
2
9
6
16
18
20
8
9
16
9
20
17
10
6
5
27
26
8
8
6
17
5
2
8
22
5
24
18
3
15
15
18
11
20
11
22
11
16
18
8
17
11
11
11
20
28
28
23
10
10
8
18
21
14
18
30
7
4
27
11
20
13
18
11
15
24
12
6
6
11
2
6
32
13
19
39
25
6
13
9
20
19
10
4
32
5
2
18
9
20
26
7
14
6
11
20
3
18
32
16
4
14
18
13
25
17
17
11
21
25
5
3
43
15
6
13
13
14
20
4
17
4
8
10
34
8
17
5
14
17
16
8
21
2
25
6
12
16
32
19
11
12
16
2
12
18
19
7
14
17
7
28
7
5
3
5
26
12
53
2
18
13
5
28
7
7
23
8
9
29
14
2
19
29
20
24
12
8
13
5
2
20
8
29
30
15
18
26
11
4
12
18
17
4
4
12
8
6
5
24
13
3
20
14
6
7
10
11
18
9
23
28
7
14
4
19
26
30
23
3
23
9
1
25
7
1
5
15
12
21
15
11
17
12
5
6
3
5
18
23
9
7
11
11
12
31
12
18
15
13
3
16
20
6
14
41
11
15
2
11
12
25
16
18
18
21
4
19
6
10
18
10
7
8
18
11
13
11
17
10
8
7
10
7
3
29
6
11
3
14
23
25
31
2
7
26
29
14
24
10
27
25
7
9
21
5
20
12
16
7
14
3
3
12
16
15
10
10
3
16
30
9
5
15
4
22
28
10
4
3
6
16
19
37
24
18
8
13
10
34
12
14
28
15
7
35
18
8
14
19
5
13
17
14
25
22
18
22
11
17
10
8
18
23
14
7
12
15
26
22
38
18
6
12
21
11
17
5
5
8
7
4
2
28
2
13
8
2
16
30
21
26
15
10
25
12
4
15
2
14
17
18
19
32
18
4
7
8
17
8
12
24
28
2
3
15
14
16
10
17
15
18
20
7
17
22
12
4
19
24
20
24
8
10
3
19
19
13
11
16
17
30
10
17
18
8
15
15
3
6
15
12
3
8
19
2
11
8
7
6
3
6
21
11
19
22
20
5
28
21
15
31
7
5
18
6
31
41
6
1
12
13
6
8
4
12
15
37
8
12
13
5
22
7
18
3
8
13
21
9
16
6
11
8
6
21
30
7
12
5
23
13
4
17
9
2
4
6
16
14
16
12
8
7
19
17
3
5
14
7
18
19
24
13
14
28
3
5
29
2
4
2
27
19
15
15
17
11
20
25
12
24
3
21
14
16
18
28
14
3
6
37
6
11
11
3
15
21
3
19
4
4
4
19
15
33
11
9
11
8
23
5
9
5
18
9
14
14
22
31
7
4
17
12
5
16
21
2
19
13
12
18
2
22
3
3
21
2
17
18
6
4
17
16
10
43
20
28
2
4
13
43
14
15
4
24
4
22
4
12
1
5
12
6
11
13
29
5
28
18
10
2
8
6
16
11
16
1
12
3
18
12
13
17
9
32
15
9
2
9
13
3
14
17
14
13
10
18
11
9
4
12
20
11
6
21
16
8
8
13
14
18
31
25
11
29
16
23
23
14
5
2
10
6
27
10
8
4
9
14
7
11
12
15
8
16
13
3
12
15
2
18
6
13
7
3
11
10
28
15
30
6
28
12
18
5
3
3
28
1
16
13
3
17
30
1
4
9
33
4
3
13
29
10
6
9
2
6
4
8
10
3
15
19
10
6
7
5
25
14
2
21
17
26
22
27
7
15
3
17
9
6
12
23
7
20
10
11
24
2
8
4
24
20
24
6
18
14
23
16
16
9
18
18
8
10
5
20
19
3
10
9
15
10
19
14
9
8
13
10
8
19
13
8
19
14
14
42
5
6
16
34
21
6
26
16
3
16
17
10
43
8
19
10
34
9
1
13
9
10
19
4
1
7
12
11
8
25
16
17
5
9
18
12
5
11
13
11
17
18
5
7
9
22
7
13
31
14
15
11
12
19
25
3
2
19
19
4
22
21
5
19
17
10
13
24
19
6
6
5
16
7
10
17
21
15
15
26
9
23
19
27
4
13
8
7
22
14
16
17
6
15
15
4
8
14
2
29
7
36
9
5
20
14
12
23
16
15
19
9
14
17
3
3
25
8
2
29
6
8
3
8
9
5
7
6
17
22
18
17
15
18
2
31
2
13
37
9
12
21
12
26
31
14
12
16
16
13
7
2
9
11
29
2
30
9
21
3
12
22
5
37
5
34
12
16
20
35
18
3
19
28
30
13
14
21
16
9
8
11
11
3
6
13
5
16
11
35
31
8
5
14
14
12
7
14
9
14
20
18
15
13
13
5
5
13
6
12
18
10
18
15
6
45
5
13
7
18
38
5
25
16
11
6
7
29
17
22
8
13
2
19
16
10
10
28
25
6
5
11
38
24
42
17
9
12
5
8
34
3
4
8
11
13
9
3
21
12
15
19
2
2
2
19
12
5
14
4
10
7
11
21
10
5
13
5
18
15
23
30
9
10
26
7
5
21
11
48
7
11
9
18
2
4
13
1
22
6
5
13
1
13
17
4
6
19
8
17
9
6
20
10
8
4
9
4
10
23
19
7
12
18
23
11
24
20
14
14
3
23
22
15
23
1
27
6
3
18
24
10
18
20
3
37
3
23
7
18
17
11
7
9
17
12
21
10
2
4
7
15
4
14
2
22
13
12
6
6
4
15
2
10
20
16
4
21
13
9
20
7
17
8
18
3
12
2
22
17
27
8
13
12
16
19
17
2
6
5
20
13
9
44
3
15
6
39
29
7
11
18
21
13
18
20
5
7
7
7
12
25
12
32
12
14
20
2
15
4
19
5
8
9
21
19
9
16
18
39
16
5
4
18
25
15
15
5
6
16
10
4
23
13
35
7
17
5
9
29
9
26
15
27
14
5
28
5
3
2
5
34
14
9
38
14
25
1
6
19
4
33
6
34
23
4
7
18
13
17
8
4
10
14
1
15
22
12
2
14
29
19
17
