736
35
1000
1000
89
724
1000
210
51
7
308
709
536
153
301
1000
413
542
144
298
8
180
946
37
56
63
137
41
331
84
182
121
18
57
48
463
134
125
11
96
17
152
402
195
65
64
280
279
109
77
1
122
40
114
13
60
62
39
71
43
258
8
197
18
65
89
16
66
47
9
51
33
65
169
28
46
26
9
56
30
12
60
66
10
3
125
130
86
10
20
57
67
37
54
121
16
8
53
22
66
48
25
89
8
9
4
23
32
87
14
25
57
9
10
43
31
42
45
55
33
5
36
136
24
38
60
46
25
88
12
49
111
107
67
19
48
42
7
10
15
50
70
9
12
15
13
18
21
56
17
1
27
18
14
32
18
54
69
35
7
9
69
45
25
16
11
30
19
62
18
31
60
41
43
11
10
54
2
18
10
26
60
20
39
52
56
14
18
30
4
17
28
13
53
56
18
61
7
1
98
58
10
37
9
12
18
12
23
1
9
15
24
37
28
31
20
19
13
3
3
21
20
19
19
27
40
44
30
14
42
32
28
5
23
29
10
19
27
33
29
27
31
8
6
38
71
11
70
63
8
71
20
37
3
21
7
6
3
3
37
43
25
9
3
13
8
12
52
30
19
25
19
7
10
34
14
37
26
28
25
22
14
58
14
3
26
34
9
39
29
47
17
2
15
24
9
49
16
3
11
15
2
11
33
29
13
9
26
10
48
7
15
20
23
4
13
21
36
5
14
2
23
28
9
6
20
5
3
11
7
32
7
28
32
20
17
4
9
20
8
14
62
24
24
28
24
61
33
70
21
12
14
46
6
15
2
4
22
26
4
11
5
14
6
45
24
36
44
22
10
4
7
16
23
7
50
15
52
26
6
39
31
20
47
52
50
7
4
39
29
34
14
3
49
13
10
13
11
31
17
12
40
18
16
19
24
32
30
15
25
26
32
23
35
9
37
31
36
63
19
8
13
38
13
2
26
30
30
13
29
12
18
21
72
20
39
27
26
25
27
23
37
9
4
17
14
4
18
22
88
26
19
4
10
4
5
39
27
21
33
3
41
24
5
30
19
34
14
13
25
4
43
28
23
39
17
9
1
24
14
31
32
48
16
50
14
23
14
26
10
19
10
5
27
37
8
33
9
20
4
12
16
28
11
16
8
5
5
5
11
8
37
21
9
12
23
38
6
9
8
4
12
29
22
30
21
10
11
21
24
38
35
18
39
4
6
27
25
12
32
25
1
3
3
9
18
27
7
6
24
4
20
26
15
34
16
16
20
24
20
28
13
47
37
35
12
8
1
16
38
35
4
23
17
9
37
11
20
5
45
31
23
3
7
33
7
4
51
3
33
10
15
6
15
15
5
24
6
6
14
29
19
11
2
35
14
25
13
53
20
17
9
26
2
5
5
15
31
28
8
23
26
14
21
2
4
6
4
24
19
3
28
37
22
35
24
9
6
8
9
9
3
17
42
27
12
19
23
28
30
8
11
35
35
28
3
18
7
14
4
7
8
13
13
20
10
23
14
33
4
5
3
14
13
11
36
15
14
10
14
45
19
27
41
41
26
29
13
51
18
13
25
44
40
37
10
14
24
37
31
7
25
23
4
27
16
6
26
2
3
6
35
13
6
17
4
29
17
6
2
17
10
23
12
56
10
34
19
30
14
6
10
14
28
16
25
6
34
23
33
27
44
26
61
3
9
12
6
60
5
9
35
4
26
3
11
40
5
5
4
16
28
6
6
14
8
15
5
22
8
23
15
1
16
10
22
14
14
15
45
36
17
6
8
31
23
15
14
15
11
5
27
17
20
19
9
16
32
6
5
9
49
52
9
12
61
20
1
6
19
16
4
12
19
16
4
11
4
3
4
10
12
20
21
17
18
5
34
13
5
34
17
24
12
19
4
3
38
51
18
5
22
11
10
11
8
15
12
16
10
9
14
19
30
26
57
9
25
3
17
4
12
2
23
11
20
32
6
7
14
16
25
30
4
13
19
14
23
4
8
11
3
11
16
13
24
14
12
25
42
29
24
9
20
17
12
14
17
16
15
9
44
13
12
21
24
16
17
2
15
3
4
21
9
21
13
7
13
13
4
18
8
7
21
35
26
35
7
4
11
2
35
13
23
18
5
12
7
13
3
16
23
14
14
21
10
7
21
7
1
7
13
23
9
22
17
20
15
36
18
10
3
10
33
28
7
17
11
33
16
21
7
5
24
6
26
17
24
27
4
6
5
13
6
18
19
20
30
24
4
33
19
14
23
18
11
10
32
15
18
16
13
13
15
5
10
15
32
18
28
11
34
13
26
20
7
16
7
18
17
17
10
14
11
4
5
7
26
19
13
12
12
15
13
7
8
4
19
17
5
15
29
17
15
8
13
31
1
17
4
12
4
25
9
20
10
20
20
10
12
6
27
13
4
16
14
8
20
14
12
11
10
48
35
11
12
18
20
6
12
5
15
21
6
16
25
26
29
24
12
6
6
4
27
11
37
16
13
25
6
30
20
20
11
10
12
15
8
9
1
12
5
3
15
10
16
12
5
16
5
1
3
14
18
11
13
20
18
23
10
20
19
15
24
2
17
5
25
57
11
20
13
19
2
26
22
13
14
27
20
6
5
2
20
15
24
3
4
18
27
4
12
4
25
6
2
20
36
5
6
4
5
2
7
14
16
6
15
17
15
21
5
28
8
16
8
18
14
15
7
10
18
16
6
22
4
36
25
5
15
13
15
20
3
16
12
19
4
9
18
11
20
27
8
7
3
11
1
6
13
21
16
8
5
12
17
21
15
23
11
6
6
17
14
28
5
18
18
11
8
23
13
8
22
23
2
15
24
28
10
8
3
14
30
6
16
8
18
20
22
17
22
14
10
16
17
2
12
5
13
15
13
16
21
5
32
11
19
11
11
2
8
9
18
2
20
18
2
12
44
15
9
10
34
20
13
4
8
22
10
12
15
5
4
11
14
9
20
14
18
6
7
18
8
5
10
23
13
40
10
4
17
20
13
29
13
11
22
25
24
18
7
13
4
5
12
3
17
1
6
2
5
29
5
5
4
23
11
48
3
10
17
21
2
4
19
1
5
24
34
20
20
8
11
21
28
18
11
5
3
30
4
23
11
9
9
25
8
4
35
20
21
10
11
4
15
21
2
24
4
14
3
23
11
23
3
11
21
3
9
7
4
14
24
21
7
23
29
10
7
6
17
23
3
9
8
4
7
33
16
42
14
24
49
8
12
20
20
7
16
39
19
9
29
23
16
14
17
12
28
4
6
10
6
26
12
18
23
10
19
6
7
12
7
4
27
18
3
17
15
18
10
5
28
20
21
17
5
18
5
1
14
3
11
16
4
8
7
18
15
12
13
1
22
5
4
13
12
17
5
13
21
4
20
48
19
20
12
3
27
6
26
6
25
18
18
9
4
20
9
12
17
11
4
10
28
7
14
21
25
3
10
7
8
17
35
18
2
22
22
19
11
9
13
11
21
6
15
17
21
27
33
19
7
18
13
23
20
6
25
23
33
14
18
13
12
15
13
16
33
36
10
21
13
8
19
19
26
25
3
17
11
33
28
6
14
9
25
15
16
1
12
7
14
14
4
13
8
2
26
15
21
6
5
12
8
28
20
6
11
26
14
10
13
22
14
24
16
5
11
10
35
16
15
23
11
25
27
25
1
24
4
18
20
5
15
15
12
6
17
17
6
4
49
14
22
9
5
20
4
9
18
20
11
8
26
20
11
18
20
6
23
15
13
12
10
14
24
17
21
22
2
29
16
7
2
4
24
16
4
3
8
5
16
19
27
12
17
11
3
3
12
5
22
7
18
7
3
16
21
10
19
16
6
9
16
12
12
13
11
6
6
22
15
26
16
7
27
18
18
17
21
6
14
14
13
36
29
22
9
25
15
12
8
24
5
22
10
12
16
11
17
4
4
25
26
30
17
11
26
25
16
11
17
11
19
15
17
22
1
5
12
5
22
9
19
12
20
4
5
15
9
13
3
5
4
7
12
11
5
5
14
10
2
8
16
21
7
4
24
28
16
6
21
26
14
15
5
18
20
5
27
9
13
26
6
13
20
3
16
5
20
17
2
9
11
13
10
20
6
4
11
20
33
8
12
2
12
8
24
28
8
12
15
3
11
6
4
18
18
10
32
12
17
11
8
24
22
10
7
5
13
24
25
17
8
25
32
15
15
18
17
3
21
10
17
20
15
12
31
22
23
24
6
2
18
30
3
18
16
3
17
4
5
7
3
6
17
20
22
17
27
16
6
5
22
5
6
19
19
18
39
21
22
10
5
18
16
15
4
2
13
3
25
24
17
10
12
13
10
13
14
3
15
24
10
10
20
10
14
13
19
15
8
15
24
14
23
27
11
10
12
7
18
15
26
16
36
12
23
3
10
1
5
27
13
7
7
36
3
22
15
4
8
19
10
17
13
17
28
21
7
10
3
11
12
3
16
27
8
10
22
17
6
18
8
8
42
8
15
26
4
24
11
14
25
22
6
4
12
5
13
12
9
9
14
11
24
11
20
12
4
9
14
13
7
23
25
8
6
16
19
10
4
11
8
17
15
18
21
15
17
23
2
24
19
10
18
3
10
23
11
31
40
26
8
4
20
21
18
22
12
12
15
10
10
2
10
12
26
26
11
20
11
5
8
9
12
10
29
22
11
20
27
4
27
8
13
11
15
17
45
2
12
31
4
10
5
25
4
4
3
12
12
14
9
5
21
39
11
5
14
10
9
17
4
13
17
23
16
15
9
18
12
14
2
4
4
4
36
17
5
13
11
5
11
13
3
11
15
12
8
3
14
27
60
18
8
20
13
8
3
3
31
19
4
14
15
14
18
2
6
21
7
8
11
28
19
5
7
14
5
5
26
8
18
9
14
4
1
17
15
14
10
14
16
15
24
7
14
12
41
11
8
12
42
9
5
18
20
30
9
23
20
32
19
18
10
11
10
23
23
11
2
16
18
8
20
14
14
14
6
20
10
4
5
34
32
9
9
5
36
19
5
11
9
3
23
6
14
6
21
4
26
9
9
17
9
15
15
8
21
14
21
4
23
8
8
13
13
10
24
13
32
20
7
1
22
14
6
26
2
28
26
12
6
10
10
11
15
11
5
13
6
22
16
20
17
3
14
21
11
10
15
13
18
9
2
8
9
22
13
10
1
18
37
3
9
23
31
12
18
12
10
9
15
11
12
5
3
22
9
15
16
21
11
22
14
10
7
18
11
20
3
19
7
16
11
7
22
23
12
14
8
26
22
22
6
4
2
8
12
17
10
18
7
4
27
31
14
40
21
10
6
18
2
24
11
11
23
18
12
15
3
15
5
22
10
19
19
26
32
22
22
16
46
12
6
9
11
7
7
23
7
6
18
15
15
12
8
28
11
16
9
24
5
19
12
4
19
8
28
15
15
2
3
9
8
19
13
10
6
12
9
1
14
22
19
14
3
13
20
8
16
4
5
3
25
17
7
7
11
4
5
24
3
12
6
30
22
23
12
21
4
17
6
19
17
18
16
13
5
4
28
9
3
17
7
9
5
16
33
12
14
13
24
6
10
8
32
4
9
11
9
28
12
3
7
24
6
9
7
8
23
23
7
30
4
14
9
3
10
40
3
14
37
2
18
13
3
24
14
26
2
17
32
18
18
12
4
3
32
3
7
14
4
23
3
9
9
4
11
2
4
14
2
13
4
3
5
11
22
5
9
26
4
7
6
2
13
25
10
25
3
15
10
12
14
9
7
31
15
6
15
3
7
3
23
4
5
8
11
7
35
31
4
8
5
24
9
10
15
12
13
22
30
10
15
16
12
7
13
8
10
16
13
14
4
8
13
45
24
15
6
6
3
6
5
5
5
30
8
24
40
6
5
35
14
27
11
28
25
6
12
24
15
23
8
3
5
25
1
6
5
14
19
4
7
20
21
9
14
25
23
12
7
22
32
1
14
20
6
44
22
13
5
11
10
4
5
13
7
13
1
5
5
6
21
8
7
16
17
7
8
7
4
7
4
16
8
13
16
14
15
33
21
7
17
6
20
6
25
13
5
14
9
5
3
6
22
5
9
4
1
5
31
12
12
15
27
17
11
17
13
3
10
14
28
7
28
5
11
5
5
11
20
14
19
23
4
28
13
12
17
16
7
7
18
9
5
8
8
25
15
9
12
17
9
14
14
8
13
12
27
13
23
6
21
2
11
18
6
2
18
19
23
9
14
3
7
16
10
25
18
7
1
26
15
21
22
15
16
31
15
27
23
3
14
12
11
27
12
9
8
15
9
15
3
8
45
17
11
4
11
24
17
8
13
3
10
19
5
3
20
4
21
13
20
25
5
19
9
7
3
31
13
12
7
19
14
12
10
14
5
42
25
5
19
6
14
21
7
22
24
6
21
36
10
13
17
12
16
1
5
17
10
25
3
3
4
13
23
16
7
23
20
21
13
7
14
8
13
3
9
6
4
4
17
3
23
22
20
11
19
27
24
5
14
18
2
11
23
14
10
11
10
5
17
20
2
13
22
14
12
3
11
5
16
8
13
18
19
6
14
13
10
6
10
7
9
10
24
4
23
3
15
12
14
24
5
5
6
3
21
5
18
10
7
18
21
7
12
26
4
6
15
5
20
26
23
36
16
17
19
19
10
6
10
6
9
27
14
5
16
5
13
3
22
13
12
21
4
9
6
7
19
6
9
5
5
21
21
26
22
20
7
16
7
14
27
10
14
8
10
3
8
12
3
21
27
10
8
16
14
13
3
13
5
13
13
4
11
16
6
22
23
6
6
11
4
14
11
26
4
3
9
7
15
8
4
22
28
1
1
7
10
6
7
5
21
17
9
2
24
4
3
10
4
9
2
4
8
9
1
13
23
36
25
10
11
11
2
3
7
18
8
15
18
15
22
19
5
26
9
6
2
13
21
15
12
29
5
7
13
13
12
13
11
21
4
23
20
3
21
4
24
22
10
19
3
1
4
12
8
19
24
16
5
16
4
12
16
17
16
22
2
21
5
6
11
7
15
2
3
13
7
17
7
11
30
14
12
11
19
16
21
11
2
6
9
2
3
5
3
30
5
8
13
8
13
21
14
20
8
17
18
26
12
17
2
14
18
9
21
4
12
6
22
12
20
18
25
21
10
11
9
1
11
23
3
43
14
7
8
6
21
8
11
18
9
9
12
13
13
14
12
11
18
17
27
2
9
28
4
2
9
2
28
11
15
19
24
9
16
15
9
6
15
13
18
4
9
6
24
6
5
21
16
12
15
11
9
11
1
6
22
16
13
4
25
18
4
17
13
10
9
17
7
25
31
4
10
23
28
1
12
23
11
12
10
9
32
10
23
16
14
10
4
36
10
8
14
23
5
22
6
21
14
41
30
9
3
21
6
11
9
16
10
6
6
17
18
19
15
10
5
22
19
10
15
10
5
3
8
12
14
19
7
12
15
6
31
37
12
10
5
17
6
28
26
21
12
25
17
20
30
8
23
10
29
22
4
28
3
31
6
13
11
3
52
5
8
21
10
3
15
10
33
35
2
25
8
13
3
35
24
17
5
12
19
19
9
18
3
15
27
11
2
17
5
5
18
9
31
12
8
2
29
32
9
13
17
3
9
4
4
21
7
14
21
7
32
13
15
10
17
26
17
16
7
19
33
30
12
20
11
9
27
9
30
7
14
24
25
14
17
7
17
19
38
12
20
11
34
10
5
14
7
15
11
6
27
21
14
6
25
11
33
5
10
9
6
7
12
2
25
19
18
11
18
24
16
19
26
35
39
24
5
19
5
2
16
31
12
6
15
54
11
2
16
10
8
7
6
17
3
8
15
15
12
5
5
18
30
22
29
10
4
3
20
4
22
37
5
23
15
43
19
20
15
11
12
1
24
21
27
5
8
3
6
24
7
28
10
24
9
27
11
29
3
2
5
1
7
10
6
17
30
13
4
8
9
7
24
25
2
13
24
17
18
26
2
37
10
15
12
12
7
14
6
24
6
7
16
18
36
13
20
29
26
13
33
18
5
11
17
5
26
20
24
8
26
18
7
2
11
20
17
10
21
4
21
27
6
32
40
53
19
15
2
21
37
10
15
9
9
27
3
5
15
19
1
24
9
6
21
74
14
2
2
20
5
16
21
2
9
12
5
2
11
2
7
3
4
24
26
6
26
25
22
35
2
28
11
44
16
9
2
8
17
6
4
22
14
20
9
15
23
2
19
21
4
14
8
22
3
8
14
16
16
4
5
1
32
12
6
13
29
21
19
7
10
9
6
32
5
1
18
15
1
24
16
32
16
13
7
24
8
15
32
24
41
19
27
15
35
9
4
16
4
18
12
28
11
14
10
38
10
6
5
4
2
23
32
19
18
18
20
15
21
24
31
4
22
7
5
9
11
18
28
30
3
13
9
24
20
9
17
5
6
13
4
4
7
18
9
4
17
19
14
16
2
5
16
9
10
4
20
3
1
22
9
2
9
18
1
17
23
43
3
2
8
8
16
16
3
22
11
5
6
22
25
22
27
22
8
17
3
9
23
16
9
12
3
13
14
2
26
16
2
11
24
13
11
28
32
21
16
20
20
9
12
27
16
2
20
24
3
19
29
8
14
4
13
17
5
24
7
11
6
10
11
5
15
11
18
11
18
15
18
16
10
19
27
26
10
26
18
18
12
15
17
34
7
16
35
3
22
24
14
15
19
30
23
11
13
23
7
5
16
6
16
15
3
15
11
19
5
15
4
12
15
14
1
34
13
7
17
29
17
26
19
19
5
10
17
17
16
37
3
9
6
14
2
10
12
7
6
24
2
18
5
16
18
4
9
7
31
16
14
20
13
8
12
10
8
10
13
5
14
24
19
14
24
22
14
5
8
8
28
15
18
11
39
26
13
17
4
17
7
2
9
23
7
4
31
5
14
8
13
19
6
8
7
6
9
8
13
5
40
4
6
14
17
14
11
4
22
13
15
11
6
16
14
17
16
3
20
3
26
13
20
16
23
30
12
11
8
6
22
11
25
8
20
17
9
14
6
29
19
30
33
30
9
1
14
15
12
6
21
10
24
5
3
3
25
8
8
8
23
9
31
6
17
35
16
21
12
1
14
17
5
16
13
26
37
14
13
10
15
4
20
17
19
19
21
11
27
4
13
19
29
1
26
5
3
11
25
17
3
21
13
19
3
8
11
15
21
4
20
9
6
18
3
27
20
13
16
10
13
21
24
10
8
14
4
2
18
37
14
6
18
8
20
15
2
34
19
25
3
32
7
3
27
24
5
18
10
4
17
19
5
24
5
1
11
12
5
40
22
14
7
8
12
22
26
2
10
13
8
9
8
20
38
19
15
12
12
1
2
13
12
12
4
19
6
5
20
9
8
17
15
3
13
16
30
15
13
10
4
8
20
3
32
21
7
21
2
12
4
33
18
4
42
2
36
19
3
18
8
9
6
20
21
11
38
12
2
29
9
14
15
18
23
26
13
2
13
5
8
13
13
15
6
4
7
9
20
11
20
4
11
22
27
10
24
20
18
2
8
20
4
28
22
12
20
24
10
10
18
26
9
12
15
18
3
7
9
3
8
46
22
12
5
7
13
23
3
22
19
7
25
19
40
7
4
17
18
12
15
8
11
2
18
35
25
17
8
29
5
11
29
16
2
6
5
3
9
16
7
27
26
6
20
16
27
6
19
25
15
12
13
22
15
8
2
15
39
30
13
3
15
10
16
8
37
5
2
24
10
14
12
28
12
5
14
9
15
12
12
21
15
6
2
16
24
16
22
17
12
12
28
8
33
8
6
17
5
28
12
18
9
28
3
46
23
7
11
32
22
16
31
12
10
25
17
17
1
3
24
6
21
8
25
4
6
8
12
20
5
11
7
13
7
5
7
10
21
11
28
27
12
19
5
24
7
18
2
2
7
8
9
6
23
17
9
12
25
5
9
29
29
2
12
4
18
27
5
19
22
20
9
23
8
12
12
18
7
8
8
6
7
8
23
10
28
2
10
7
6
4
17
10
16
19
25
3
4
6
15
12
35
27
3
6
20
28
12
4
11
24
12
17
9
18
14
6
9
4
27
3
21
6
23
28
18
6
16
27
33
14
16
9
6
14
29
20
18
4
13
14
7
23
19
5
8
11
13
12
5
28
26
5
25
19
11
22
15
3
20
21
13
30
8
1
15
22
28
16
31
2
7
16
28
2
5
2
14
3
20
11
6
9
16
3
8
15
6
13
6
33
10
16
7
18
10
22
30
4
28
3
19
5
23
4
4
4
19
4
4
5
4
19
20
12
18
34
22
15
16
28
34
11
8
2
8
17
9
21
8
20
18
2
25
10
6
8
29
10
35
30
23
13
4
10
9
6
30
11
15
9
14
29
27
12
15
8
13
9
17
15
12
17
5
6
9
7
4
2
40
11
16
12
9
18
15
25
15
10
7
25
14
4
4
2
10
2
31
21
17
27
10
19
7
4
51
9
10
21
17
14
16
10
16
10
20
10
16
12
11
28
20
2
7
11
11
4
13
9
2
22
9
31
17
12
9
13
15
7
15
7
8
5
17
2
5
29
11
20
17
12
23
15
9
2
5
4
3
6
21
20
8
4
21
21
2
6
9
29
11
4
26
10
16
7
6
28
22
8
18
3
5
1
18
14
27
1
15
28
12
20
14
20
11
5
17
25
21
11
17
4
6
3
28
21
24
1
12
5
15
4
13
19
5
1
1
10
2
4
6
14
19
21
18
18
14
12
15
15
3
17
5
8
8
20
20
4
8
27
13
19
5
4
9
9
6
25
15
15
25
13
17
25
12
33
6
17
12
24
7
32
10
9
21
16
26
22
5
18
9
9
4
4
21
18
15
25
4
4
4
16
8
29
22
29
4
4
3
23
25
10
14
15
14
15
19
13
7
20
11
17
13
4
26
15
4
9
2
12
17
21
20
14
19
9
24
3
13
12
3
8
11
31
17
15
4
25
4
22
3
13
5
12
6
11
25
6
1
8
13
11
13
2
21
18
9
14
21
14
12
18
16
21
16
9
10
11
24
11
16
6
21
14
17
2
5
7
6
12
9
18
20
11
7
22
14
8
14
9
9
4
19
25
25
11
6
24
20
10
2
16
21
2
6
15
9
19
18
12
6
6
16
7
2
8
12
6
3
24
23
2
28
18
8
21
11
10
30
14
12
27
33
6
18
4
3
3
23
13
11
18
25
9
10
1
4
9
22
3
12
13
25
4
11
10
20
18
2
3
4
10
7
2
6
15
15
19
18
38
5
5
22
24
22
11
19
2
8
10
12
15
16
7
11
31
7
4
3
3
21
8
26
17
22
1
15
2
9
19
7
20
25
5
7
10
8
8
9
11
10
12
13
2
24
15
4
23
22
5
12
9
13
10
10
14
16
8
19
16
8
4
21
14
12
20
11
21
4
26
22
2
39
12
3
20
33
2
27
15
10
13
9
1
23
19
12
21
11
6
30
16
17
5
9
18
12
5
11
13
5
4
10
3
7
14
19
18
20
6
5
31
15
16
11
8
13
5
18
13
12
17
6
18
3
40
27
2
8
10
13
24
18
5
6
5
17
7
10
17
27
2
19
19
18
17
18
25
13
18
7
9
19
13
21
6
29
15
4
9
6
24
9
6
7
13
10
17
10
5
2
4
6
27
18
16
17
23
19
17
3
3
24
18
16
3
15
21
6
13
25
3
3
2
13
17
9
12
7
8
7
2
26
17
37
9
34
6
6
28
30
14
10
1
3
5
9
15
22
20
10
11
13
24
9
19
15
3
10
13
8
8
11
36
18
12
16
16
17
18
7
3
11
19
33
21
3
12
24
11
12
2
20
11
18
13
3
15
26
6
5
27
4
11
10
9
8
26
4
2
3
20
18
10
17
4
9
6
14
18
12
6
9
33
19
8
10
24
7
7
21
16
23
7
7
21
27
6
6
11
16
12
20
3
19
13
2
14
31
19
8
12
20
11
16
22
3
20
13
22
5
16
6
14
5
7
18
20
20
16
3
18
12
13
27
14
6
2
4
15
8
19
4
8
16
4
13
5
16
15
21
19
19
5
32
20
12
12
1
7
16
9
15
14
8
18
2
4
13
1
18
24
2
6
19
3
3
6
19
24
10
5
24
8
7
17
23
16
17
21
9
2
20
9
13
18
10
6
12
14
3
16
3
19
25
4
2
17
24
13
16
12
8
12
18
23
15
12
16
13
1
3
9
13
16
4
9
17
6
11
13
8
4
15
7
13
10
2
42
7
4
4
7
3
14
8
14
14
21
16
17
11
5
8
8
18
15
19
12
3
7
18
13
16
15
10
13
5
6
17
2
6
1
15
11
19
8
6
20
6
29
16
16
28
11
9
6
24
11
18
5
11
2
14
9
3
5
17
11
3
14
21
4
6
23
5
13
6
5
17
14
10
9
7
5
5
4
29
12
4
15
15
3
18
12
13
17
3
14
18
12
4
2
17
28
14
7
15
19
17
14
18
1
4
9
9
15
21
16
1
20
21
4
36
25
6
21
12
1
6
18
4
32
5
14
17
12
15
24
16
14
23
3
23
5
14
25
13
3
25
15
14
7
15
21
10
6
12
3
22
23
17
7
6
16
11
13
26
16
17
15
13
10
14
14
18
15
5
8
12
12
8
6
2
25
14
12
15
6
2
8
13
36
13
8
16
12
18
9
2
12
15
13
12
2
15
18
6
15
8
10
14
26
9
13
7
12
11
11
12
12
11
31
3
9
3
6
6
3
6
3
2
2
12
15
6
7
5
2
8
5
13
