-59
-29
-58
-71
-10
-40
-32
-15
-68
-35
-21
-46
-31
-78
-25
-51
-28
-27
-64
18
46
-32
40
43
62
-1
1
-10
49
11
-9
34
7
-60
-58
13
-55
5
-20
8
68
-41
-56
-47
-45
-15
-48
-57
-65
-51
-7
-47
-41
-36
8
5
-3
17
-13
8
-19
6
4
30
11
32
29
-1
-14
-29
-23
-60
-65
-51
-58
-68
-80
-64
-66
-56
-47
-19
35
-27
58
-7
-42
-11
-46
-25
-40
-33
-48
-65
-70
-49
-67
-77
-62
-56
-74
-77
-84
-59
-68
-55
-73
-41
-53
-34
-13
-42
-50
-61
-62
-58
-42
-42
-70
-74
-39
-40
-44
7
-39
-24
-3
-37
-52
-37
-18
-51
-77
-54
-34
-23
-35
-23
-58
-35
-42
-67
-58
-34
-75
-38
-46
-70
-56
-11
36
-70
1
-63
-6
-40
-5
-6
-41
-44
-7
-65
-35
-15
39
-37
-59
42
-42
-22
-62
-25
-27
-68
-56
-33
-53
-31
-36
-43
-19
-46
-57
-34
3
-58
-30
-21
-26
4
-39
-43
-20
-39
-46
-16
7
-35
-76
-63
-50
9
-43
-18
-59
-6
-3
-24
-27
-62
-5
-24
-31
6
-4
-14
-50
8
-45
-51
16
-38
19
-28
0
-14
-11
-32
-12
-23
-21
-12
13
-9
-6
-12
-41
-23
-36
-14
-33
-25
-10
-42
-66
-2
-17
-25
-15
-4
-21
-3
-18
-5
-21
-20
-35
-43
-31
-6
-12
-56
-34
-16
-28
-38
-23
-31
-39
-34
-11
-18
-31
-35
-28
8
-36
2
-6
-31
-31
-39
-25
-29
-42
-22
-28
6
-35
-8
-27
-19
-25
-6
-17
53
-5
-24
27
-21
-17
-46
12
-4
-2
-33
-5
-16
-30
-33
-5
-27
-49
-1
-7
-46
-42
-24
-6
-11
13
-36
-28
-39
-20
28
-67
-63
21
28
-36
-18
-26
-43
-45
-32
-55
-19
-43
-34
-49
-43
-39
-48
-42
-59
-62
-35
-56
-63
-22
-67
-47
-63
-6
-28
-48
0
-26
-56
-69
-44
-58
-57
-22
-4
-23
-53
-48
-52
-40
-59
-26
-38
-9
-35
-19
3
-58
-59
-60
-63
-42
-69
-49
-54
-23
-21
-52
1
-61
-48
-38
-35
-35
-65
-59
-67
-8
-19
-44
-37
-73
-53
16
-58
-51
-57
-56
-44
-68
-17
-55
-19
10
-51
-2
-27
-21
-53
-40
-41
-36
-22
-23
-22
-64
-32
-58
-34
-14
-52
-30
-27
-30
-56
-35
-72
-43
-22
5
-75
-42
-32
-53
-52
-50
-75
-51
-11
-25
-35
-51
-64
-70
-71
-38
-55
-52
-36
-54
-48
-47
-80
-21
28
-32
-40
-52
-64
1
-26
-39
17
-11
-10
-45
4
12
-15
-57
-27
-18
-48
-66
8
-58
-63
-13
-49
-30
-26
-41
-31
-44
-43
5
-56
-52
-65
-41
-56
-21
-65
-47
20
-65
-60
-55
-41
-50
-51
-35
-45
-27
-50
-51
-55
-35
-65
-15
-29
-35
-58
-39
-53
-48
-39
0
-62
-63
-26
-55
-63
-46
-27
13
-30
-19
-32
-50
-8
-50
-42
-28
-32
-56
-44
-60
-37
-52
-66
-29
-75
-31
-44
-24
-34
-40
-26
-12
-46
-26
-35
-20
-28
-38
-22
-36
-31
-28
-41
-14
-36
-14
-35
-27
-24
17
-21
-17
-15
-17
41
-7
-22
-5
-1
-31
-3
8
-56
3
-27
-5
-37
-15
1
-36
-32
-2
-33
15
18
3
15
3
27
1
-22
-13
27
23
-1
4
0
28
12
17
-31
4
5
-15
-42
19
9
10
11
-30
-6
9
26
32
20
11
35
-2
2
-21
37
22
22
0
32
-4
35
28
-7
28
4
8
8
-25
-14
33
-15
15
31
18
36
-24
4
1
42
32
5
7
-20
8
31
-18
55
2
12
-4
8
37
3
-8
-3
-4
15
60
43
-8
-45
6
16
-32
27
53
9
-51
-37
4
7
26
35
1
-48
4
24
20
32
-10
-10
-33
-28
12
54
12
15
29
12
0
-36
-19
-25
-10
-19
1
16
16
42
-9
-22
0
47
-6
58
-8
36
-19
-7
6
100
37
-23
-11
-19
-7
97
65
12
-11
16
24
55
61
-11
-33
42
9
-21
-2
-9
8
-39
15
-19
-21
-12
1
-1
47
14
33
60
-12
23
10
5
24
3
-9
-26
16
-22
11
21
1
7
-15
-12
3
33
-8
3
-1
40
-17
-13
-11
-6
-2
37
8
-5
22
29
-10
14
41
3
56
29
12
18
26
6
32
22
-8
41
21
35
19
52
-9
23
17
8
37
22
6
-3
-11
19
23
6
-9
32
65
-11
34
-5
26
16
-17
-9
38
20
-24
24
-13
47
30
14
-19
9
-27
9
1
31
-24
31
4
-24
7
-9
2
-23
5
-28
-3
35
15
3
-35
6
34
31
-27
-1
-16
-9
57
-17
13
41
55
20
-28
37
-16
-22
13
9
5
14
34
-11
-25
6
-19
-6
-9
-24
-20
27
-6
29
-5
41
20
-11
13
11
-2
-14
-8
38
-1
36
-6
11
17
19
2
-11
-12
14
6
-31
47
18
4
-15
35
-2
14
-9
-6
5
67
25
-3
27
44
22
16
9
-18
-7
10
26
-6
22
57
-5
-7
-32
11
1
23
18
22
-9
-5
17
10
-1
17
-9
-15
0
-27
31
3
-6
27
4
32
-7
14
-9
22
5
2
2
31
4
-18
27
8
5
-8
1
-1
0
-18
-32
20
-30
22
-4
3
-5
-24
-1
-4
-20
19
-2
-5
-14
28
21
6
6
9
42
19
-21
24
22
-1
-14
-27
-7
17
10
20
-3
-6
0
41
2
23
29
-17
-2
-16
11
9
8
2
28
-6
-9
35
6
-27
-16
17
-11
-5
-19
-11
-15
-10
-11
-18
-9
4
5
-22
0
-12
-15
0
-22
-10
-34
-5
4
1
-13
1
4
-20
7
0
-12
-30
-17
71
-18
1
-7
-10
-18
-22
-10
-19
-25
6
-15
-12
-16
24
-24
-6
-7
-19
-4
-22
-24
-19
-15
-22
15
-3
59
2
-26
-14
-6
20
-18
-14
20
-3
10
11
33
59
3
31
22
44
36
-7
10
51
17
-13
52
86
15
126
74
86
73
122
75
96
95
59
69
106
52
-3
78
68
10
-3
-29
-13
-5
-6
40
15
33
54
28
26
21
15
47
12
21
13
3
-24
7
-9
39
13
6
2
0
-11
2
-15
20
19
79
24
-6
8
20
3
7
21
0
-2
42
22
35
8
-6
2
19
37
15
56
50
7
-8
14
16
28
38
25
23
8
1
21
-1
9
23
2
11
9
19
5
56
24
29
26
10
16
22
-5
34
49
-10
-5
24
28
25
18
21
11
29
37
18
22
26
15
48
53
64
45
51
18
33
38
43
20
29
48
6
44
39
46
32
51
63
64
60
59
15
39
41
26
10
41
88
29
43
29
44
52
53
19
23
78
3
27
24
30
28
36
26
28
43
38
26
30
19
68
43
46
46
30
1
26
48
31
36
17
75
32
44
30
36
23
28
32
54
43
41
27
16
21
19
-11
17
40
51
11
-8
48
38
27
40
29
22
28
82
23
65
16
27
67
0
33
45
22
72
21
18
56
64
48
27
79
13
-5
29
48
25
24
42
86
14
47
90
36
15
21
19
9
10
73
62
5
69
-9
71
31
72
89
28
68
88
40
106
48
111
118
87
3
24
26
30
108
3
83
10
29
59
23
33
113
71
70
65
-24
15
24
-9
56
42
15
31
74
55
78
55
74
99
52
55
83
78
78
86
60
145
161
57
30
113
40
24
124
139
96
118
67
1
121
125
116
51
98
56
122
-4
37
87
45
93
33
109
55
90
14
-14
80
71
35
82
84
51
65
106
88
100
106
83
74
16
104
1
-7
104
133
77
102
42
96
68
93
116
108
75
110
39
111
64
88
103
96
72
49
72
73
72
89
45
113
72
72
70
-12
-23
28
-6
13
60
5
72
27
-12
24
-10
-3
-10
-2
38
-13
-16
43
7
33
36
32
-17
39
18
-7
37
4
1
-13
74
60
101
47
31
11
65
-1
45
10
31
-2
41
53
24
19
-18
-22
49
46
4
23
-8
73
44
29
38
26
22
26
22
11
17
44
32
42
17
5
27
37
24
82
41
71
81
17
77
14
70
33
81
73
21
38
74
15
118
141
56
55
23
63
58
70
16
72
102
60
67
113
64
78
78
62
124
97
106
85
45
90
36
91
14
78
7
127
41
102
31
8
87
128
109
54
48
235
38
105
123
73
139
139
49
73
73
61
66
67
65
45
114
86
17
5
35
72
16
25
96
138
104
162
108
27
79
96
39
74
91
139
97
119
91
91
116
93
36
91
79
93
103
128
118
112
58
93
73
96
67
122
106
100
124
54
160
129
113
99
81
82
98
128
111
111
110
124
137
98
119
67
123
59
107
85
24
75
69
132
108
123
74
7
-12
53
139
129
145
70
88
98
52
75
33
93
66
95
124
35
79
67
52
3
91
45
-11
-20
19
104
18
26
145
-28
52
62
114
135
68
45
95
107
135
98
131
18
125
129
94
3
100
126
78
106
87
87
121
163
6
117
91
111
123
53
75
117
35
103
97
118
83
76
166
128
122
171
70
151
