-58
-34
-62
-67
-33
-36
-43
-24
-41
-46
-42
-47
-31
-51
-46
-47
-45
-44
-50
-24
-29
-22
-41
-24
-34
-40
-39
-30
-31
-36
-30
-40
-39
-58
-53
-55
-60
-30
-48
-37
-17
-43
-53
-46
-54
-48
-56
-48
-51
-38
-38
-55
-36
-28
-55
-47
-52
-36
-42
-31
-43
-19
-38
-38
-45
-36
-44
-48
-54
-60
-50
-62
-56
-56
-65
-60
-69
-63
-57
-54
-65
-57
-44
-70
-41
-54
-68
-51
-57
-62
-57
-58
-64
-74
-71
-74
-64
-60
-67
-68
-73
-74
-69
-74
-65
-64
-71
-57
-64
-57
-56
-64
-61
-73
-59
-62
-62
-51
-70
-63
-49
-59
-65
-57
-51
-54
-41
-47
-66
-70
-54
-66
-71
-58
-62
-58
-50
-61
-59
-56
-63
-58
-67
-61
-69
-65
-52
-61
-64
-48
-33
-72
-57
-71
-59
-65
-62
-59
-59
-63
-51
-65
-59
-45
-43
-56
-71
-46
-64
-62
-64
-61
-51
-67
-60
-70
-74
-66
-57
-61
-60
-68
-63
-58
-54
-65
-64
-58
-66
-47
-63
-63
-48
-58
-58
-59
-55
-66
-69
-68
-38
-51
-66
-55
-57
-49
-52
-55
-51
-67
-50
-64
-53
-42
-36
-55
-68
-51
-59
-60
-48
-54
-39
-58
-55
-52
-36
-56
-57
-53
-50
-54
-57
-55
-56
-58
-49
-50
-45
-45
-59
-48
-57
-47
-60
-43
-63
-59
-41
-44
-58
-46
-53
-50
-61
-56
-51
-62
-47
-58
-58
-64
-65
-51
-63
-55
-61
-60
-61
-50
-55
-55
-53
-65
-60
-46
-56
-48
-53
-58
-59
-53
-56
-57
-55
-59
-65
-52
-54
-47
-53
-48
-49
-56
-55
-40
-34
-44
-23
-52
-45
-53
-48
-48
-45
-60
-32
-45
-50
-60
-57
-53
-60
-40
-40
-57
-39
-51
-41
-43
-38
-45
-50
-45
-54
-37
-55
-49
-50
-48
-54
-57
-56
-51
-62
-61
-68
-56
-61
-52
-68
-43
-56
-63
-49
-61
-56
-52
-65
-26
-41
-61
-58
-62
-44
-47
-59
-45
-41
-48
-60
-53
-48
-61
-34
-41
-44
-59
-36
-60
-52
-56
-45
-51
-53
-59
-42
-51
-60
-60
-46
-63
-53
-62
-34
-45
-46
-44
-47
-29
-51
-59
-46
-53
-50
-48
-58
-52
-42
-40
-42
-48
-63
-55
-37
-48
-47
-60
-50
-41
-55
-47
-53
-38
-37
-55
-47
-43
-44
-60
-37
-52
-36
-39
-51
-45
-47
-64
-39
-55
-41
-53
-45
-55
-57
-66
-60
-72
-52
-42
-41
-48
-62
-40
-54
-47
-37
-59
-45
-28
-17
-49
-56
-32
-62
-53
-40
-43
-55
-42
-51
-48
-49
-39
-41
-31
-48
-40
-57
-62
-35
-53
-39
-29
-45
-35
-56
-25
-22
-40
-47
-42
-50
-52
-48
-27
-36
-46
-17
-36
-34
-41
-49
-27
-28
-42
-18
-43
-30
-42
-29
-43
-26
-63
-34
-33
-47
-48
-56
-50
-55
-39
-31
-50
-41
-34
-35
-56
-31
-55
-39
-48
-53
-50
-48
-47
-28
-36
-24
-53
-54
-30
-37
-35
-42
-39
-30
-50
-40
-41
-49
-34
-49
-54
-37
-41
-38
-42
-54
-33
-34
-48
-41
-52
-37
-42
-39
-39
-42
-37
-21
-37
-24
-41
-33
-30
-30
-21
-33
-38
-47
-50
-29
-33
-26
-25
-23
-38
-5
-27
-25
-31
-14
-22
-16
-42
-14
-21
-32
-23
-21
-33
-8
-15
-30
-33
-32
-29
-28
-34
-23
-16
-10
-32
-27
-18
-25
-17
7
-32
-28
-20
-19
-18
-16
-23
-34
-30
-10
-41
-30
-34
-28
-46
-26
-29
-6
-15
-46
-19
-14
-12
-20
-8
-29
-18
-33
-18
-41
-16
-17
-26
-41
-23
-35
-13
-22
-42
-36
-30
-43
-32
-28
-39
-32
-43
-29
-27
-29
-30
-36
-27
-25
-11
-18
-18
-23
-37
-39
-12
-36
-26
-34
-39
-29
-32
-24
-21
-23
-25
-40
-20
-24
-17
-36
-37
-21
-19
-24
-19
-19
-19
-27
-29
-26
-20
-29
-5
-25
-30
-18
-10
-1
0
-24
-35
-15
-6
-3
-11
-14
-27
-11
-5
-22
-28
-19
-23
-21
-35
-25
-19
-28
-16
-28
-31
-18
-3
-22
-14
-22
5
-2
-15
-24
1
-3
-16
-18
-12
-15
-6
13
-18
-14
2
-10
-6
2
8
-16
-7
-6
-11
-15
-4
-4
-21
-10
6
-11
-30
-21
-21
-10
-27
-12
-7
-25
-11
-6
-25
15
0
-10
-28
-15
-33
-24
-25
-19
-21
-24
-41
-32
-7
-36
-18
-18
-11
-25
-23
-17
-30
-23
-23
-24
-9
-3
-14
-36
-23
-13
-10
26
-23
0
-34
-21
-30
-12
-27
-29
-34
-32
-26
-37
-37
-39
-42
-20
-30
-23
-13
-13
-38
-47
-35
-30
-23
-48
-20
-2
-19
-33
-14
-22
-28
3
-16
-3
-12
-14
-20
-17
4
0
-16
-25
-25
-21
-5
-1
-5
-26
-6
-3
-10
-10
-15
-14
-12
-24
-17
-19
-19
-24
-10
-26
-38
-41
-29
-33
-34
-22
-13
-18
-25
-36
4
-23
-23
-35
-20
-37
-27
-27
-18
-27
-18
-16
-34
-29
-25
-28
-9
-16
-41
-31
-16
-32
-30
-25
-27
-11
-34
-9
-7
-10
-31
-14
-25
-12
-10
-31
-19
-20
-8
-19
-19
-20
-28
-12
-33
-24
-16
-5
-19
-24
-15
-20
-24
-37
-14
-17
-7
-21
-23
-15
-20
-12
-17
-10
-19
-7
-5
-23
-32
1
-26
-25
-18
-13
-28
-12
-21
-25
-8
-26
-16
-14
6
5
-12
1
-20
-12
-10
13
-4
-3
-17
7
-12
-20
-24
-29
-23
2
-29
-8
-16
-16
-7
9
-22
0
-38
-16
-30
-25
-35
-19
-28
3
-28
-16
-23
-20
-11
-19
-17
-17
-16
-7
-1
-28
-2
-15
-30
0
-12
-17
6
-8
-7
-16
-20
-3
-23
-10
3
-10
-3
0
22
12
-8
-20
21
-14
-17
-41
-22
-26
-1
0
4
-28
-30
7
0
-23
-2
-25
-20
-24
-26
-35
-30
-23
-21
-17
-14
-16
-13
-15
0
-29
-19
-4
4
-12
-33
-1
-12
2
-16
-7
-16
-11
-4
-6
-1
-25
-16
-1
-25
-12
-18
-14
-15
-30
-25
-16
-14
-18
-25
-21
-20
-19
-33
1
-25
-46
-27
-26
-37
-32
-26
-28
-19
-35
-4
-21
-16
-17
-32
-11
-21
-10
-19
-15
-18
-2
0
6
-6
-9
-2
-15
-22
-25
-20
-9
12
-17
15
22
-1
10
12
24
3
10
-2
15
-16
-19
-9
0
2
-12
-3
-5
-4
-22
-27
-21
-24
-22
-28
-31
-4
-14
-11
-18
-26
-26
-12
-23
-22
0
-10
-18
-14
-27
-14
-14
-12
5
-18
0
-26
-27
-26
-17
2
-13
-12
-7
-15
-13
12
1
-15
27
46
0
15
-10
-14
-3
-7
-2
-11
13
18
-19
-12
-12
-7
0
-1
-12
-23
-7
-28
-24
-17
4
-16
-31
-29
-20
-9
-6
13
-5
-22
-9
-5
0
-4
-20
11
12
-13
-26
6
-13
12
28
1
6
-2
5
0
-2
8
-2
-1
6
19
-8
-7
-3
-5
11
15
1
-9
2
-14
8
3
3
0
10
-3
7
12
-10
-4
-9
0
-8
-14
2
8
-4
16
12
-3
14
-3
6
3
2
-6
7
15
-5
7
4
20
15
1
11
9
4
-10
14
20
-7
15
-7
3
-3
13
-6
-10
-13
17
12
30
3
16
2
3
-2
-5
5
-16
-3
-6
-12
3
9
2
18
7
-5
0
9
5
5
1
12
24
10
21
25
41
11
25
26
28
4
40
31
2
9
23
4
15
-1
28
33
20
2
-4
22
17
0
5
18
28
20
55
22
1
15
31
-7
11
30
24
0
14
9
39
19
38
15
17
23
32
12
26
4
29
20
40
-3
14
46
44
33
26
18
33
22
31
10
26
44
34
45
15
32
16
26
1
47
46
9
32
29
32
61
28
37
36
52
60
28
41
26
21
30
44
39
40
27
54
40
50
32
42
36
31
28
36
54
58
50
51
57
37
62
35
19
13
12
16
26
57
-7
25
24
15
38
27
29
19
53
39
31
34
40
49
28
40
40
11
51
0
4
26
37
47
64
25
24
10
56
35
37
18
23
17
58
23
20
22
27
29
28
30
40
21
20
0
31
16
15
44
0
-5
23
-8
32
23
-8
11
8
-11
6
0
-8
17
-9
9
6
-4
18
-18
29
14
17
13
21
38
2
17
34
19
43
44
40
47
19
49
8
39
10
36
29
17
12
-10
-3
27
39
13
11
46
6
-14
22
16
58
40
19
38
27
11
5
2
40
19
38
25
35
-13
23
18
17
29
14
-4
33
25
2
38
-7
15
19
28
12
18
24
26
15
26
32
35
39
40
0
3
31
17
25
17
5
50
33
40
38
19
19
52
39
52
60
42
43
1
28
37
14
28
36
40
24
33
6
42
42
32
22
30
53
25
35
52
22
18
35
21
27
35
24
15
24
24
0
28
26
11
27
38
34
9
22
38
19
23
39
27
5
48
40
21
29
22
25
32
58
17
15
17
49
31
15
37
35
16
59
21
18
45
55
32
34
16
46
46
44
60
16
40
37
61
24
41
56
32
52
51
38
41
31
35
51
35
7
28
28
44
31
45
58
32
44
28
37
16
15
20
27
41
27
60
27
61
50
37
28
46
42
41
39
34
31
24
23
16
20
11
19
-3
9
35
43
8
46
60
2
56
39
42
43
40
39
47
41
59
48
32
8
28
41
26
-1
3
24
23
16
24
13
12
13
15
17
9
35
13
36
23
9
8
21
31
21
26
16
32
36
54
25
5
25
