-57
-44
-64
-76
-49
-15
-53
-9
-26
-72
-50
-50
-40
-32
-44
-49
-42
-55
-43
-32
-39
-27
-73
-66
-37
-53
-65
-38
-33
-36
-22
-35
-24
-44
-43
-78
-68
-56
-61
-62
-33
-54
-62
-44
-51
-40
-38
-59
-33
29
-21
-60
9
-10
-58
-27
-74
-19
-31
-23
-26
-10
-37
-59
-61
-81
-79
-86
-75
-81
-74
-68
-84
-73
-69
-63
-70
-72
-59
-60
-84
-81
-60
-89
-75
-68
-93
-72
-72
-81
-59
-83
-89
-75
-84
-88
-80
-70
-80
-51
-75
-83
-65
-80
-86
-82
-66
-73
-68
-82
-85
-76
-84
-77
-84
-74
-76
-41
-88
-64
-81
-89
-66
-63
-39
-28
-40
-47
-53
-82
-72
-62
-66
-68
-85
-53
-61
-83
-32
-47
-52
-83
-87
-76
-85
-79
-43
-76
-72
-54
-58
-74
-64
-75
-68
-77
-61
-61
-65
-79
-64
-92
-70
-47
-59
-45
-87
-75
-69
-79
-68
-83
-74
-77
-65
-85
-84
-80
-76
-72
-84
-75
-70
-80
-74
-92
-87
-80
-78
-64
-76
-92
-53
-84
-74
-75
-83
-82
-64
-82
-79
-82
-81
-68
-75
-73
-76
-83
-39
-67
-46
-83
-53
-41
-37
-55
-71
-61
-51
-81
-50
-74
-58
-86
-89
-66
-48
-59
-83
-87
-22
-71
-78
-77
-71
-77
-65
-61
-71
-42
-70
-54
-64
-62
-51
-50
-80
-74
-69
-48
-51
-68
-68
-56
-66
-46
-36
-57
-9
-64
-54
-58
-74
-58
-82
-49
-62
-68
-60
-61
-68
-77
-65
-76
-70
-81
-72
-75
-66
-63
-66
-59
-59
-58
-72
-80
-76
-65
-55
-49
-34
-62
-31
-66
-74
-77
-41
-61
-28
-30
-55
-51
-70
-48
-44
-67
-30
-68
-55
-73
-72
-78
-61
-74
-59
-38
-69
-81
-62
-54
-48
10
-59
-63
-77
-68
-56
-48
-75
-66
-68
-65
-80
-33
-80
-86
-65
-29
-66
-51
-75
-17
-76
-72
-50
-72
-78
-81
-71
-79
-71
-50
-61
-74
-63
-34
-76
-78
-44
-42
-68
-79
-67
-37
-67
-71
-60
-71
-21
-63
-83
-76
-80
-58
-48
-89
-54
-56
-63
-83
-75
-70
-55
-71
-65
-26
-78
-55
-84
-34
-58
-70
-86
-71
-69
-76
-67
-52
-53
-56
-42
-66
-76
-74
-67
-60
-77
-77
-56
-64
-78
-62
-84
-35
-88
-76
-43
-57
-64
-85
-66
-88
-85
-76
-88
-80
-65
-89
-86
-83
-80
-81
-65
-86
-84
-88
-76
-86
-88
-72
-72
-73
-88
-72
-77
-51
-64
-79
-72
-31
-46
-90
-76
-66
-78
-81
-67
-56
-77
-75
-76
-60
-77
-79
-61
-84
-62
-39
-84
-79
-78
-80
-89
-88
-67
-86
-78
-71
-47
-62
-73
-2
-85
-70
-72
-69
-41
-66
-56
-78
-55
-76
-72
-74
-71
-72
-44
-77
-61
-70
-52
-54
-78
-74
-54
-51
-62
-60
-67
-85
-75
-57
-57
-69
-66
-62
-49
-80
-76
-88
-24
-63
-56
-46
-39
-54
-35
-22
-51
-70
-49
-59
-39
-54
-79
-63
-58
-63
-42
-58
-42
-59
-75
-60
-41
-62
-63
-53
-55
-39
-64
-81
-58
-65
-43
-59
-69
-74
-47
-50
-12
-54
-53
-46
-63
-38
-26
-6
-48
-47
-80
-59
-43
-43
-63
-34
-60
-48
-28
-62
-43
-66
-11
-39
-26
-76
-26
-51
-58
-51
-37
-62
-57
3
-57
-65
-55
-70
-60
-34
-71
-54
-57
-60
-57
-51
-55
-56
-68
-41
-48
-74
-67
-50
-69
-41
-56
-33
-56
-56
-70
-63
-65
-51
-63
-71
-55
-57
-41
-50
-55
-61
-45
-41
-29
-50
-59
-48
-57
-32
-43
-60
-69
-72
-33
-16
-44
-49
-71
-58
-79
-80
-35
-75
-85
-49
-80
-64
-57
-32
-57
-45
-67
-62
-15
-34
-62
-43
-58
-56
-43
-69
-73
-43
-31
-35
-70
-20
-26
-50
-76
-49
-47
-49
-52
-59
-39
-43
-54
-56
-63
-52
-50
-45
-64
-70
-56
-49
-46
-50
-61
-62
-43
-65
-48
-45
-20
-7
-57
-72
-33
-85
-69
-33
-44
-54
-76
-57
-41
-75
-77
-43
-40
-61
-36
-74
-67
-55
-40
-64
-61
-67
-38
-55
-60
-63
-53
-56
-66
-61
-50
-57
-44
-56
-76
-24
-30
-41
-39
-9
-58
-36
-59
-23
-70
-42
-29
-69
-21
-36
-32
-76
-63
-50
-45
-68
-70
-48
-70
-31
-46
-68
-74
-42
-43
-72
-60
-24
-52
-60
-57
-44
-50
-66
-76
-45
-57
-41
-37
-58
-65
-70
-62
-34
-51
-54
-77
-74
-53
-59
-43
-60
-78
-53
-50
-69
-46
-45
-74
-83
-23
-60
-61
-52
-48
-71
-59
-66
-65
-74
-63
-63
-73
-75
-21
-56
-59
-35
-49
-65
-78
-58
-67
-64
-81
-59
-85
-80
-69
-57
-46
-64
-72
-59
-63
-34
-56
-53
-63
-67
-42
-43
-62
-77
-65
-72
-71
-35
-54
-52
-70
-51
-77
-65
-55
-73
-64
-59
-65
-63
-76
-78
-70
-66
-51
-49
-81
-55
-68
-48
-77
-68
-60
-81
-67
-55
-53
-23
-64
-69
-52
-62
-68
-69
-81
-40
-58
-75
-57
-59
-53
-72
-37
-69
-54
-72
-56
-66
-57
-64
-47
-70
-50
-66
-65
-55
-68
-61
-67
-49
-39
-82
-62
-52
-59
-50
-68
-68
-56
-61
-53
-62
-60
-68
-60
-62
-46
-67
-46
-74
-55
-69
-54
-51
-60
-39
-64
-65
-35
-53
-54
-16
-65
-73
-64
-62
-60
-69
-66
-55
-50
-56
-48
-52
-53
-59
-57
-74
-77
-57
-64
-71
-58
-52
-66
-59
-40
-52
-64
-57
-58
-82
-53
-60
-50
-60
-47
-49
-75
-85
-48
-65
-55
-57
-43
-70
-60
-68
-43
-64
-67
-52
-50
-66
-73
-48
-75
-56
-61
-71
-59
-81
-53
-15
-63
-60
-72
-50
-50
-62
-46
-67
-30
-57
-64
-57
-64
-74
-61
-30
-53
-60
-39
-75
-68
-77
-43
-52
-60
-61
-57
-25
-49
-42
-61
-49
-59
-49
-68
-52
-65
-23
-49
-39
-51
-46
-62
-50
-58
-29
-66
-57
-11
-57
-39
-72
-17
-55
-35
-62
-79
-53
-60
-71
-50
-70
-67
-47
-52
-41
-74
-65
-71
-48
-62
-63
-68
-39
-43
-69
-61
-62
-18
-35
-72
-60
-29
-57
-62
-66
-31
-70
-69
-35
-35
-49
-35
-54
-70
-67
-31
-52
-37
-25
-76
-76
-48
-64
-54
-66
-62
-57
-59
-60
-13
-32
-68
-52
-50
-54
-49
-49
-78
-58
-45
-63
-63
-54
-78
-61
-40
-40
-65
-56
-54
-51
-48
-55
-53
-59
-42
-58
-39
-36
-45
-49
-70
-57
-60
-40
-68
-69
-54
-43
-71
-55
-50
-58
-57
-52
-28
-56
-39
-50
-51
-24
-35
-52
-27
-41
-38
-16
-74
-43
-51
-68
-50
-49
-55
3
-26
-21
-25
-12
-19
-27
-38
-4
-46
3
-52
-45
-27
-43
-16
-31
-36
-24
-23
-48
-10
-26
-45
-33
-7
-30
-59
-7
-24
-16
-35
-17
-1
-29
-22
-28
-34
-33
-62
-42
-19
-2
-21
-32
-38
-15
-37
-34
-27
9
-10
-11
-45
-13
-38
-1
-5
-35
28
-33
1
-39
13
0
-27
-39
-23
-16
42
5
-28
1
-19
-29
22
10
-34
-35
-26
-15
-34
8
5
-6
35
-44
-31
2
37
-3
-25
-1
-5
31
12
40
25
-32
-20
3
-17
-68
-31
-5
-27
-10
-17
-2
18
28
-3
0
-59
12
12
8
-1
-29
9
-20
13
-14
26
1
21
-12
21
5
1
21
-19
-12
-20
4
4
5
11
-20
5
44
-19
2
12
21
12
35
-36
-14
-8
13
-11
-15
16
-7
16
19
-34
49
-12
-10
-28
-3
10
6
-22
-28
-19
14
-14
3
19
12
28
-15
-3
-35
0
-54
16
-20
8
34
-34
9
26
4
-3
12
-47
-30
-62
-25
-18
30
-29
-26
-20
9
-38
39
-41
20
-24
-3
-2
-21
-5
-18
-30
-34
-14
-59
18
-13
15
30
27
14
2
-34
16
3
-13
25
19
-14
7
29
-10
-15
-3
16
20
14
-23
-8
20
31
-33
16
-1
-4
-7
-3
-4
-22
-12
6
-12
-13
25
2
26
-10
-42
-4
8
23
-30
-21
7
24
2
0
10
-23
18
14
-6
0
22
12
-22
13
15
-36
-38
-29
-25
-36
-12
-12
-11
-7
-63
-30
-5
-5
33
-12
-1
-34
25
-12
19
27
17
-10
37
11
-17
-3
-35
16
-43
12
-1
-2
-53
-2
-2
-3
-13
-20
-58
-33
-9
-45
-21
-11
-34
-4
-28
6
-53
-17
-7
-20
-26
1
17
7
1
-38
17
7
5
-29
69
62
1
-9
-23
38
10
26
8
18
31
-28
-4
39
4
4
-18
24
-1
52
54
26
-19
30
-14
10
34
13
16
-17
-27
2
21
21
25
29
23
-14
35
5
-26
48
5
-52
32
-47
-44
16
-40
-52
-37
-35
-36
-16
-9
-14
-55
-12
-23
7
34
-27
-51
-21
26
19
50
-26
-26
41
-12
28
27
-28
-44
39
-14
-10
-24
7
45
-25
-2
40
-22
11
0
-14
20
-17
-1
21
40
20
4
13
-4
-19
20
14
-2
-49
-7
32
31
21
-13
4
1
3
4
-5
35
-6
43
27
3
-16
-1
42
-16
-22
11
3
8
40
-25
-9
14
-27
7
45
-2
-7
-5
3
-16
-3
-7
12
2
16
-1
-7
-14
9
39
-9
-16
0
-1
4
-31
-20
20
-8
-28
-4
-7
-27
-18
-65
-9
12
-39
11
-46
-9
18
-53
-15
-35
-5
-11
16
-1
4
-14
8
9
-29
41
21
30
40
25
-6
5
3
32
24
-5
6
42
19
7
-3
-19
3
18
-38
15
33
15
30
-20
-16
-7
22
-31
20
9
19
29
26
9
8
38
32
29
5
-7
30
4
21
-1
31
13
22
-46
-14
-6
8
-7
8
10
-17
-8
26
8
26
13
40
-27
-48
4
-4
27
-5
37
-2
-6
36
46
-23
-1
-24
15
25
50
50
36
33
36
16
-17
28
29
28
7
42
-27
1
1
-36
-25
38
19
-16
18
-32
65
-22
23
-43
-38
-50
-33
-4
28
25
26
-35
-22
-23
3
-36
43
17
-21
-11
33
63
71
12
44
89
92
105
48
44
96
75
63
4
79
69
24
87
87
66
74
1
45
-6
61
68
57
37
59
15
10
-52
-47
-64
-46
-29
-44
-47
-28
59
-41
64
60
-35
73
16
15
81
-25
-53
47
67
36
-35
-35
8
-39
-56
-38
-43
-21
7
-41
-44
-10
-42
-59
-32
-44
-54
-53
-34
-43
-37
-11
-31
-33
-48
-47
-48
-29
-22
-29
-52
-25
-14
-11
-52
-36
-61
-39
-48
-34
-52
-30
-35
-35
-45
-59
-35
-57
-29
-31
-17
-27
-43
-26
-45
-53
-17
-45
-42
-54
-63
-35
-32
-62
-31
-41
-53
-30
-55
-59
-25
-10
-19
-32
-27
-37
-26
-54
-27
-49
-38
-51
-17
-57
-44
-35
0
-33
-61
-55
-37
-55
-56
-33
-42
-34
-53
-44
-34
-37
-45
-44
-23
-21
-48
-39
-66
-37
-49
-41
-61
-24
-25
-40
-45
1
-50
-50
-23
-56
-33
-71
-40
-55
-45
-35
-21
-47
-37
-48
-25
-41
-39
-56
-29
-33
-57
-50
-32
-58
-55
-22
-56
-48
-57
-58
-6
-27
-32
-42
-51
-47
-57
-22
-35
-45
-64
-57
-40
-50
-62
-20
-44
-57
-62
-66
-60
-56
-35
-56
-51
-46
-25
-46
-33
-29
-35
-48
-52
-23
-65
-70
-56
-45
-14
-30
11
-48
-54
-62
-46
-52
-2
-50
-55
-53
-51
-43
-52
-42
-17
-52
-37
-26
-44
-45
0
-59
-24
-59
-30
-54
-37
-36
-42
-49
-37
-75
-38
-12
-45
-38
-23
-47
-10
-50
-40
-36
-49
-50
-18
-44
-68
-39
-49
-48
-50
-33
-33
-34
-28
-17
-62
-43
-49
-49
-49
-35
-49
-66
-42
-48
-30
-48
-23
-41
-58
-43
-59
-59
-53
-34
-49
-33
-17
-25
-10
-62
-35
-43
-53
-50
-50
-27
-34
-41
-48
-17
-62
-61
-48
-10
-67
-39
-57
-31
-25
-64
-21
6
-13
25
-49
-23
-72
-65
-30
-44
-40
33
-36
-26
-32
-28
-1
19
-50
13
4
34
24
31
9
25
19
40
-22
23
9
13
32
30
5
-38
4
18
-51
-11
-21
8
36
25
20
39
40
18
-8
44
7
24
-28
4
21
-6
-4
5
-23
40
-10
-9
11
-39
17
-5
43
-15
25
-16
20
36
-11
-27
-29
-5
18
-27
-15
-15
0
-16
-3
3
-19
-26
-1
-42
-25
4
-50
-65
-51
-39
-32
-60
-40
-62
-39
-49
-41
-69
-48
-33
-34
-34
-26
-22
-25
-60
-23
-38
-38
-57
-26
-33
-22
-25
-25
-55
-51
-48
-32
-27
-42
-40
-23
-48
-36
-53
-25
-35
-25
-55
-53
-54
-19
-47
-47
-35
-54
-40
-48
-48
-33
-59
-16
-39
-38
-47
-40
-58
-44
-37
-40
-39
-5
-53
-36
-50
-50
-35
-30
-64
-53
-19
-27
-25
-28
-47
-26
-23
-50
-63
-66
-37
-36
-42
-51
-27
-18
-45
-27
-51
-36
-18
-46
-60
-23
-40
-57
-43
-45
-37
-59
-63
-22
-35
-18
-56
-23
-33
-15
-62
-45
-38
-44
-38
-26
-46
-45
-7
-29
-34
-59
-36
-35
-14
-47
-48
-50
-21
-46
-42
-68
-49
-52
-31
-54
-26
-37
-50
-36
-64
-43
-25
-12
-65
-34
-60
-31
-24
-34
-39
-51
-51
-38
-14
-41
-66
-56
-46
-52
-61
-28
-41
-44
-32
-28
-42
-43
-68
-32
-32
-51
-34
-50
-56
-28
-26
-29
-36
-36
-23
-45
-43
-28
-43
-46
-37
-45
-43
-65
-36
-56
-39
-39
-36
-49
-54
-46
-31
-22
-36
-5
-37
-40
-47
-47
-51
-40
-29
-23
-44
-56
-58
-55
-49
-31
8
-30
-61
-44
-47
-58
-43
-17
-68
-28
-34
-41
-52
-46
-61
-77
-9
-13
-70
-46
-66
-31
-49
-4
-35
-49
-36
-52
-39
-31
-37
-32
-62
-12
-28
-29
-47
-54
-26
-37
-45
-49
-45
-42
-23
-40
-40
-54
-28
-34
-48
-38
-32
-20
-44
-55
-44
-25
-40
-45
-52
-43
-63
-41
-60
-44
-54
-31
-36
-28
-43
-27
-53
-46
-39
-41
-38
-23
-50
-48
-47
-42
-56
-65
-48
-5
-34
-23
-47
-39
-24
-16
-53
-21
-44
-29
-57
-31
-41
-38
-49
-56
-31
-44
-31
-50
-63
-32
-48
-17
-44
-12
-35
-26
-55
-50
-25
-29
-64
-33
-63
-47
-71
-31
-47
-31
-24
-22
-14
-30
-26
-41
0
-45
-3
-38
-34
-6
-8
-49
-41
-45
-12
-42
-11
9
-17
4
-5
-9
-67
-20
-24
-37
-23
0
-58
-18
-19
-59
-30
-13
-15
-9
-15
-3
-6
22
-13
-22
-42
-14
20
0
-18
-5
-14
6
27
-24
-24
-3
-5
29
-37
-28
-30
-15
2
2
-3
-30
-30
14
4
-32
-30
-6
18
-15
10
-33
-10
1
-6
-1
-28
17
-21
-26
0
-1
-32
-19
26
18
-21
14
25
17
23
-25
50
20
24
7
-10
-14
-13
-18
26
17
-2
12
10
-27
7
-8
-34
-30
-20
5
25
29
27
12
13
22
-29
2
10
41
22
15
-2
19
-40
19
5
10
-10
4
55
-9
0
-19
19
-2
-3
29
24
-10
-13
-18
-2
-8
-8
7
-5
-3
-16
-14
-3
-2
30
1
11
-7
12
8
2
-15
-18
-21
14
-38
-21
2
-12
17
36
-36
21
12
-2
-20
7
-14
24
-28
16
44
-9
-11
-5
-16
-15
-30
2
5
-25
21
7
22
-2
-19
6
9
18
-26
2
-13
-9
-10
-4
-14
4
4
-9
19
-25
0
3
5
-15
-12
2
-5
-8
4
17
-17
-22
-26
-19
-21
-24
-17
-22
5
-5
-24
13
-20
-21
36
10
-25
-2
-14
6
15
-10
-18
-14
-26
-21
-23
-5
-14
16
22
11
21
-3
-8
4
2
13
14
20
6
-10
3
13
27
21
-17
9
30
40
11
-1
4
36
59
-8
24
-20
2
3
50
2
40
-8
-22
6
-10
15
10
5
36
38
13
-22
-7
20
19
3
13
3
20
14
-50
-12
-31
14
29
-23
-1
-8
7
-62
13
38
-53
-36
-10
-21
7
-38
12
-44
-13
-2
-9
-14
11
7
-43
-5
4
-13
-14
19
-31
13
