-58
-33
-67
-57
-38
-25
-46
-17
-45
-29
-35
-44
-36
-39
-43
-29
-38
-33
-49
-34
-63
6
-38
-30
-72
-58
-17
2
-51
-12
4
-54
-34
-49
-17
-51
-66
9
-22
-31
2
8
-10
-3
-34
-30
-60
7
-19
-34
-30
-43
8
49
-63
-60
-48
-70
-47
-6
-54
7
-48
-42
-42
-49
-53
-46
-43
-46
-43
-55
-54
-60
-66
-57
-47
-35
-54
-53
-67
-56
-58
-79
-58
-61
-77
-65
-78
-80
-77
-66
-68
-85
-65
-85
-73
-76
-77
-88
-90
-83
-82
-83
-64
-60
-80
-72
-61
-66
-77
-69
-51
-84
-55
-75
-84
-63
-68
-73
-41
-62
-68
-76
-59
-66
-42
-27
-72
-84
-60
-65
-79
-37
-53
-63
-37
-53
-62
-64
-60
-4
-53
-58
-51
-65
-62
-38
-77
-64
-44
-58
-65
-70
-80
-77
-84
-65
-67
-76
-60
-60
-64
-37
-56
-60
-65
-71
-74
-63
-56
-49
-63
-43
-68
-77
-78
-82
-58
-47
-61
-59
-52
-52
-52
-54
-61
-52
-75
-32
-72
-44
-81
-58
-62
-64
-60
-78
-78
-63
47
-58
-76
-63
-66
-60
-59
-67
-73
-65
-72
-80
-81
-76
-51
-88
-80
-72
-85
-69
-90
-67
-64
-53
-87
-66
-57
-64
-67
-55
-78
-64
-65
-56
-75
-58
-45
-44
-14
-40
-65
-48
-62
-12
-59
-67
-73
-75
-40
-49
-69
-48
-68
-77
-76
-64
-64
-80
-55
-58
-73
-72
-88
-57
-79
-74
-66
-72
-73
-29
-54
-70
-45
-56
-76
-59
-55
-44
-81
-51
-59
-60
-72
-77
-27
-53
-64
-46
-45
-53
-67
-2
-49
-59
-43
-42
31
-15
0
-68
-31
-53
-43
-31
-47
-57
-9
-33
-23
-75
-56
-68
-37
13
-12
-75
18
-34
9
-17
-31
-63
-6
4
-50
-31
-48
-35
-51
-79
-53
-66
-54
-85
-74
-83
-83
-85
-83
-77
-92
-84
-76
-75
-75
-72
-57
-35
-79
104
-75
-87
-72
-62
-40
-50
-39
-51
-54
-69
-23
-43
-35
-70
19
-38
-45
-32
-29
-51
-54
-34
-25
-53
-84
-58
-30
-51
-82
-63
-8
-51
-63
-45
-5
-50
-6
-53
5
-17
-45
-72
-27
-39
-32
-16
-77
-64
-53
-37
-18
-73
-68
-45
-21
-46
-47
-76
-33
-25
-24
-69
-13
-32
-5
-55
-45
-21
-30
-60
-23
-41
15
-22
-34
-39
-7
-86
5
-60
-18
-39
-60
-65
-59
-86
-77
-70
-32
-15
-72
-22
-68
-9
-42
-31
18
-49
-24
6
61
-26
-48
14
-62
-33
-11
-38
-53
-20
-14
-43
-41
20
-49
-29
-62
-78
-54
-39
-38
-62
13
1
-58
4
-56
25
12
-28
-58
-73
-56
-37
-56
14
28
16
55
13
9
-16
-27
16
56
-24
3
5
40
25
13
-31
19
-75
-6
-57
-43
-20
-73
-84
-76
-43
-3
-48
-63
-15
15
-68
63
-35
-74
-78
-84
-78
-86
-49
-9
-30
-37
-64
-54
8
-10
-29
-22
3
-24
-37
-57
-28
-65
-52
-70
-71
-72
-42
-9
-53
-70
-16
5
9
-19
-28
-16
-26
-27
-20
-60
-37
-7
0
20
-26
-13
-2
-30
11
-33
-39
-61
-79
-22
-44
10
8
35
-46
15
-8
20
13
-17
-37
25
-33
22
15
9
7
-6
34
65
33
-15
13
-23
12
14
-25
13
67
37
-20
27
11
18
14
177
14
17
47
24
41
46
-3
-79
-28
54
-39
-15
-12
-39
-39
-7
-5
45
-3
-47
42
32
47
50
24
-22
-23
-16
28
-65
-29
20
-25
-75
-11
-17
-47
-63
-28
-74
-50
-90
-60
-70
-47
-22
-37
-26
-21
-28
-88
-50
-63
33
7
-10
-8
-5
-68
-88
15
-66
-73
-81
-88
-57
-89
-33
-58
-39
-24
-53
-27
-74
-42
-40
-20
-28
-24
22
4
-18
18
12
5
-1
16
-61
40
-30
4
16
36
48
36
-8
7
27
75
83
26
36
18
45
35
16
11
37
7
16
-16
26
-19
-30
-12
-40
-4
2
27
-12
-12
19
45
60
33
-11
-23
29
9
22
12
36
-8
66
-7
52
44
6
56
20
72
59
16
17
1
53
23
16
28
-45
60
29
-39
-2
-15
9
2
2
-10
-3
-27
-7
-11
89
51
54
-9
-4
-70
-26
-35
3
-43
-37
-41
-12
-9
-24
33
-15
68
28
65
56
-1
-11
-24
47
81
69
-5
-40
21
20
34
144
-8
90
-38
-30
-23
-1
-69
-19
-56
-49
0
-49
-87
-64
-56
60
-38
-4
61
47
-57
-91
-67
5
18
-81
-11
33
14
-27
70
-7
-41
111
69
51
58
41
25
75
77
66
38
57
15
52
82
80
40
21
50
89
54
19
45
60
99
52
63
23
-14
-61
-27
-40
-77
-83
-59
-73
-63
-10
-20
-13
-40
-56
-18
-46
-19
-26
-11
-50
-21
-25
-39
-34
10
-13
-20
-30
-48
14
3
-9
0
-2
0
-39
-15
-24
-44
12
-2
38
45
14
-17
28
-41
6
35
-6
-8
-1
34
-30
-27
-12
-46
-25
-26
-22
24
58
67
-36
31
-48
10
-48
30
-61
19
-17
-53
-27
-27
28
-23
33
-7
35
14
-47
-70
-22
-20
-42
-15
-37
-30
5
-34
-23
52
-14
19
26
92
92
21
98
16
77
40
135
-10
59
73
90
58
-4
0
-13
13
94
-17
36
51
61
85
141
1
92
-15
8
15
38
12
-10
11
78
-56
54
50
56
45
81
62
59
72
89
80
18
84
78
4
94
1
58
106
62
2
54
14
95
43
39
78
-10
105
154
157
94
66
35
97
38
-4
-36
12
8
102
70
93
-17
0
96
80
28
42
-6
11
-43
-35
-38
-24
-36
18
-9
-23
-7
22
96
-37
12
4
66
83
43
65
48
29
73
48
55
55
92
47
43
75
-1
1
6
-5
32
-3
35
26
-34
-43
-47
-19
-25
-21
46
62
-7
33
100
2
-23
-29
15
-19
-36
50
-25
64
8
78
3
54
27
-14
30
44
27
-2
41
-40
73
58
42
118
20
124
69
34
45
-2
-16
57
52
74
84
63
21
40
104
41
22
41
48
-45
-19
-8
-9
43
1
-48
-7
16
-14
8
1
-55
33
-52
-45
25
-28
48
0
-17
-6
1
-1
13
82
-2
37
29
-4
11
-39
81
128
44
80
6
37
-41
-26
39
-13
12
24
39
10
105
56
-29
122
110
23
23
5
-14
-4
-29
0
14
78
105
-22
27
0
26
5
2
-30
-78
52
-72
-49
34
-1
-20
-52
-30
-14
4
9
6
21
-15
-3
24
37
30
1
80
97
11
-8
61
40
76
188
43
70
52
75
35
53
15
16
24
55
53
-17
-30
-26
-1
-18
81
-19
26
11
-19
35
-4
-1
-25
-5
-33
-6
45
-24
49
-32
16
38
29
18
26
-13
12
49
22
-12
13
33
26
-24
-20
40
39
-11
-12
21
15
31
59
33
53
38
17
24
96
-63
-31
-16
-23
-35
44
-10
-63
-16
-51
13
84
5
-2
17
-3
4
0
17
-45
-22
-27
-71
27
100
56
109
62
68
54
34
43
34
5
18
55
14
-8
67
97
16
90
78
135
46
149
98
6
-4
74
-31
52
10
80
96
80
6
-22
101
95
72
56
35
103
44
63
-23
-30
40
89
-19
51
88
84
-32
28
27
47
41
78
32
51
125
51
39
-21
46
9
10
34
37
70
151
84
-2
-3
-27
34
-10
9
22
-11
11
85
77
-19
104
92
55
31
48
68
-8
30
3
96
98
57
73
20
72
124
55
73
-20
-11
106
44
15
39
44
38
7
144
39
40
60
32
-16
61
49
72
85
127
110
69
99
85
54
17
71
16
60
110
-46
1
35
-8
34
11
9
27
74
28
23
-10
32
68
13
79
62
59
70
35
21
46
60
100
45
34
17
8
94
51
48
55
1
66
37
81
19
5
-46
42
37
29
63
46
31
-5
20
36
7
82
26
44
72
15
56
86
12
46
-3
28
77
25
-15
42
9
23
68
27
67
9
97
33
33
47
25
80
-6
52
88
90
75
44
67
65
-3
43
21
87
-50
59
40
62
2
-85
6
-1
67
-36
31
44
-55
-85
18
33
89
65
-24
77
20
16
-7
-13
60
9
1
-43
26
-39
22
75
46
33
-40
-6
43
54
55
79
31
58
59
62
-2
62
38
46
19
-23
-35
34
53
31
-21
2
11
-13
-10
-30
-37
30
-7
39
33
-21
37
68
101
58
87
96
-25
-1
-10
-2
5
15
-10
13
4
55
-16
-13
-6
-19
7
48
-3
-3
19
26
21
27
-12
25
-7
31
4
14
4
17
-40
32
43
29
-10
43
41
13
1
6
2
13
9
19
5
114
105
17
20
33
17
-4
84
-16
-28
5
43
39
-4
4
1
-29
69
-25
3
29
80
49
109
16
51
80
5
77
36
38
58
103
-5
35
125
49
75
30
37
12
0
-25
59
30
-29
2
7
51
-25
68
121
58
30
-17
-53
-25
11
38
3
-14
-22
42
-13
74
92
31
12
70
3
29
76
29
79
22
83
-8
0
-12
0
16
86
158
-5
-6
46
23
-17
121
38
54
17
42
49
49
71
73
41
-15
6
19
55
45
33
-8
-1
17
26
48
26
-47
-31
-6
-32
-33
34
-25
54
-15
-1
4
-13
13
-6
-38
-31
-50
7
34
12
-16
-23
-5
38
-39
-34
20
-5
10
-29
41
-11
-22
26
33
15
8
-9
-9
34
42
-36
42
31
-58
-32
-47
-63
-45
-10
-59
-8
-68
-18
-49
-41
94
-63
52
4
2
-1
40
52
28
28
62
-11
27
83
5
-69
56
-34
-10
28
-8
8
64
40
22
2
53
64
21
-20
-21
32
-15
17
56
-4
18
41
12
22
11
-5
2
149
-50
32
-56
-44
-10
34
11
49
55
20
44
60
45
-10
43
69
51
53
69
51
22
33
4
38
-15
-7
83
-2
21
15
94
45
38
9
14
30
74
6
-21
12
53
47
61
69
57
61
7
-8
-2
-11
-10
55
32
86
0
33
110
37
12
-20
36
39
29
-1
24
63
82
97
94
122
11
24
72
86
9
-31
-3
23
56
-14
12
38
5
-1
24
-2
-28
3
28
7
15
63
20
56
36
28
54
85
59
100
17
80
11
87
67
84
87
76
32
37
51
48
-23
44
