-58
-44
-52
-63
-22
-67
-60
-36
-38
-65
-64
-40
-20
-53
-56
-73
-81
-63
-66
-73
-85
-61
-90
-73
-80
-80
-69
-79
-84
-87
-85
-78
-81
-79
-73
-83
-64
-68
-74
-71
-79
-72
-71
-55
-71
-77
-81
-53
-80
-74
-70
-83
-73
-63
-82
-72
-48
-37
-37
-57
-53
-40
-53
-44
-46
5
-43
-33
-48
-58
-38
-53
-24
-25
-64
-28
-72
-64
-25
-34
-45
-60
-56
-73
-67
-68
-55
-30
-30
-53
-61
-27
-30
-59
-61
-66
-26
-21
-52
-70
-50
-43
-58
-70
-25
-53
-53
-26
-54
-14
-36
-55
-49
-72
-8
-19
-35
-22
-42
-50
-11
-34
-59
-74
-40
-84
-45
-41
-68
-76
-32
-80
-62
-67
-54
-64
-77
-59
-55
-62
-84
-55
-58
-62
-64
-75
-53
-56
-70
-61
-37
-78
-82
-79
-64
-78
-77
-77
-57
-33
-56
-33
-76
-80
-61
-81
-74
-64
-67
-71
-63
-77
-66
-66
-50
-71
-77
-60
-51
-64
-60
-78
-57
-65
-67
-49
-76
-57
-63
-63
-56
-69
-50
-33
-42
-67
-72
-52
-60
-68
-47
-44
-53
-53
-34
-31
-44
-39
-63
-72
-66
-74
-38
-54
-59
-74
-67
-72
-67
-67
-78
-67
-52
-65
-65
-45
-43
-84
-71
-32
-54
-54
-71
-78
-65
-66
-49
-75
-39
-68
-69
-61
-77
-63
-66
-58
-84
-76
-53
-73
-73
-41
-77
-75
-68
-84
-75
-73
-74
-80
-85
-60
-59
-68
-65
-79
-85
-76
-78
-77
-87
-60
-78
-79
-76
-64
-70
-70
-59
-79
-77
-45
-69
-70
-74
-70
-75
-80
-73
-73
-64
-84
-63
-76
-67
-65
-80
-47
-43
-69
-59
-64
-76
-87
-79
-73
-55
-28
-71
-48
-74
-43
-68
-65
-50
-59
-46
-52
-76
-78
-82
-78
-78
-52
-78
-32
-50
-37
-63
-37
-51
-69
-59
-42
-45
-48
-71
-69
-58
-39
-66
-48
-41
-39
-22
-42
-29
-42
-51
-46
1
-29
-63
-48
-47
-46
-52
-60
-20
-23
-83
-49
-50
-70
-38
-34
-28
-71
-30
-63
-12
-51
-38
-42
-41
-38
-31
-69
-31
-45
-22
-60
-27
-72
-17
-39
-47
-38
-39
-29
-24
-33
-51
-53
-36
-27
-23
-28
-41
-20
-27
-12
-51
-33
-43
-22
-18
-31
-58
-14
-47
-7
-45
-40
-24
-24
-75
-31
-40
-41
-15
-15
-25
-17
-38
-26
-28
-44
-6
-54
-4
-35
-19
-38
-47
-36
-42
-70
-34
-40
-10
-13
-42
-27
-57
-40
-19
-25
-39
-58
-12
-27
-29
-9
-18
-37
-45
-28
-44
-16
-44
-34
-32
-6
-15
-33
-28
14
-48
-65
-33
-52
-48
-19
-24
-31
-31
-24
-31
-53
1
-43
-42
-36
-26
-20
-47
-69
-12
-19
-47
-28
-31
11
-28
-20
-26
-17
-34
-45
-24
-31
-17
-37
-4
-29
-20
-33
-46
-10
-11
-11
-11
-31
-12
-19
-31
-29
-55
-35
-23
-24
-34
-31
-31
-20
-23
-38
3
-40
-33
-38
-30
-12
-24
-53
-38
-44
-39
-29
-34
-12
-14
-33
7
-28
-44
-23
-23
-45
1
-34
-37
-41
-36
-35
-29
-40
-16
-28
-43
-34
-12
-40
-12
-35
-22
-42
-14
-31
-30
-29
-22
-39
-30
-21
-32
-31
-14
-14
-42
-23
-11
-14
-38
-22
-18
-31
-53
-13
-27
-13
2
-40
-26
-15
-20
-26
-29
-30
7
-23
-13
-31
-32
-14
-29
-20
-20
-31
-37
-34
-19
-33
-24
7
-28
-25
-25
-41
-10
-38
14
-47
-8
-17
5
2
-46
-34
-25
-18
-75
12
-32
-10
-25
-33
-7
-7
-28
-20
-36
-25
-44
-28
-6
-54
-32
0
-37
16
33
-17
-25
-53
-3
-40
-38
-3
-25
4
-37
-12
-33
-24
-7
-17
-3
-22
-15
-15
10
-25
4
-3
-9
-13
14
-3
-31
-26
-9
7
-42
7
12
-11
-10
-2
-32
-19
-4
-18
-39
-21
1
-8
-36
-17
-4
-22
-12
28
-4
-63
7
-35
-31
-40
-42
-34
-21
7
-41
-24
-7
-18
-33
-31
-20
-15
-33
-31
-30
-38
10
8
-1
-24
-15
40
0
-19
-3
11
-2
5
-25
26
-15
-18
6
-9
-3
14
-8
-47
-12
15
-10
-27
15
6
-16
13
-20
8
27
25
-11
1
-1
-15
-20
-39
-23
-29
-11
-8
26
-23
22
27
-18
7
-17
1
2
-2
-3
-12
31
-25
-5
26
-43
-18
8
-44
-27
-17
-18
-36
-2
-18
-22
13
12
31
-22
-17
0
0
-16
-13
-19
-39
10
-6
-38
-15
-38
-46
-20
-27
-20
-39
-16
-23
-51
-4
-18
-6
-19
-19
-16
-33
-64
-19
-40
-29
-21
-24
-37
-22
-8
1
-6
-27
-27
-20
1
-46
-33
-31
11
-24
-55
-28
-26
-35
-8
0
-5
4
-10
-22
1
-24
-26
-21
-38
-9
-38
-20
-19
-6
2
-8
-13
-34
-4
-18
-26
9
-17
8
-43
34
-30
-37
-32
-19
-16
-12
-34
-34
-2
-27
-33
-39
-15
-32
-45
-1
-16
-39
-36
-11
-10
-48
-22
-25
-17
-23
23
1
0
0
-25
-4
12
-34
-33
-18
-11
-24
-18
-7
7
17
32
-15
-16
-1
-12
-54
-33
-18
-7
-30
-25
-19
-14
-12
-24
-4
-21
-21
-18
26
0
3
-1
-11
3
-16
-8
-17
-7
-28
35
-9
-1
-33
-43
-6
-5
-10
-26
25
-17
8
-17
-4
-29
-4
10
23
-13
-36
-3
-64
-73
-38
-68
-59
-31
-56
-44
-59
-54
-56
-62
-38
-46
-93
-42
-55
-59
-43
-70
-62
-70
-42
-62
-60
-65
-54
-66
-41
-53
-58
-48
-51
-57
-29
-55
-51
-69
-70
-66
-66
-57
-66
-58
-57
-40
-75
-70
-57
-53
-57
-53
-43
-37
-52
-67
-19
-47
-55
-88
-60
-77
-53
-53
-45
-81
-73
-57
-56
-71
-25
-43
-69
-27
-45
-56
-54
-60
-55
-59
-46
-55
-27
-66
-42
-61
-30
-72
-61
-68
-86
-38
-68
-55
-45
-50
-54
-54
-61
-91
-64
-58
-62
-74
-49
-84
-67
-62
-51
-63
-82
-61
-28
-62
-42
-77
-65
-71
-77
-52
-71
-81
-38
-74
-47
-45
-61
-55
-54
-63
-74
-54
-52
-55
-48
-43
-61
-33
-76
-62
-33
-10
-56
-52
-53
-60
-43
-45
-59
-68
-69
-49
-35
-45
-30
-55
-78
-59
-53
-61
-67
-50
-63
-33
-46
-55
-39
-41
-30
-50
-18
-36
-37
-40
-32
0
-28
-64
-74
-48
-40
-58
-76
-76
-59
-65
-54
-59
-45
-61
-48
-69
-28
-66
-49
-38
-64
-52
-53
-66
-49
-41
-74
-53
-30
-46
-67
-67
-71
-51
-10
-65
-10
-14
21
-72
9
-50
-67
-50
-34
-47
-61
-65
-60
-55
-63
-52
-34
-22
-20
-46
-64
-51
-26
-65
-16
-22
-42
-55
-53
-60
-49
-30
-28
-39
-59
-60
-44
-58
-43
-51
-39
-43
-18
-29
-45
-74
-35
-56
-51
-35
-66
-41
-53
-41
-48
-40
-34
-52
-48
-52
-54
-39
-62
-37
-59
-53
-45
-59
-23
-29
-34
-28
-29
-38
-10
-42
-25
-37
-30
-58
-52
-65
-50
-2
-28
-16
-28
-41
-46
-24
-39
-20
-15
-54
-56
-46
-47
-27
-23
-11
-15
-33
-44
-16
-9
-24
-27
-13
-23
-26
-18
-15
-16
-14
-16
-5
-19
3
-6
-31
-53
6
-21
-38
-15
-34
-27
-16
-25
-9
-7
4
-15
-15
-36
-2
-6
-21
-26
-3
-18
-10
6
-21
-8
-3
-1
-21
-48
-24
10
1
-4
-38
-21
0
-27
-8
-16
-22
-32
-12
-8
-26
-14
-7
-11
-19
-11
-21
-8
-13
32
-2
-10
-20
6
-13
10
-10
-21
-8
0
-26
-41
-14
-22
2
5
-20
-29
-21
2
12
-1
-13
26
17
19
4
15
19
63
3
47
33
-1
49
42
-32
44
37
24
49
12
41
6
-5
-22
38
22
-26
27
14
13
37
1
-22
-3
15
16
-22
-4
47
7
-22
4
-20
10
42
43
11
-3
4
-14
23
1
22
64
2
-3
1
16
27
-39
0
23
-10
-13
2
-27
62
5
-6
-12
-11
19
-11
-9
23
-7
-11
39
45
-3
-21
-26
-11
-26
-8
-1
14
-29
-7
23
-15
-16
27
23
4
14
-9
-12
-3
-25
-29
-18
12
-10
-38
9
35
9
-21
26
26
19
3
1
11
-31
19
14
-3
-45
0
-28
36
-35
-20
3
29
4
-27
-8
34
28
-14
-2
6
-10
-11
-66
57
24
-30
0
-2
28
28
21
44
19
27
-4
22
52
10
27
-13
-5
23
9
60
15
-1
10
-4
26
69
-1
-1
22
-17
-27
16
16
21
-2
10
44
37
7
40
29
2
18
3
27
1
9
41
-12
45
16
18
-14
-11
39
-11
25
-7
-7
-22
-3
25
-12
11
24
-1
-4
-13
47
4
13
-22
-21
-10
14
-26
17
-6
11
6
1
-14
27
-36
49
40
25
32
19
4
-27
-12
51
8
25
21
25
25
23
-41
34
-1
17
-12
-5
-27
-7
-20
3
11
6
48
11
8
17
45
42
60
-25
3
11
-16
-17
5
2
3
8
25
28
3
18
8
21
5
26
31
-11
50
45
1
-1
-6
0
22
-18
2
27
-33
44
6
-32
-4
11
-8
46
34
55
6
11
3
-4
46
9
-2
-38
11
40
31
54
-2
3
8
-25
4
-31
-20
12
-2
26
3
-11
6
9
2
8
3
27
-15
-45
9
-10
-2
-9
20
-15
-24
-23
0
11
13
-23
4
4
4
10
-10
-17
-12
-32
-1
15
-8
-24
0
-14
-9
-5
-10
-2
20
-9
-13
21
-21
-7
-5
10
-9
-22
6
-1
27
9
-43
-2
-16
-15
-26
0
0
5
-25
-9
-10
-12
8
29
-34
-24
-52
-24
-32
-7
-18
-23
-10
-14
-36
-3
2
-16
-15
0
-32
-27
-2
-19
-19
-48
-11
20
-38
14
-18
-40
0
25
-24
-50
-28
24
-9
-27
11
-27
-14
-16
-7
-42
0
-17
-10
-26
-14
-11
-22
-12
32
18
6
18
15
-23
-15
13
-12
7
-1
34
8
3
-21
-24
-16
-16
31
14
4
-12
6
-1
3
-6
4
-9
-1
-33
-23
-2
-14
4
3
-44
-18
-22
-23
-2
-10
-21
-17
-12
-23
5
1
17
-2
-30
-24
-14
-27
-12
-35
-1
42
-16
-7
0
-56
11
-35
-28
-44
-19
-21
-22
-12
14
2
-10
-14
-24
-16
26
41
10
-27
-9
8
45
-37
-28
2
-18
-25
-7
-19
-33
-3
-16
-32
-5
2
-13
-8
5
-3
-10
-18
12
6
-46
-17
-19
-9
-20
-5
-27
-13
7
-38
-35
-14
38
49
20
20
14
-22
12
23
3
-5
-14
-8
-24
-34
-8
-8
-36
-4
37
-5
20
19
39
15
21
-3
32
18
11
-11
-8
-20
3
-25
-18
-32
-25
21
-16
-1
5
-21
7
37
20
16
-13
22
27
34
3
26
11
31
-26
0
28
22
-19
-13
0
1
-8
17
35
20
8
-11
-24
9
22
7
35
-17
4
53
-1
49
56
-34
34
-3
-3
28
-6
-28
-4
12
19
24
29
44
15
-13
-3
18
3
-13
18
-7
-5
-11
-19
-10
21
-26
37
19
21
35
17
-6
-10
24
-20
35
-23
16
-27
28
51
15
-20
-9
-14
-8
27
2
13
-9
13
39
12
-16
25
41
38
-9
-33
12
33
15
43
-8
-5
22
-3
14
-12
7
62
-10
36
5
0
29
8
42
23
8
18
-28
22
-15
-4
-11
-16
18
0
14
-8
9
-6
4
16
-10
-21
-4
4
29
-4
-36
-38
-20
-39
-34
-2
-13
-12
-38
-3
8
-10
20
11
0
13
-15
22
-7
34
10
1
-1
0
-3
-15
-3
17
42
-7
9
-14
-12
0
-37
14
-16
-24
20
2
22
11
17
30
6
-20
-22
-8
16
-13
28
12
-5
0
-4
-18
0
-44
-23
40
29
28
-4
6
17
10
11
-19
6
-6
20
27
30
-6
-15
10
13
-4
-11
39
21
24
39
32
15
35
9
27
23
-22
-16
39
8
9
31
16
28
21
57
-2
18
3
-28
-2
26
-33
-5
-20
-13
3
-8
-22
33
13
-10
-5
-33
8
-32
-12
-21
-22
-7
-18
-23
23
3
42
52
-10
20
-9
-15
-23
7
-23
-10
-34
-12
-4
-7
10
-12
-1
-27
-21
-9
12
-9
-12
-22
-5
-37
5
-51
-38
13
-27
36
0
6
1
36
18
13
-4
29
3
29
66
36
-24
-9
-15
17
-21
20
-4
4
12
-3
7
11
-11
-17
-16
-4
-13
-10
26
-14
7
6
8
14
-14
8
-17
11
8
10
-23
1
21
10
-20
-20
-32
-1
-15
-15
-11
-23
-8
-8
5
-16
21
-10
18
-22
22
-25
41
9
15
-29
-12
-3
31
-7
-13
-5
13
-31
-3
-12
-16
5
22
-9
10
-20
2
4
19
-30
6
-9
-2
-19
-4
-11
13
8
-13
-24
-12
20
-23
18
-9
-17
9
9
-40
8
-6
-12
-14
0
-70
18
-19
17
-8
-10
-15
51
49
50
-18
6
8
8
30
31
7
22
14
-18
2
-1
56
30
-7
18
27
2
-14
-20
10
-23
-14
38
13
20
8
46
3
-11
-15
-3
3
-7
25
-10
2
-16
-3
29
-13
-11
-17
11
22
-2
-7
13
43
-1
-4
-25
-9
1
5
-15
-8
-37
3
0
3
1
0
-27
-7
-11
16
5
-17
-55
-8
-5
-11
-36
-8
-12
13
-14
-31
