-59
-24
-70
-69
-50
-35
-28
-46
-28
-33
-43
-59
-29
-54
-62
-36
-39
-44
-31
-2
-5
1
-46
3
-45
-9
-47
-25
-40
-60
-41
-68
-65
-60
-76
-79
-50
-40
-65
-33
-46
-60
-68
-84
-72
-81
-57
-80
-61
-62
-66
-45
-83
-83
-83
-84
-87
-75
-85
-81
-63
-58
-59
-79
-91
-87
-76
-77
-90
-86
-76
-75
-57
-72
-68
-87
-77
-84
-84
-69
-82
-69
-83
-83
-66
-66
-75
-81
-62
-74
-50
-81
-87
-86
-75
-84
-78
-59
-68
-79
-76
-88
-57
-78
-84
-70
-87
-74
-85
-92
-71
-82
-71
-72
-86
-84
-76
-88
-85
-55
-74
-73
-88
-82
-79
-70
-76
-85
-85
-71
-88
-75
-73
-67
-86
-87
-44
-87
-91
-72
-81
-81
-82
-78
-70
-70
-57
-68
-45
-53
-66
-80
-78
-68
-79
-57
-85
-89
-66
-87
-72
-78
-50
-48
-82
-61
-72
-66
-71
-78
-74
-75
-27
-81
-61
-87
-82
-78
-64
-82
-77
-84
-81
-61
-83
-76
-66
-84
-88
-84
-72
-69
-37
-80
-66
-75
-68
-86
-69
-67
-63
-84
-81
-73
-51
-76
-78
-63
-55
-73
-63
-62
-64
-49
-30
-45
-75
-62
-51
-33
-38
-24
-40
-59
-34
-69
-25
-42
-53
-72
-75
-73
-88
-57
-67
-77
-49
-50
-68
-61
-58
-55
-76
-58
-59
-40
-62
-46
-32
-48
-80
-72
-37
-39
-75
-67
-47
-58
-67
-84
-68
-74
-70
-59
-64
-39
-73
-53
-59
-49
-56
-53
-49
-83
-50
-36
-51
-55
-55
-69
-66
-66
-58
-54
-64
-74
-84
-75
-66
-54
-74
-73
-77
-76
-74
-72
-77
-76
-72
-72
-67
-55
-65
-71
-56
-73
-65
-83
-74
-75
-82
-49
-86
-75
-73
-71
-56
-67
-72
-55
-43
-61
-80
-79
-48
-84
-54
-65
-83
-87
-66
-71
-61
-56
-67
-59
-68
-80
-57
-60
-58
-25
-51
-83
-58
-61
-56
-71
-72
-50
-41
-75
-47
-64
-68
-77
-80
-37
-62
-52
-61
-52
-34
-75
-64
-59
-65
-68
-53
-72
-74
-61
-59
-67
-83
-77
-78
-85
-70
-51
-65
-75
-81
-54
-38
-57
-77
-54
-68
-67
-69
-72
-31
-67
-82
-59
-68
-49
-55
-70
-82
-56
-47
-71
-72
-57
-44
-63
-47
-62
-59
-81
-71
-64
-78
-69
-70
-80
-66
-65
-44
-77
-53
-58
-73
-62
-72
-70
-53
-47
-89
-62
-55
-60
-67
-66
-73
-65
-64
-65
-60
-61
-70
-60
-43
-64
-74
-71
-43
-47
-66
-71
-78
-37
-84
-45
-40
-40
-49
-65
-69
-58
-52
-51
-60
-40
-60
-60
-48
-64
-27
-49
-36
-58
-66
-56
-70
-59
-58
-43
-48
-69
-50
-73
-24
-72
-63
-48
-61
-47
-50
-59
-74
-59
-55
-51
-29
-74
-43
-57
-41
-46
-37
-67
-61
-48
-45
-68
-41
-31
-65
-33
-50
-61
-37
-27
-62
-50
-56
-55
-63
-46
-59
-38
-47
-63
-27
-54
-35
-32
-73
-39
-53
-18
-43
-58
-45
-78
-46
-58
-57
-39
-39
-68
-52
-43
-22
-38
-64
-32
-63
-69
-63
-55
-60
-46
-47
-31
-49
-46
-31
-52
-51
-60
-57
-49
-34
-48
-36
-43
-38
-43
-46
-5
-33
-43
-32
-43
-17
-32
-44
-65
-14
-65
-36
-59
-45
-39
-30
-56
-45
-70
-54
-44
-51
-61
-48
-62
-32
-53
-66
-41
-35
-69
-80
-55
-64
-50
-51
-80
-60
-67
-58
-50
-37
-78
-39
-80
-40
-38
-61
-65
-36
-53
-73
-64
-39
-29
-67
-49
-33
-58
-62
-58
-73
-44
-67
-43
-58
-50
-59
-50
-25
-40
-80
-10
-27
-75
-35
-48
-21
-47
-47
-45
-63
-63
-53
-42
-40
-66
-24
-36
-59
-31
-67
-33
-52
-37
-57
-31
-41
-30
-32
-52
-58
-44
-49
-18
-56
-45
-39
-17
-54
-44
-40
-68
-58
-37
-48
-70
-37
-53
-46
-51
-30
-32
-57
-44
-17
-40
-46
-29
-20
-27
-50
-66
-59
-38
-24
-24
-45
-50
-41
-50
-42
-39
-34
-23
-38
-36
-58
-37
-55
-19
-27
-20
-38
-46
-53
-28
-49
-28
-15
-28
-55
-19
-26
-17
-14
-18
-39
-45
-26
-33
-34
-38
-44
-56
-16
-27
-40
-33
-16
-21
-41
-6
3
-37
-29
2
-21
-27
-41
-28
-43
-47
-5
-8
-29
-13
-16
-28
15
-43
-36
-41
-10
-51
-57
-53
-41
-15
-50
-65
-73
-44
-51
-68
-47
-63
-47
-83
-50
-76
-50
-58
-77
-61
-65
-67
-65
-77
-52
-34
0
-55
-35
-69
-41
-46
-34
-13
-21
-58
-67
-67
-78
-49
-42
-81
-64
-57
-61
-67
-82
-57
-60
-61
-67
-56
-33
-38
-24
-10
-57
-58
-38
-36
-1
-59
-33
-55
-20
-47
-53
-39
-48
-55
-47
-54
-62
-41
-19
-22
-61
-44
-28
-26
-26
-37
-38
-68
-65
-47
-26
-27
8
36
8
-48
-68
-9
7
-26
-11
2
-39
-22
-27
12
-19
-14
-31
-28
-37
-26
-37
-6
-41
-22
-20
-39
-8
14
-11
-5
11
-68
-41
-41
-56
-44
-39
-38
-17
-64
-67
-30
-5
-63
-21
-51
-30
-21
-47
-26
-39
-11
15
-1
-47
-44
-11
-42
-72
-71
-10
-28
-33
-25
-7
-29
-47
-22
-20
-6
-19
-21
-25
-3
-31
-30
-14
-33
-19
-18
-2
-35
16
-38
-16
-3
-11
-30
-23
4
-24
-9
-43
-52
-31
-27
-17
-28
-4
-57
-28
-43
-6
28
-26
-55
-26
2
27
-16
-47
-26
9
-20
-8
4
-17
-35
12
-21
10
-37
26
-26
-42
-47
16
-5
28
30
-16
-34
-25
18
-43
-34
-62
-29
0
27
-55
-34
-45
-42
21
47
-44
27
-10
65
-6
7
6
-14
7
51
22
-4
-34
57
30
14
-33
29
8
36
-27
2
-4
15
22
0
20
-10
19
-8
0
31
-34
15
12
16
-6
-6
54
-34
48
44
28
-21
-21
130
-27
-25
50
77
-15
-55
28
43
10
-15
-9
-23
3
40
76
67
12
64
58
-8
39
25
40
33
39
54
107
63
59
-9
-21
-15
17
-35
-18
-16
-38
-7
-21
-42
-1
-38
-8
-52
-51
-48
-24
-10
-11
-42
7
-4
-2
11
-15
-2
-8
39
32
-35
16
-50
-81
-64
-36
20
-20
54
-11
33
46
49
14
51
70
27
3
-1
27
-32
-3
-10
-12
-12
53
25
1
40
-5
-29
-41
25
-35
3
-39
-4
7
-9
29
-22
-18
-17
-2
-30
18
40
37
-23
-8
-13
51
-35
-21
-26
33
-39
-68
-12
9
-24
-3
42
37
-48
44
2
47
30
81
108
81
7
11
36
58
17
17
4
37
0
20
-20
28
-1
12
17
3
33
-10
-23
-7
-54
47
-16
-7
-43
-32
9
42
42
-8
-52
26
-2
7
-2
-23
9
-9
-15
-30
36
-43
-1
12
25
24
-12
-7
30
-18
42
6
-32
21
42
20
-4
34
38
47
44
59
-18
-1
-34
17
55
23
40
3
-41
47
-20
-29
-27
-17
-17
-6
-26
-21
-28
12
45
21
-29
20
-1
30
-19
-26
42
41
61
-13
11
-37
38
24
-21
21
-28
-5
7
24
-8
34
88
-21
56
-14
-35
-45
-7
-14
59
35
70
-21
96
-1
27
-29
-39
-41
-56
-36
-3
-37
-18
-29
-47
-34
-58
-63
-27
-34
-43
-34
-23
32
7
31
34
48
70
38
-33
20
27
-9
16
48
-25
20
47
4
-24
-20
-5
32
32
45
-16
-27
-27
-52
-35
2
-19
28
130
102
4
1
54
-15
52
1
28
37
38
37
66
58
27
-50
31
-53
11
19
79
4
27
-26
31
-33
-9
57
35
97
46
42
106
68
48
42
87
66
9
63
51
55
29
40
20
81
68
39
59
54
33
79
27
75
42
102
122
20
30
37
39
10
12
21
82
44
87
122
56
28
31
6
12
77
60
104
121
61
57
62
114
65
69
-12
-16
-14
5
-31
42
-12
71
75
58
86
64
70
18
100
64
31
81
82
91
58
52
61
18
109
20
38
-6
22
90
158
36
68
-6
107
29
2
-3
34
34
107
-8
16
-30
35
32
40
12
58
-25
16
-57
57
-5
-22
57
39
1
18
-21
69
24
21
-31
-4
-31
-21
5
-26
32
-12
-19
23
-5
1
-21
-15
-20
37
28
44
102
-21
-29
29
15
61
46
53
28
66
108
11
23
73
51
8
7
68
-57
-75
84
58
96
50
63
2
12
74
12
121
85
49
21
40
30
-4
-27
107
30
121
83
84
-38
12
-1
-13
28
8
7
30
0
-6
-6
-37
9
62
35
0
38
43
3
97
51
90
33
49
160
35
0
61
53
42
24
34
102
67
71
66
42
77
-17
-28
83
121
45
103
22
74
86
5
83
42
137
-31
74
82
85
49
33
60
48
65
119
52
94
7
-29
9
-11
31
37
26
-47
-12
61
-13
-8
-18
36
95
85
51
28
60
20
-29
5
8
-16
-18
-17
-3
73
-11
-28
-35
24
95
20
-2
-21
124
56
32
46
73
25
106
11
0
84
31
-6
-22
-10
59
47
104
111
-24
50
16
55
6
65
94
79
58
130
79
106
101
61
83
55
10
62
75
66
81
129
89
23
69
85
137
3
39
57
23
70
58
131
77
100
27
130
47
82
95
93
40
54
52
36
5
9
74
-11
21
13
8
12
106
61
121
132
51
57
91
40
60
46
79
86
20
96
48
35
42
1
8
-7
-37
-29
10
21
-34
5
-46
-9
-54
58
9
6
57
-21
66
92
-1
22
29
34
37
53
38
68
25
70
1
1
26
25
8
6
-7
9
-32
-22
44
55
41
20
72
-4
10
29
40
-33
4
48
32
12
53
-11
-5
57
42
79
-29
-7
62
-3
44
43
44
-5
27
31
-46
42
60
30
38
-3
-25
30
7
7
-2
-25
7
43
61
21
42
64
27
-27
12
24
-36
-12
-31
1
28
53
69
-3
16
15
-45
5
-55
-46
62
-52
-58
73
-26
19
-12
8
5
41
-19
-23
1
18
3
17
-9
47
59
16
16
32
66
39
50
24
14
38
23
22
1
29
65
14
39
23
27
50
10
46
13
39
63
-3
95
-13
52
77
91
-12
-15
7
-22
81
-23
64
40
-5
-13
73
-20
78
-19
6
81
16
34
6
31
-39
-5
-12
29
22
13
41
74
30
64
44
56
119
66
83
7
13
16
7
37
40
81
-15
-29
102
3
50
-7
-62
5
38
0
54
26
1
93
44
-5
71
42
18
70
54
72
-21
38
51
6
-21
2
46
-4
11
-19
28
10
100
-10
-7
133
76
29
42
-13
29
-11
26
28
43
14
18
0
57
5
39
53
-29
5
27
-12
-30
-20
5
16
21
48
78
-15
47
-20
-18
39
61
23
46
31
-3
21
54
52
102
45
1
29
21
28
-20
18
10
48
5
-41
-20
-14
57
47
-24
44
7
15
38
58
21
-8
98
-47
-13
23
-17
15
22
10
4
17
116
67
-40
79
29
99
-5
62
122
50
58
22
61
-24
54
20
64
26
43
40
-52
-25
-15
-49
-16
-25
-13
34
-24
4
-56
-34
13
44
16
-46
3
89
6
8
93
58
103
8
70
117
1
70
105
1
-29
-45
59
41
21
64
-4
-29
-1
-6
3
29
-10
2
68
30
56
-2
-12
30
36
-34
-43
-24
31
-26
-25
-38
-55
33
-8
23
6
22
-13
60
-17
10
12
-42
-20
16
25
14
33
-15
47
-3
63
143
16
41
2
97
10
90
108
-16
-12
54
77
-6
50
79
84
35
-37
20
90
12
68
24
-7
43
54
-6
13
-19
30
34
8
38
-29
68
-51
-34
28
30
30
-47
-44
21
-26
-6
62
-20
10
-10
-7
2
43
0
18
88
104
22
78
