-17
17
-13
-29
-3
51
-23
31
37
1
129
31
57
-31
37
21
57
111
131
41
59
91
77
49
55
81
109
53
37
61
29
43
89
87
143
145
69
283
159
137
-31
15
-19
55
53
213
97
71
45
13
79
47
35
51
25
45
123
45
35
55
193
69
71
43
-5
177
175
97
1
51
91
131
47
47
161
63
67
61
57
67
57
63
99
119
61
127
23
209
41
31
33
-21
41
39
-3
17
-9
-5
-5
5
69
123
45
125
57
85
177
55
147
349
147
97
43
121
131
103
79
213
83
131
3
227
69
227
255
81
177
153
257
271
229
223
215
185
155
183
159
99
161
291
155
133
191
267
65
147
215
235
181
57
51
145
193
107
209
299
95
111
181
81
71
201
109
67
297
121
111
93
99
129
117
107
123
71
165
105
103
75
125
91
177
89
173
125
115
97
109
77
83
87
91
145
137
99
137
213
363
37
173
241
337
263
481
179
305
257
255
365
237
139
337
89
95
261
189
109
339
217
97
313
65
97
91
167
209
119
193
113
105
115
59
81
155
229
179
67
75
97
147
83
161
63
191
99
409
173
185
129
125
201
191
73
103
197
179
97
73
183
133
189
125
179
129
19
123
93
105
209
81
167
101
101
161
123
47
141
207
57
85
105
93
183
129
149
83
35
159
153
105
177
105
125
53
85
83
79
101
117
159
183
153
91
99
39
97
111
95
61
61
147
155
69
147
117
75
83
123
87
117
51
55
101
99
89
143
97
151
99
125
207
127
193
87
221
207
117
99
99
119
309
157
143
291
199
295
107
235
189
171
241
187
131
257
225
311
333
231
209
129
131
165
127
133
151
219
335
261
199
233
153
229
203
215
147
357
155
181
307
261
237
155
239
191
295
273
235
225
217
157
159
145
147
369
287
291
391
219
259
249
245
223
203
259
283
211
269
125
179
283
195
39
247
149
237
135
149
79
83
125
113
159
97
103
169
145
141
87
179
125
177
99
221
109
131
135
137
185
141
133
161
147
277
185
175
315
443
265
255
237
297
259
79
75
207
147
169
215
311
283
133
151
129
131
107
77
235
183
129
127
93
157
161
127
115
77
147
153
187
105
65
91
81
99
187
139
165
83
173
149
193
181
161
81
145
189
121
175
81
163
55
159
125
165
147
125
129
151
87
109
159
123
129
171
163
141
189
149
73
123
235
131
249
291
167
191
189
333
207
185
37
63
65
69
81
193
115
85
201
157
197
99
129
173
133
215
105
149
151
125
93
93
55
107
199
223
227
227
121
69
121
135
127
85
111
159
149
227
47
171
251
119
197
109
191
147
141
79
177
165
151
157
73
163
119
61
123
19
153
115
39
47
63
95
233
129
213
247
247
171
283
259
197
183
327
281
349
235
251
199
339
293
339
257
229
465
227
217
251
183
187
169
49
235
191
95
85
157
241
207
271
433
225
219
299
295
91
257
359
231
299
329
151
177
195
187
205
257
165
281
317
271
289
207
257
255
221
251
251
155
265
249
377
305
115
205
141
153
207
189
245
231
145
77
163
161
191
101
287
357
153
171
105
195
111
369
147
219
281
299
299
275
309
401
211
239
289
203
359
105
155
183
111
287
69
241
171
117
95
165
127
287
133
129
187
185
331
277
243
269
157
275
229
273
255
205
219
273
121
121
95
135
103
179
127
61
157
147
117
163
119
171
61
61
99
85
101
153
89
67
151
143
143
35
35
109
95
17
119
203
135
61
123
103
191
119
91
81
97
89
137
83
263
339
197
349
141
221
51
209
147
229
59
99
313
119
145
61
179
85
87
105
59
151
37
71
119
115
145
177
93
93
145
89
229
101
101
125
113
93
115
121
153
227
125
171
133
109
195
137
169
165
193
89
125
233
161
353
295
247
229
263
313
221
227
331
269
271
297
343
281
261
257
289
91
139
229
221
167
217
247
279
99
371
227
269
165
317
287
265
241
281
259
263
273
337
383
335
385
267
277
307
285
271
169
105
179
155
263
157
113
241
17
183
197
105
221
151
19
149
87
149
141
129
111
65
119
127
141
185
215
139
111
191
197
155
237
253
223
305
273
203
271
223
229
103
167
181
219
211
265
251
143
85
277
81
287
187
187
133
281
239
117
283
203
95
163
145
57
215
159
227
137
141
229
207
55
139
103
125
123
125
93
127
131
89
211
139
59
57
121
95
83
61
101
61
159
279
199
183
257
173
85
219
11
35
53
67
75
97
161
105
61
201
149
51
161
165
187
171
215
221
173
217
187
125
137
97
129
123
159
213
155
181
181
189
137
109
161
115
97
67
105
47
143
155
143
197
113
57
71
73
137
107
77
261
93
175
53
81
103
161
111
181
109
1
133
39
19
71
147
83
155
249
149
135
97
225
89
-9
195
59
107
67
45
35
105
33
85
113
107
45
93
81
55
229
87
81
111
73
63
305
247
69
51
85
265
177
71
155
35
133
161
119
99
67
41
79
99
29
37
131
83
77
87
71
69
203
157
155
199
149
177
95
51
51
59
31
91
103
131
77
67
115
151
123
57
81
117
205
259
17
91
207
103
115
111
89
117
41
91
93
129
71
177
203
107
195
81
201
219
179
107
115
171
235
203
79
103
203
135
127
149
179
77
61
87
107
71
115
101
113
87
75
151
177
69
137
107
71
97
69
75
89
159
109
73
113
183
221
189
161
169
189
171
83
55
171
93
123
101
213
49
69
115
145
93
131
173
81
197
157
135
75
157
63
83
75
103
181
113
97
51
111
65
103
89
81
99
73
63
153
87
197
55
123
161
197
181
239
177
179
137
205
149
179
161
99
105
157
123
83
99
75
125
147
193
95
155
161
177
99
137
185
101
165
111
131
199
109
155
111
99
91
211
109
131
191
137
101
131
153
115
79
141
147
119
73
107
127
135
63
135
151
127
115
131
93
123
177
191
117
135
139
129
181
105
117
147
205
131
115
173
191
429
193
237
201
197
201
143
187
71
103
163
99
193
117
221
155
93
83
103
117
257
89
25
153
63
111
67
109
21
115
59
65
69
109
237
167
237
193
215
245
119
187
141
115
229
87
89
93
81
145
137
169
61
73
43
95
157
101
165
219
239
335
103
55
79
79
97
201
87
69
65
127
133
173
331
169
203
129
101
205
133
189
179
191
169
107
183
111
133
87
167
211
87
47
177
129
247
229
177
115
125
65
65
49
63
75
121
-17
79
75
57
181
119
125
91
31
67
71
99
51
65
147
23
97
47
91
69
101
129
141
63
103
73
3
-19
165
185
153
81
67
171
7
201
105
77
113
227
47
51
239
181
295
227
249
73
129
345
375
79
13
207
75
287
235
113
103
135
133
23
63
39
93
-19
53
65
37
69
99
77
83
89
67
37
205
131
39
41
103
185
141
203
187
27
223
35
165
83
225
191
85
11
103
3
89
155
145
181
183
153
109
207
89
73
51
53
167
179
275
255
307
111
249
133
303
241
263
133
-57
177
195
191
137
151
111
159
181
133
183
183
177
177
207
-15
65
183
109
65
231
179
105
129
299
171
107
187
151
133
97
189
277
195
143
117
87
123
115
1
91
137
223
141
67
35
17
79
77
129
265
345
211
341
217
279
257
243
123
105
95
77
-23
-9
73
37
83
103
67
75
47
17
69
99
69
215
69
195
255
53
139
195
15
61
121
143
167
177
103
