-15
77
-43
15
9
-61
-53
-39
-23
15
-71
-45
29
111
83
83
111
153
141
113
67
99
117
69
97
109
55
73
203
99
-11
-25
-67
-71
-37
-77
-59
-77
-61
-63
-59
97
125
63
71
51
49
15
37
31
59
347
297
217
183
91
115
101
67
99
57
159
29
75
57
-33
-39
-5
-37
35
1
49
27
73
47
61
83
-3
-65
1
-35
-17
21
-15
95
149
123
101
155
215
77
23
71
49
23
31
31
35
13
111
181
359
131
159
47
147
211
273
237
191
223
301
273
133
105
121
145
69
107
107
71
87
61
89
283
203
47
37
97
53
47
83
47
25
51
119
123
149
115
219
159
173
203
77
89
117
183
99
237
243
363
271
181
183
149
79
225
73
19
71
133
95
75
93
53
91
131
109
205
87
145
239
101
69
177
217
183
307
279
183
97
219
189
189
185
119
3
173
-1
55
59
77
97
135
171
207
245
263
229
313
183
161
55
33
167
185
203
223
223
169
221
181
103
277
149
207
179
269
275
269
145
217
247
295
179
165
35
199
187
77
159
47
37
127
99
241
173
131
143
211
313
107
55
249
209
197
95
123
255
151
95
51
55
81
115
83
143
151
51
161
127
45
3
11
21
29
89
123
159
89
155
111
183
31
51
43
57
133
101
263
255
139
187
221
201
129
137
157
131
87
109
149
225
309
255
235
249
109
185
111
79
211
63
149
265
197
189
343
83
81
139
121
171
323
293
191
205
199
203
197
317
269
233
85
41
139
233
81
279
297
95
127
233
269
203
271
143
179
213
205
169
161
-31
-13
203
75
147
115
113
163
247
179
123
151
171
111
121
163
203
61
33
65
163
327
253
195
171
109
59
125
79
149
197
147
191
83
103
101
143
47
67
139
107
81
103
229
173
51
79
141
99
203
95
159
117
167
211
221
175
83
109
157
237
97
135
127
35
77
87
161
137
51
13
57
23
69
123
215
189
179
131
235
119
195
169
197
131
57
99
167
267
95
149
117
101
41
43
77
183
99
97
115
109
49
81
107
185
167
105
81
163
141
141
137
133
255
97
125
135
119
13
-3
87
133
107
7
39
67
179
61
109
71
67
43
137
69
203
163
95
113
83
71
135
235
117
113
67
61
73
77
49
77
99
63
81
85
201
111
81
213
167
129
85
109
163
115
201
169
81
211
167
199
191
205
67
159
147
159
73
61
139
239
239
225
207
179
131
59
127
71
187
-3
171
147
171
181
47
79
193
207
63
57
125
55
121
71
73
39
153
203
155
293
161
177
75
155
113
35
113
91
135
119
81
169
283
169
181
143
155
153
69
127
89
167
227
163
47
139
125
213
153
113
165
163
163
123
209
147
105
173
129
65
157
179
91
351
165
209
103
57
179
225
193
287
23
253
213
99
155
171
241
159
143
71
113
195
25
121
163
285
157
111
165
31
137
119
157
99
87
97
73
107
53
161
101
113
139
85
173
153
81
103
145
209
59
261
223
107
211
99
103
99
141
199
159
103
139
135
85
109
143
175
101
101
27
83
105
77
145
189
85
163
115
113
109
139
147
131
131
65
95
125
99
179
125
147
87
93
173
269
219
221
281
175
113
89
145
241
155
111
221
109
157
109
135
177
169
237
187
165
171
195
151
143
125
49
61
247
217
-43
45
151
117
129
97
111
143
81
61
127
137
131
247
169
187
151
131
167
79
87
193
177
71
141
145
127
111
183
129
123
31
201
167
81
53
207
135
135
181
93
209
107
187
93
159
111
169
133
127
257
197
181
157
181
311
235
261
113
159
155
237
205
63
207
63
169
127
199
95
73
73
79
47
77
235
79
49
93
125
147
133
129
233
79
73
197
285
223
217
235
269
71
19
109
107
135
203
197
77
201
179
35
167
191
183
199
207
105
303
171
137
173
153
111
41
67
69
77
105
121
85
191
145
79
201
49
73
43
43
13
31
47
49
67
37
87
187
179
249
99
57
61
93
69
73
89
61
111
157
61
69
105
155
185
109
95
49
213
131
77
225
183
225
171
131
235
211
107
143
165
235
25
95
83
199
247
267
221
247
205
151
139
117
191
145
87
45
69
75
201
63
57
155
123
55
-1
85
41
85
133
63
141
343
303
251
45
179
109
57
85
227
237
221
235
217
241
259
183
217
273
249
187
201
113
275
337
187
117
141
105
95
77
85
49
79
91
75
47
189
67
195
189
153
157
183
83
203
145
91
131
303
113
207
93
71
73
137
61
49
77
91
65
83
123
285
157
131
113
225
245
217
233
95
137
145
261
83
55
123
157
115
87
113
275
223
219
135
83
185
43
169
139
171
171
181
63
149
385
171
155
231
181
167
125
167
189
237
133
161
169
183
157
287
225
45
149
125
187
183
221
235
169
217
81
155
127
257
167
125
227
127
203
163
183
185
217
125
91
149
47
73
117
81
93
7
177
197
95
155
209
107
137
117
113
97
201
97
113
155
273
215
141
213
175
177
179
47
77
71
129
115
67
59
53
19
193
345
139
155
203
191
119
31
135
267
147
261
189
169
177
221
159
213
121
115
89
163
213
139
213
171
213
63
129
121
103
185
87
193
145
119
133
141
177
185
229
91
225
279
279
161
241
219
85
57
113
47
141
247
171
209
179
163
197
257
111
149
203
181
157
217
119
249
263
199
59
149
161
91
111
85
131
167
63
43
145
133
167
169
115
113
139
109
181
195
109
173
141
183
183
105
163
215
289
91
141
263
239
207
197
283
205
119
41
99
61
111
185
103
185
177
73
111
95
77
179
179
189
125
103
151
153
37
187
121
129
173
105
135
299
197
219
139
181
93
167
35
197
125
183
-17
-27
61
133
211
161
51
197
169
225
269
261
99
199
119
169
59
125
67
15
57
25
105
95
91
63
71
161
233
139
217
133
141
89
195
233
137
187
179
169
199
161
165
265
149
149
95
133
117
165
165
75
151
151
241
91
123
109
79
77
155
99
81
85
71
113
171
379
223
223
201
85
83
297
123
79
91
133
195
145
143
109
109
87
117
141
111
39
35
15
13
87
99
57
149
95
123
145
115
211
199
291
133
195
159
171
227
151
235
89
279
109
127
117
109
171
273
173
199
81
61
57
187
167
121
181
91
75
51
129
15
199
157
117
51
111
163
179
109
133
147
79
87
175
189
157
183
71
199
123
25
231
175
165
167
141
129
103
169
187
193
261
153
75
103
185
177
163
201
267
185
119
269
115
109
143
241
227
211
353
167
171
181
105
85
93
59
59
229
71
123
111
129
139
83
183
115
193
137
133
85
207
147
95
123
147
105
171
145
139
189
165
237
207
229
105
87
143
155
197
199
143
85
243
81
243
155
163
163
141
109
187
195
145
109
291
215
109
61
91
123
105
93
267
213
171
187
205
177
265
107
155
205
205
127
113
173
143
139
41
103
175
53
149
111
219
159
203
203
249
119
155
203
99
77
127
109
27
113
121
153
145
93
107
141
179
123
111
121
183
83
97
125
129
147
147
253
147
189
123
133
127
167
269
191
201
149
141
149
161
123
163
249
153
283
177
201
301
219
259
223
207
185
163
199
169
145
195
167
207
121
139
177
219
177
257
183
167
159
123
211
187
277
293
201
253
303
35
67
163
313
175
249
211
291
123
113
161
197
205
215
185
191
247
203
187
163
131
179
173
151
173
197
147
85
223
189
181
129
195
185
169
191
197
203
209
229
273
277
267
213
291
227
293
177
215
217
211
213
209
251
307
215
295
159
279
227
229
