-5
-21
-9
-65
-49
-57
-35
17
3
117
73
151
73
107
99
81
107
153
31
73
13
71
29
15
-7
13
7
-27
111
89
99
37
-33
-59
-61
-65
-73
-65
-75
-65
-49
-51
-53
-51
-71
-77
-43
-47
-13
-19
53
-49
-61
-53
-9
-67
-39
-9
-67
-25
-19
-55
-21
-35
-33
31
109
95
83
57
91
-19
49
121
113
-29
81
91
87
87
43
19
9
9
99
75
103
187
83
57
-17
33
193
85
105
-53
131
105
231
107
35
43
51
59
123
123
147
69
175
51
51
9
85
71
93
59
65
97
289
161
201
43
33
181
115
143
243
41
205
45
111
75
123
91
103
121
97
93
13
67
223
91
107
323
137
143
257
225
85
197
21
123
249
201
267
175
161
1
185
75
115
157
105
97
137
111
225
145
409
253
167
121
239
67
95
99
373
355
127
111
17
159
145
137
65
239
189
77
209
133
251
171
241
125
235
153
189
71
71
273
275
143
63
263
153
293
199
223
183
229
155
65
201
133
197
123
185
277
175
187
219
225
191
375
201
245
253
247
75
247
105
57
45
49
79
59
83
127
99
35
51
159
263
119
149
109
103
87
75
113
67
71
49
27
123
107
103
147
95
189
97
413
231
337
247
235
291
207
291
305
265
121
283
185
291
245
299
175
203
241
217
155
259
403
247
149
41
289
363
211
171
139
75
181
261
141
135
247
69
109
133
51
305
83
193
215
99
229
253
277
173
129
141
193
141
153
271
255
169
195
197
179
173
169
29
89
227
87
157
121
129
115
211
119
143
209
217
71
101
67
85
125
175
325
151
165
161
307
203
105
73
67
217
197
205
235
117
141
259
163
163
123
155
197
153
273
263
167
197
73
99
217
263
233
157
231
219
213
257
207
257
171
243
349
193
177
97
247
141
203
257
153
227
243
141
259
203
205
327
413
243
209
265
249
265
221
231
129
121
257
269
143
85
101
171
167
145
149
93
157
135
81
163
83
155
141
103
177
213
129
135
177
79
209
171
267
219
133
159
117
201
289
253
173
163
179
235
83
145
185
293
187
427
105
113
293
105
115
205
139
275
183
225
301
175
173
379
113
189
219
101
273
271
79
229
201
217
87
235
225
269
151
225
201
69
149
287
303
269
225
165
265
285
329
279
451
289
159
311
229
193
211
109
105
189
183
241
211
211
167
169
237
193
267
217
207
155
205
211
173
177
201
133
143
73
175
97
31
121
47
183
109
81
119
75
143
77
167
113
201
213
171
65
199
197
193
121
103
293
171
165
237
269
153
221
197
149
205
175
165
275
89
129
63
187
121
117
-13
97
105
151
173
213
149
199
151
247
333
173
145
179
37
191
271
387
241
275
171
201
157
225
157
191
-19
205
39
211
263
139
129
175
85
365
227
277
257
261
375
237
21
285
233
209
291
233
145
107
225
229
297
205
211
193
107
211
229
171
235
163
203
169
221
253
243
243
231
325
201
213
55
155
249
197
195
227
203
325
159
167
229
201
171
213
175
191
305
187
79
155
297
207
259
269
267
251
289
235
203
277
221
229
163
297
209
261
111
185
267
113
383
109
263
171
185
189
265
321
289
159
207
161
215
241
117
257
167
187
215
127
157
141
145
133
85
99
141
145
69
91
141
43
157
207
79
149
163
113
165
175
149
193
159
233
201
209
215
263
261
263
227
245
145
197
251
179
285
175
203
217
157
245
257
133
211
243
343
165
213
225
121
315
187
165
263
205
263
317
185
179
247
199
201
215
133
205
211
383
227
151
207
173
189
251
231
227
87
165
165
175
203
181
177
207
155
281
211
187
231
145
103
207
253
147
161
159
163
147
201
165
45
97
185
189
177
359
167
261
49
209
157
183
147
179
169
229
293
173
217
109
261
99
197
219
157
231
233
263
203
117
205
39
131
113
153
315
213
127
159
191
161
265
205
187
185
299
191
229
77
201
177
219
203
207
217
163
247
163
219
181
171
201
119
163
175
187
139
69
153
163
193
137
137
179
225
221
141
125
179
217
205
151
123
167
123
113
117
177
203
281
311
185
183
331
201
151
145
265
143
125
211
235
229
261
221
167
205
133
181
249
173
153
241
185
219
247
203
331
211
307
173
209
299
231
371
255
257
237
211
209
229
275
267
269
469
265
267
171
225
225
167
237
289
197
161
241
275
299
259
285
87
155
185
291
273
261
285
197
309
225
389
121
273
229
229
183
127
259
275
229
189
181
269
201
211
253
229
255
185
231
319
225
333
185
187
207
227
163
199
125
179
89
183
253
209
157
195
197
221
165
321
239
167
249
281
217
191
179
253
257
45
187
183
107
187
257
211
247
223
199
233
59
121
135
241
261
163
267
169
269
179
153
169
267
243
277
181
167
129
119
129
73
129
75
81
173
207
167
75
81
289
93
241
71
97
153
113
245
113
51
105
143
65
173
85
285
207
89
77
127
163
169
221
97
101
199
139
63
167
57
61
185
131
145
75
83
129
51
127
121
267
97
121
69
71
115
75
199
175
107
123
63
171
181
59
119
157
71
155
61
67
33
177
129
129
97
173
97
183
203
105
127
111
101
77
147
127
161
83
189
125
147
125
163
99
87
99
87
203
103
233
137
85
53
87
103
211
183
85
109
177
163
81
91
179
107
33
149
199
121
157
215
187
151
201
153
135
53
187
113
85
147
99
135
185
219
199
71
197
147
103
55
129
99
183
169
193
209
69
89
239
93
95
97
171
149
249
153
265
227
101
175
79
163
165
147
133
171
235
289
247
159
209
207
127
233
149
163
255
237
185
233
189
171
207
355
151
303
285
211
151
287
265
189
213
199
215
223
287
305
195
245
179
147
101
131
187
173
161
191
175
239
173
209
203
227
189
107
39
171
71
59
79
75
121
55
205
193
167
163
191
161
213
153
127
165
127
173
33
97
125
97
113
115
107
155
127
127
185
55
103
183
277
133
135
205
199
181
231
165
227
81
237
203
185
45
205
145
147
155
93
75
145
149
205
143
91
119
109
137
151
137
103
125
131
99
107
113
131
165
121
85
137
147
237
13
227
125
141
113
93
131
161
161
135
139
75
89
131
161
195
101
133
163
235
179
283
175
327
135
121
209
177
285
197
339
249
177
217
277
197
123
141
197
111
171
193
131
121
163
153
63
103
179
171
199
213
97
203
205
93
139
165
75
203
129
135
187
87
225
213
213
75
155
97
169
195
83
231
183
199
179
237
247
271
227
213
199
213
205
135
127
231
229
199
109
161
155
145
177
111
89
91
143
163
141
285
103
219
239
275
189
189
173
257
117
221
69
229
189
133
97
131
173
125
101
109
117
117
119
297
167
199
177
209
149
209
195
221
129
101
143
199
141
203
85
111
227
231
103
129
179
215
127
49
127
151
53
103
153
63
127
197
111
153
219
57
125
179
149
155
113
211
155
151
