-13
16
-19
-33
-15
-17
-17
0
27
29
27
24
38
72
83
67
82
124
125
91
46
87
55
54
60
58
55
52
103
67
36
41
29
30
27
37
30
55
34
25
-41
-10
12
27
18
21
38
52
33
45
49
77
101
37
51
45
75
47
18
78
75
53
73
68
47
48
71
68
51
68
81
58
47
62
54
12
46
54
39
63
32
38
99
61
90
89
51
100
45
61
29
21
70
31
22
-24
23
35
53
39
69
164
74
98
81
114
140
95
133
141
122
108
94
77
71
79
60
102
106
83
69
118
61
137
165
126
153
96
147
105
135
126
155
121
101
114
114
88
74
129
135
109
132
161
122
109
172
153
189
151
92
145
161
133
157
105
107
72
133
121
147
148
156
117
153
114
157
165
175
121
107
136
164
73
139
134
159
166
135
120
88
133
149
112
93
120
95
97
116
98
132
119
134
117
145
153
203
105
166
207
205
195
192
161
213
174
186
257
193
192
170
114
125
182
114
144
208
215
181
210
134
149
145
213
163
148
157
172
105
171
173
101
93
156
133
131
120
88
118
101
152
109
147
118
194
139
124
128
154
181
148
109
158
92
146
66
121
145
136
126
138
200
134
132
140
122
163
171
171
166
184
125
193
120
129
214
177
121
94
151
135
137
166
171
164
95
89
141
131
121
113
116
125
154
173
140
135
141
139
117
99
92
137
85
129
134
99
155
132
134
107
88
168
179
176
159
152
129
140
133
160
196
182
137
135
132
181
119
185
168
172
138
173
192
189
199
156
152
139
187
143
143
149
180
187
101
158
164
148
181
182
166
211
190
200
188
169
174
208
129
133
133
150
189
229
243
192
161
151
98
110
175
184
140
212
200
175
174
200
119
146
155
168
220
239
151
150
109
101
146
157
160
182
190
143
218
184
205
206
178
187
181
198
191
188
157
143
128
153
209
171
123
99
120
152
148
119
129
171
173
161
123
137
151
184
133
142
172
170
159
214
181
154
177
180
176
191
152
168
162
166
210
182
149
181
229
219
145
191
167
186
139
170
132
103
209
109
185
157
131
133
149
144
183
120
141
161
124
154
139
142
162
171
82
136
116
159
161
129
120
187
144
176
159
144
149
152
157
129
140
107
166
129
123
119
127
145
71
165
143
171
170
143
123
164
152
178
140
145
167
156
169
153
153
121
143
114
90
132
122
111
183
160
133
129
148
169
115
138
84
156
66
124
108
130
121
99
156
166
159
132
159
128
162
143
127
125
114
162
137
144
182
163
123
137
189
148
91
110
104
165
112
123
126
184
165
167
106
142
163
116
179
147
141
182
153
116
166
145
167
131
99
139
153
161
130
123
127
133
116
117
110
145
109
190
195
177
202
167
184
203
165
241
235
173
256
221
247
153
185
224
193
159
151
205
173
141
173
170
222
189
133
164
109
130
143
163
165
148
185
185
167
154
179
217
140
233
222
206
209
209
173
180
164
174
215
259
139
220
204
210
219
193
214
209
217
193
179
176
190
208
215
189
148
146
157
171
150
181
179
171
157
155
117
178
155
154
196
181
178
121
166
157
168
208
200
166
171
164
185
150
191
246
159
165
137
135
213
134
147
187
107
166
106
143
139
125
148
125
129
144
154
130
154
132
177
115
206
225
117
188
178
185
166
157
187
199
146
163
155
136
130
199
173
161
157
139
136
142
151
194
149
113
180
161
168
144
121
175
144
143
146
139
122
131
191
139
132
166
174
149
157
188
167
193
166
231
215
166
221
192
208
224
196
205
133
204
126
140
183
177
155
144
208
174
168
144
179
145
108
170
139
130
113
151
136
122
164
146
114
140
143
167
153
165
161
194
142
171
151
191
143
99
164
193
201
154
219
136
235
188
167
199
183
221
170
241
186
235
178
184
169
138
147
187
174
156
158
175
155
176
216
201
119
195
157
177
116
188
172
203
140
190
137
147
180
243
214
203
181
229
160
175
172
171
187
171
153
190
177
181
194
183
163
156
123
107
189
157
133
194
119
157
156
162
185
176
161
206
189
168
115
168
138
135
169
173
139
152
173
175
147
195
219
115
169
137
159
179
203
148
173
174
160
132
140
197
141
150
175
148
176
171
237
178
176
161
209
145
173
208
171
203
221
197
170
153
155
194
181
209
158
161
134
192
168
171
153
177
110
139
116
136
146
168
168
118
133
126
163
122
164
128
161
119
112
200
175
154
169
180
153
172
109
135
126
142
139
145
179
162
173
172
189
185
170
181
175
185
188
153
177
186
167
146
185
137
157
146
193
182
151
207
203
226
191
125
146
152
127
169
160
139
187
173
146
167
191
158
185
151
170
152
147
217
149
231
133
183
152
159
159
205
187
145
190
107
119
123
163
145
152
174
115
153
192
166
145
97
205
163
204
141
101
167
170
163
131
126
93
107
108
101
137
157
160
171
115
134
143
199
187
82
127
138
181
110
154
113
142
176
143
178
137
106
142
80
123
105
141
129
94
99
107
101
136
245
148
127
145
128
136
117
104
149
105
133
134
112
122
119
150
175
138
125
107
126
147
161
175
121
150
121
116
142
144
167
129
149
147
172
146
119
173
158
134
103
139
184
205
148
144
155
153
170
149
129
129
168
158
161
141
168
150
146
85
134
152
117
148
185
128
157
170
175
180
116
196
140
149
131
153
157
140
153
169
141
158
205
140
121
143
163
166
139
132
165
135
177
183
161
105
129
165
135
137
158
197
135
146
170
159
142
134
134
133
142
192
176
166
166
132
137
93
142
125
163
175
165
108
154
173
126
161
183
140
202
183
183
193
196
187
157
177
172
168
134
195
197
214
111
133
119
141
179
172
132
181
175
169
169
183
174
135
157
174
103
148
108
105
117
135
107
140
132
138
165
168
157
142
141
196
185
160
180
186
129
135
187
183
127
169
147
168
143
148
149
172
134
151
151
178
125
158
197
152
167
147
156
154
141
149
174
202
121
175
181
210
178
147
182
127
123
200
138
146
133
162
166
141
141
145
121
154
145
115
178
124
108
99
90
139
149
145
127
123
133
169
171
181
143
198
156
132
175
140
133
161
171
140
175
121
152
152
153
188
197
151
127
114
157
192
246
219
229
163
153
154
140
175
117
158
166
162
134
164
199
235
198
206
193
151
191
162
175
179
147
147
175
141
133
183
123
153
193
147
131
136
166
206
211
192
141
123
121
140
135
155
166
185
141
149
158
162
174
174
183
155
163
185
157
179
161
154
142
119
134
129
137
142
118
153
165
151
126
201
121
138
159
187
179
194
141
161
115
189
136
155
217
144
159
109
213
197
209
157
134
140
146
239
215
141
139
194
135
223
203
194
233
174
171
176
167
143
143
141
167
126
130
142
161
179
114
186
174
167
169
161
135
157
134
181
125
142
154
83
156
97
130
85
119
149
92
96
