16
25
15
14
14
25
15
16
18
16
22
20
24
17
16
19
23
16
19
16
12
15
17
15
13
11
11
16
11
18
10
11
14
13
11
9
10
13
10
16
12
14
13
11
10
11
11
11
12
11
13
10
11
11
11
11
17
12
13
10
10
16
9
11
12
11
11
11
12
12
10
10
10
10
11
10
10
11
11
13
11
12
12
13
12
18
13
11
17
11
10
12
15
12
17
10
10
11
12
12
14
20
14
12
13
12
13
14
14
13
13
13
14
19
15
15
13
19
12
14
16
13
14
13
16
9
18
23
12
16
24
13
19
17
15
11
16
14
16
20
16
14
12
21
15
15
19
19
13
15
18
20
18
16
17
15
15
21
18
14
16
16
14
14
20
17
14
27
19
23
29
15
21
26
18
17
17
14
14
19
17
17
22
15
17
17
20
25
11
15
14
14
28
16
16
16
13
23
21
22
16
14
18
26
16
16
17
30
16
14
17
22
20
19
13
18
15
26
20
23
19
18
27
23
26
15
31
26
16
21
16
21
16
20
21
18
17
13
14
21
15
35
35
20
18
21
15
20
16
23
23
24
14
17
29
25
25
20
28
16
29
27
14
14
23
27
21
19
19
17
19
29
22
19
12
15
21
18
18
34
16
25
22
24
22
26
32
22
21
43
18
32
15
21
16
27
22
23
27
17
30
40
44
13
23
27
29
28
30
28
18
22
18
24
40
27
36
30
24
29
33
40
28
31
37
29
31
31
36
32
26
29
27
34
31
26
56
37
42
42
40
38
35
33
20
42
36
52
32
17
44
28
37
35
36
44
37
33
44
29
39
56
26
49
37
53
44
35
59
59
30
44
35
35
39
32
56
36
37
34
46
35
49
40
42
48
52
36
44
35
46
62
35
26
60
47
37
61
57
53
47
45
69
55
56
35
52
40
48
49
54
97
51
53
72
42
45
48
58
72
54
37
54
74
91
57
126
76
68
99
74
77
56
90
59
82
118
102
103
96
78
90
134
82
99
119
78
98
104
133
80
138
144
103
96
109
96
99
97
108
119
100
91
124
83
57
61
109
86
92
116
119
102
90
78
131
91
105
81
70
86
98
93
89
85
94
88
73
101
77
83
96
105
98
119
122
148
127
80
142
104
65
112
146
126
109
107
154
215
109
140
115
178
137
171
175
153
153
151
231
202
317
257
207
208
244
132
170
227
274
344
175
289
152
318
180
161
177
89
133
118
117
108
121
284
223
240
254
161
225
187
238
193
269
273
220
188
234
183
262
212
232
217
171
262
228
267
242
242
276
252
200
199
263
276
278
284
244
200
246
260
229
265
294
204
345
326
285
364
344
402
393
335
315
330
239
298
284
340
180
324
251
331
206
281
198
340
230
238
279
283
284
174
291
273
232
167
228
262
197
251
207
163
180
238
253
224
327
391
322
413
463
351
310
371
311
285
336
236
340
354
379
282
289
302
259
336
340
345
350
301
309
367
304
380
290
339
282
421
441
425
448
498
469
485
466
442
438
397
450
466
422
439
436
361
456
500
440
458
500
496
425
401
392
370
320
369
270
264
350
380
396
352
308
323
360
426
404
402
402
415
402
402
402
402
381
435
425
369
399
393
424
431
373
410
427
