16
36
19
22
9
20
29
17
13
13
22
39
15
22
13
38
11
28
31
9
13
31
22
11
24
12
10
12
10
18
10
10
12
11
9
10
9
10
10
11
16
15
23
14
11
14
14
16
13
10
21
9
10
14
14
12
16
19
20
15
12
42
9
16
18
9
10
10
14
12
11
15
10
11
10
10
11
10
20
25
19
18
18
20
14
43
12
13
37
16
17
22
35
23
20
10
14
14
26
15
9
52
24
14
18
24
18
20
12
13
13
10
18
16
13
13
14
15
9
12
10
9
10
18
13
9
10
18
9
24
14
8
11
14
19
10
17
17
12
11
15
12
11
17
16
12
11
31
13
9
17
10
15
13
14
14
11
29
16
15
16
13
13
10
10
23
10
48
14
32
20
16
16
20
17
11
19
17
20
13
14
34
22
28
17
13
40
39
10
11
10
9
47
11
14
36
19
13
30
50
11
12
12
13
20
22
25
20
14
17
20
20
44
29
15
13
13
31
28
19
12
26
11
37
27
27
11
64
18
24
18
20
23
37
17
16
17
11
10
17
22
28
74
28
19
36
17
24
19
40
54
29
20
21
37
38
64
14
81
32
50
80
17
19
43
66
19
40
43
20
17
54
34
44
9
15
35
34
34
69
14
37
35
69
11
13
62
43
29
30
24
28
15
30
12
21
34
21
45
24
70
58
80
10
28
24
59
23
22
33
13
18
10
38
14
20
29
25
30
33
40
45
49
46
62
72
36
28
60
51
29
33
33
45
31
47
32
11
23
27
77
73
37
21
15
35
19
41
77
33
54
19
26
23
38
78
48
78
31
24
69
42
51
78
41
18
78
41
61
166
43
33
51
40
38
29
93
57
19
29
72
92
46
10
82
50
78
70
42
29
24
57
37
33
77
51
29
64
26
33
40
84
94
53
26
14
54
51
66
99
37
38
43
16
112
35
44
35
46
49
43
62
23
179
144
113
99
33
74
214
73
82
115
94
131
90
148
87
106
32
40
79
331
137
142
148
42
139
103
95
124
221
383
96
136
157
208
216
107
170
134
215
32
172
140
136
146
250
153
171
187
148
129
65
106
132
92
112
30
142
95
133
36
118
53
59
27
37
107
140
29
41
117
22
24
119
140
151
25
83
71
17
158
25
157
57
36
165
185
109
104
25
129
179
186
162
194
251
166
176
188
274
252
134
221
188
167
208
204
217
345
242
249
293
241
238
219
365
226
280
268
229
149
180
252
360
211
270
179
252
284
269
303
271
254
253
221
76
164
132
117
169
341
196
428
322
263
318
205
400
222
303
219
27
320
14
289
171
21
274
326
281
264
319
240
270
329
351
381
341
499
293
341
475
326
423
455
500
434
261
500
296
366
92
426
14
500
157
136
378
237
375
215
210
201
51
218
153
190
173
218
500
13
12
173
224
285
500
500
344
479
500
229
296
248
500
283
499
321
378
500
500
267
240
348
318
457
500
500
500
247
307
278
500
500
500
470
500
500
500
500
345
500
346
428
434
500
452
411
500
500
500
500
500
172
500
500
302
369
500
500
500
500
500
500
250
206
145
185
119
113
174
148
10
215
274
500
500
500
500
500
500
500
500
500
497
500
500
491
500
354
500
500
500
500
500
245
282
254
294
216
189
227
277
235
202
186
348
216
237
220
234
170
226
318
226
227
432
281
233
340
221
296
500
500
224
214
289
382
500
269
365
500
347
319
296
500
405
307
