15
31
16
23
18
21
19
15
15
17
17
22
30
21
23
14
30
20
16
16
23
14
16
28
16
18
14
13
13
18
12
14
12
13
11
12
13
15
14
13
12
15
16
13
15
11
18
13
13
17
15
12
14
17
13
13
10
16
12
10
14
15
10
15
12
10
14
15
11
16
21
18
12
15
11
15
21
12
15
13
11
12
13
17
11
14
17
14
16
21
15
17
21
12
14
23
18
20
16
16
14
16
16
17
13
16
33
12
15
13
18
18
18
15
19
13
15
18
15
17
14
22
15
15
13
15
24
12
16
14
12
18
18
19
16
13
21
20
12
25
19
11
17
14
14
18
26
16
18
18
13
13
15
16
16
14
33
11
14
13
18
18
13
21
21
24
23
21
17
13
25
15
13
17
13
15
18
14
15
14
17
19
17
20
22
22
21
23
16
16
15
18
13
21
21
22
18
15
16
19
20
12
22
18
15
22
20
23
28
39
15
20
40
16
24
21
17
21
18
24
40
21
25
17
39
23
13
21
21
23
14
26
32
23
18
26
33
42
17
32
25
27
26
31
52
27
34
22
32
27
33
30
48
27
49
32
32
34
24
29
24
37
37
49
41
41
20
26
37
42
42
69
48
44
29
32
46
48
31
48
31
54
56
65
32
23
37
39
56
43
57
69
55
55
60
35
51
63
53
50
33
87
58
72
45
54
63
62
45
38
45
46
42
66
53
64
55
74
58
79
69
41
62
57
49
68
57
56
81
52
53
82
57
31
68
69
44
52
82
61
76
81
50
74
104
52
77
60
53
133
65
108
70
162
113
130
107
74
101
122
113
129
144
85
211
137
76
122
102
91
136
102
118
131
97
77
144
105
120
108
106
129
48
93
112
114
64
86
135
94
128
61
86
74
99
101
91
104
103
64
69
111
122
101
148
101
83
123
112
84
79
101
86
92
71
94
106
81
52
69
71
68
49
104
67
104
77
96
112
96
156
134
150
206
126
139
202
108
180
215
200
146
210
221
216
272
184
182
268
218
271
187
186
148
224
300
167
271
212
287
264
249
174
195
168
194
188
225
211
243
240
236
271
208
239
233
148
257
194
337
212
193
234
234
191
142
198
152
115
174
196
241
196
200
308
298
276
300
296
265
156
359
304
349
407
238
265
266
222
265
244
173
281
327
327
324
282
234
300
234
257
237
281
253
319
252
284
290
258
264
234
210
225
270
270
199
256
324
257
259
174
250
237
117
124
135
173
253
198
261
268
253
188
248
285
357
329
322
269
280
417
440
336
354
395
343
411
380
425
406
438
435
434
415
445
453
416
433
450
462
410
458
360
434
415
403
411
430
396
408
412
308
313
246
218
332
305
355
306
241
351
257
347
342
222
245
283
251
214
174
170
199
226
335
261
282
270
268
303
307
281
267
314
282
294
336
279
234
295
304
394
288
314
290
279
301
269
292
299
299
251
295
306
270
276
173
210
304
288
188
284
220
322
243
169
249
273
190
295
273
251
215
228
191
283
390
392
390
317
332
311
355
349
345
340
340
286
282
331
222
230
322
237
277
289
246
136
252
206
213
222
180
153
182
237
231
191
246
204
335
284
