15
13
13
12
17
28
18
21
14
15
19
18
52
25
18
12
11
25
12
29
10
13
15
87
13
12
12
16
9
26
15
10
14
11
11
13
16
14
17
13
14
23
14
13
19
20
11
11
12
14
10
10
24
16
14
10
8
10
12
12
15
11
10
18
13
11
9
10
10
14
12
11
11
10
11
16
14
13
17
12
14
12
19
12
9
16
9
9
21
27
10
9
26
12
13
33
27
35
31
25
27
29
23
21
20
12
51
11
10
16
15
21
12
13
12
9
14
15
10
16
13
11
17
12
16
13
9
10
22
16
18
13
11
12
14
11
12
11
10
11
11
10
18
10
11
13
27
11
17
15
15
11
15
21
20
23
14
13
15
10
11
14
16
10
26
42
16
18
8
18
34
17
14
23
16
31
25
9
23
18
14
29
21
12
24
11
14
41
13
13
12
38
11
25
12
15
19
14
16
27
20
14
31
11
12
33
18
15
12
64
13
12
56
23
40
26
30
12
27
30
137
16
50
38
48
30
18
8
20
48
13
52
63
14
27
12
17
90
18
46
58
16
22
40
88
49
33
17
60
16
50
32
59
31
94
29
50
82
25
10
33
23
36
152
88
39
24
18
56
33
40
218
127
100
59
15
85
39
62
117
43
93
48
109
24
28
19
79
110
74
117
79
111
90
91
74
97
91
180
94
26
205
81
136
87
136
150
125
91
71
62
106
82
123
41
126
118
91
116
120
93
88
102
131
97
121
113
94
138
118
74
84
165
42
180
201
95
104
96
137
126
138
101
114
138
171
138
130
76
315
55
145
174
500
231
223
250
19
134
147
287
272
375
127
500
233
132
262
167
205
152
102
202
283
144
113
269
108
138
253
216
347
42
71
228
74
174
69
280
168
161
18
147
119
143
157
81
93
199
141
65
281
296
232
422
157
134
188
23
13
8
29
13
127
38
11
14
10
10
45
115
27
10
11
13
64
56
26
130
66
110
131
105
500
218
123
78
63
266
227
289
196
337
449
391
500
238
197
500
500
500
212
245
227
235
500
149
500
500
500
471
466
233
89
25
8
215
74
457
500
500
362
500
383
419
254
12
281
343
500
500
373
172
198
137
113
179
148
134
112
139
225
176
165
500
500
500
500
500
500
500
500
500
406
500
296
187
234
257
198
118
145
135
21
21
124
16
87
86
66
82
20
16
19
18
16
13
12
13
14
12
87
21
16
12
13
275
137
65
104
104
500
500
181
215
169
194
277
160
359
195
156
240
160
156
223
141
56
242
393
366
500
204
166
208
207
500
300
500
299
500
500
500
500
500
500
500
500
500
500
500
500
346
408
409
500
335
335
359
340
394
12
13
11
10
11
20
13
20
12
14
37
19
12
11
16
8
88
22
12
11
9
10
437
11
9
11
13
16
12
16
17
60
12
15
10
13
10
14
12
128
17
14
13
13
11
13
15
20
13
13
13
14
17
15
13
12
14
11
16
12
16
12
15
14
10
12
8
9
12
10
9
10
37
115
500
500
355
196
207
204
267
238
217
190
193
262
193
239
203
340
284
201
177
217
351
235
162
205
199
184
163
218
241
221
228
154
161
155
147
203
180
223
161
154
177
183
166
124
127
127
152
163
161
138
133
108
130
13
121
141
18
127
123
115
12
22
13
125
161
156
120
24
128
122
36
14
14
116
16
14
179
18
13
11
15
13
11
10
9
9
13
14
121
173
460
18
500
500
500
500
500
500
500
500
500
500
500
500
500
500
500
500
500
500
500
500
500
237
500
500
500
500
500
500
500
500
500
