16
34
21
25
12
32
19
14
17
18
17
34
29
31
23
11
67
13
32
13
13
23
18
9
11
9
10
20
11
30
10
15
12
11
11
13
12
23
24
18
11
9
25
10
14
10
15
13
24
35
13
16
10
12
20
20
12
33
10
9
10
18
10
9
10
11
20
24
13
30
45
48
16
26
12
24
21
19
18
20
10
15
12
11
11
25
11
14
11
44
25
13
25
15
15
35
11
10
9
13
9
13
18
11
9
12
16
16
10
11
24
20
13
14
11
9
12
15
11
11
16
10
9
17
9
10
11
11
10
9
16
11
11
10
15
10
8
13
18
11
18
11
10
12
14
16
14
13
12
11
16
9
11
15
12
10
16
12
14
11
11
8
12
10
11
14
13
17
9
12
20
12
9
14
10
10
9
21
15
18
17
15
13
10
11
12
13
16
12
13
10
10
9
9
13
11
13
10
15
14
13
10
8
9
11
8
26
29
13
11
10
17
12
10
9
11
13
11
14
11
11
11
10
16
13
14
10
16
11
12
9
21
35
10
10
13
19
36
19
19
27
12
38
15
66
34
20
16
27
34
13
23
45
31
45
33
10
25
19
28
9
38
48
12
19
20
14
62
26
18
31
21
21
29
17
35
22
16
14
19
12
18
100
57
15
21
13
25
19
51
23
141
11
59
56
24
17
84
25
38
11
77
48
19
37
34
38
27
47
18
30
25
15
17
41
89
18
116
18
44
16
26
43
59
54
32
45
69
79
48
49
68
17
27
76
57
25
60
71
27
107
49
39
60
44
16
25
42
29
65
31
35
30
32
56
92
61
65
142
78
16
28
58
66
94
42
50
99
101
58
111
29
52
60
92
38
53
61
201
79
62
158
59
62
115
83
54
96
81
57
93
71
56
74
87
55
115
95
109
50
42
80
106
78
169
37
71
94
100
93
81
76
29
31
143
35
146
198
63
95
46
146
32
118
124
126
40
134
229
105
169
83
117
118
139
156
110
157
99
114
323
20
22
175
217
89
115
218
193
179
246
197
185
167
192
345
311
250
179
383
282
325
283
404
259
305
307
373
152
340
261
492
339
333
477
481
271
330
245
413
46
101
482
500
447
81
500
253
37
314
500
456
146
442
435
417
343
412
389
311
40
500
477
500
500
431
312
230
244
438
442
23
315
430
418
500
489
363
383
309
500
482
449
500
500
500
500
253
366
483
500
500
500
500
155
192
249
408
500
500
343
111
500
79
10
17
312
500
500
424
384
455
165
323
68
500
500
500
34
9
500
500
500
500
500
500
500
500
500
500
500
500
500
500
500
500
397
500
500
500
304
500
377
472
370
462
368
500
301
461
315
260
243
211
226
248
246
265
231
216
244
227
217
251
203
181
219
206
219
194
214
210
264
297
295
293
270
231
335
371
500
459
500
385
500
500
395
324
500
357
500
500
500
299
414
500
500
500
500
476
221
500
500
500
500
500
78
500
500
212
451
162
500
116
26
15
27
25
11
148
226
14
11
11
14
102
153
95
11
11
10
10
10
8
11
9
14
105
11
11
9
8
47
10
101
229
33
415
305
155
225
11
15
150
194
222
276
345
120
291
330
120
294
355
262
371
336
344
375
500
500
391
500
498
374
499
