14
34
23
25
11
16
22
12
15
12
15
23
21
11
20
28
24
17
13
11
57
11
24
14
18
14
25
11
11
11
10
24
11
13
18
11
10
9
10
15
11
17
13
10
17
11
17
19
10
17
11
11
10
17
12
15
10
12
22
10
17
12
15
20
10
10
13
13
11
10
9
9
11
15
9
12
12
10
15
11
10
10
11
12
11
12
14
12
18
13
10
18
23
9
13
23
12
14
13
11
12
13
13
17
12
13
25
14
25
17
10
28
29
13
41
15
32
27
32
27
10
52
9
10
11
15
12
12
20
25
9
8
22
14
22
11
19
29
11
76
22
13
24
10
16
25
14
15
12
10
12
12
11
17
11
13
30
12
13
9
24
43
10
21
27
12
41
11
23
10
15
11
22
18
14
15
24
15
12
12
15
21
28
46
19
23
31
21
17
10
14
14
10
22
23
34
19
27
24
11
25
10
30
9
18
37
14
23
16
45
16
18
19
12
18
19
16
10
21
23
12
20
8
14
27
12
18
18
28
31
21
16
21
25
14
31
85
23
11
20
19
16
14
56
25
19
42
25
30
54
14
18
52
12
22
9
16
29
12
58
32
21
16
21
29
15
12
14
22
36
33
43
13
40
18
57
17
99
15
11
39
60
14
42
34
14
30
22
81
17
26
30
80
18
49
54
42
26
20
59
52
23
64
12
15
11
26
27
28
71
76
24
52
16
56
23
36
22
36
24
49
26
57
29
42
66
44
53
44
39
36
22
16
21
25
29
11
21
44
18
54
68
36
88
30
24
48
9
20
101
68
84
53
60
26
26
38
48
65
76
42
64
56
16
97
83
42
51
45
75
42
138
81
53
35
132
37
177
83
61
65
40
66
89
103
150
23
116
100
89
184
87
106
75
98
97
139
147
85
31
179
124
62
110
126
137
73
131
106
108
174
173
135
124
124
157
279
112
130
149
159
97
125
169
105
170
225
238
90
134
171
164
149
177
194
206
263
156
172
191
185
180
197
216
189
191
319
231
239
210
240
227
201
52
188
196
173
172
25
167
164
141
36
184
161
96
107
119
135
159
202
15
166
103
44
138
291
217
112
322
189
75
180
146
231
262
44
132
249
129
258
313
364
179
245
160
111
130
191
30
38
67
94
253
358
45
123
354
176
432
218
289
242
338
387
258
245
164
230
191
238
185
179
200
166
187
184
189
161
195
244
148
177
210
187
198
182
197
207
32
182
171
74
182
266
259
252
288
182
176
164
192
189
169
203
201
229
187
229
187
220
231
195
193
289
226
225
204
238
231
191
221
207
215
229
266
198
266
253
312
246
291
136
294
296
56
352
319
321
242
355
466
313
267
288
500
476
500
282
203
500
22
500
500
500
487
381
295
345
152
291
218
369
500
500
500
500
500
500
500
500
500
500
500
500
500
500
500
500
500
500
500
500
500
500
500
350
500
500
500
500
500
500
500
500
28
500
500
500
302
500
500
500
500
347
500
500
500
500
500
500
500
389
154
403
500
500
500
500
500
500
500
500
500
500
500
500
500
500
500
500
498
142
411
500
218
203
242
219
206
193
217
12
10
221
194
12
217
240
238
218
247
184
168
208
217
198
500
280
268
500
430
240
161
202
241
375
433
500
432
422
398
500
394
