17
32
18
35
37
18
15
18
15
31
12
14
21
23
34
10
22
33
14
10
13
15
15
23
11
38
13
9
13
12
15
16
13
13
8
13
12
15
10
13
15
11
16
11
14
10
32
14
10
10
17
13
15
29
11
12
10
9
9
10
13
20
10
13
19
12
13
11
11
12
21
12
13
16
15
16
50
12
14
16
16
16
11
40
16
9
38
25
21
12
21
39
19
12
20
17
33
34
15
16
12
14
13
15
16
28
20
11
10
10
29
12
20
24
22
13
9
18
10
10
15
11
18
12
9
14
74
11
20
8
10
31
14
28
18
22
42
38
9
15
10
12
13
27
20
17
53
25
16
25
11
18
30
11
30
12
79
13
10
27
26
13
14
53
25
10
27
35
34
13
47
26
13
11
16
11
23
12
15
12
28
21
13
15
36
40
29
22
25
11
32
19
18
38
49
26
22
16
15
27
28
18
25
20
20
16
31
33
55
63
16
39
79
15
43
41
15
28
20
39
27
24
38
11
83
33
11
49
36
13
15
27
33
52
24
33
34
28
22
56
14
46
49
20
45
17
48
30
25
16
78
48
61
47
67
76
64
19
55
38
30
64
72
42
60
117
27
18
49
51
78
10
42
36
37
35
73
62
56
56
45
79
74
84
64
19
85
39
59
41
68
73
49
61
93
13
84
67
28
52
60
95
79
147
76
60
81
115
18
20
27
54
30
112
97
67
64
75
110
134
166
29
64
57
37
78
51
50
124
16
80
172
66
50
36
36
68
39
169
100
49
135
58
95
229
44
115
108
114
156
122
249
78
184
220
292
148
187
138
287
209
203
186
181
341
311
135
170
138
89
302
228
186
153
178
83
342
164
159
126
159
52
45
152
17
137
42
95
183
121
158
100
30
34
129
138
49
156
46
22
27
14
17
26
11
123
85
46
255
177
120
166
198
124
38
236
10
9
12
10
10
14
11
146
62
128
16
14
58
166
177
192
271
162
25
143
396
18
219
275
138
268
408
167
266
494
180
199
334
120
262
198
251
191
392
363
127
186
230
212
266
144
143
194
188
500
195
317
204
186
169
179
232
133
167
221
154
221
163
174
148
155
161
214
22
31
157
150
144
113
67
149
42
160
155
249
185
215
179
233
162
443
231
288
500
243
205
179
152
226
184
172
213
349
309
500
336
267
301
354
237
264
500
184
500
500
500
500
500
383
198
171
296
293
500
94
500
500
438
500
137
336
12
47
10
71
26
44
22
10
97
157
71
500
500
500
500
500
500
500
500
500
500
500
500
500
500
500
500
500
500
500
500
500
500
500
500
500
500
500
500
500
500
500
500
500
500
500
500
500
500
304
500
296
66
500
500
500
500
276
500
500
500
500
93
500
500
169
100
500
302
353
219
224
213
238
157
166
167
156
87
14
11
17
144
171
21
19
154
360
342
323
186
245
199
306
255
198
275
295
251
196
313
182
178
162
266
293
171
188
260
237
394
381
251
418
500
145
500
296
261
326
500
500
500
500
500
500
500
500
500
500
500
500
500
500
260
500
500
39
36
500
500
500
500
42
15
13
11
9
10
10
23
13
52
11
16
10
9
500
171
