410
252
350
667
232
854
670
337
732
433
468
537
555
711
651
750
835
551
137
343
612
799
828
541
542
534
786
447
913
508
783
535
904
382
803
511
434
585
491
792
621
800
515
448
834
656
615
637
884
801
984
910
922
563
469
467
803
546
812
865
702
560
622
314
882
800
1000
543
858
659
604
825
781
578
308
489
569
516
769
540
455
432
597
473
377
610
419
477
363
386
297
459
512
414
741
446
289
1000
427
739
360
520
624
51
268
576
603
288
575
251
628
461
559
736
255
740
216
339
455
639
537
158
418
205
868
186
658
463
579
341
235
332
610
128
417
456
701
565
525
659
642
282
363
727
510
513
697
570
579
650
385
204
805
768
295
81
279
376
677
805
167
308
20
419
524
393
460
27
145
809
