1000
137
193
1000
85
1000
1000
79
1000
1000
181
324
17
655
1000
572
1000
540
82
216
396
619
141
1000
230
1000
1000
299
569
836
801
92
521
96
1000
438
103
1000
1000
220
72
1000
1000
1000
172
1000
1000
77
1000
1000
1000
1000
1000
1000
456
1000
1000
1000
1000
1000
1000
1000
1000
220
1000
1000
1000
1000
1000
1000
1000
1000
1000
70
444
686
1000
1000
1000
1000
1000
157
401
163
45
50
71
152
11
91
81
170
454
12
101
3
12
1000
109
1000
1000
1000
113
56
60
1000
2
858
1000
912
1000
1000
3
1000
3
641
41
77
1000
1000
940
5
238
3
1000
51
951
1000
819
1000
88
84
48
3
737
991
1000
467
312
181
843
2
320
1000
489
1000
479
806
853
1000
1000
5
120
541
6
132
9
1000
12
1000
546
5
3
1000
11
667
1
10
28
1000
3
398
3
181
4
1000
1000
11
670
