383
17
1000
1000
714
1000
1000
175
1000
26
9
354
23
1000
18
1000
1000
190
2
1000
240
1000
1000
54
33
608
36
1000
1000
675
117
1000
1000
225
1000
1000
6
157
74
1000
1000
1000
2
16
1000
1000
8
1000
1000
1000
1000
552
1000
317
625
314
1000
313
1000
1000
30
66
1000
832
1000
1000
1000
158
955
154
20
127
1000
1000
1000
1
50
1000
28
39
328
1000
1000
1000
327
1000
22
1000
11
226
269
1000
1000
4
608
1000
172
1000
152
1000
49
365
1000
64
5
4
1000
128
71
19
288
292
1000
1000
29
1000
1000
1000
615
1000
774
167
1
21
1000
600
1000
12
1000
54
1000
1000
6
60
1000
4
415
1000
1000
830
213
343
7
1000
194
457
1000
1000
1000
1000
14
2
1000
1000
2
9
26
75
1000
1000
1
30
21
20
2
559
38
6
169
1000
1
1000
1000
185
70
100
90
269
2
17
1000
463
5
12
1000
4
654
2
1000
52
1000
17
1000
