154
45
330
92
243
301
219
123
103
6
154
7
1000
240
238
180
177
1000
23
481
1000
1000
1000
1000
1000
1000
1000
385
1000
1000
1000
1000
1000
1000
1000
1000
1000
1000
1000
1000
1000
1000
240
48
1000
455
1000
1000
1000
1000
920
1000
1000
147
871
2
990
537
60
328
482
313
109
70
1000
1000
1000
481
338
142
2
1000
1000
326
29
517
127
13
1000
236
50
3
1000
1000
2
1
5
136
437
323
21
1000
61
1000
1000
5
304
1000
398
1000
235
230
1000
91
64
265
1000
119
803
69
45
1000
1000
1000
646
1000
5
56
236
115
965
240
2
3
343
263
323
1000
75
101
11
302
1000
67
58
280
90
334
309
287
868
2
25
1000
5
916
1000
41
5
1000
5
3
905
1000
464
148
30
21
1000
1000
166
405
3
1000
613
65
1000
6
33
1000
1000
1000
751
495
1000
1000
1
105
24
2
762
1000
27
5
1000
11
1000
496
46
609
1000
13
226
7
1000
6
2
13
43
13
438
1000
8
6
1000
1
101
