463
1000
50
1000
56
1000
1000
309
1000
134
1000
1000
736
663
1000
1000
1000
1000
551
2
1000
379
1000
623
1000
51
1000
289
1000
26
1000
165
1000
590
1000
51
65
405
145
1000
1000
1000
1000
1000
1000
18
1000
1000
1000
5
1000
1000
1000
355
3
1000
1000
49
1000
1000
1000
421
2
4
1000
1
1000
80
1000
1000
1000
1000
16
1000
4
1000
1000
569
817
1000
53
3
10
69
1000
1000
1000
101
1000
1000
1000
3
1000
1000
1000
1000
83
1000
675
171
18
1000
1000
40
212
1000
13
193
1000
73
975
11
195
677
481
1000
22
552
105
81
5
31
852
2
1000
6
1000
188
1000
2
1
46
1000
472
288
1000
1000
25
1000
1000
1000
1000
1000
26
1000
4
10
5
897
250
892
1000
1000
747
6
113
1000
398
377
478
113
755
65
8
1000
660
564
1
20
1000
