-55
-61
-32
-71
-56
-15
-44
-32
-41
-54
-46
-39
-56
-68
-64
-64
-61
-30
-33
-27
-62
-39
-23
-69
-26
-59
-45
-51
-52
-13
-53
-51
-36
-25
-41
-51
-10
-41
-70
-62
-14
-49
-42
-54
-9
-4
12
-25
5
-49
-65
-10
-33
-28
-13
-47
-64
-31
-25
-35
-23
-71
-39
-45
-14
-41
-4
-61
-31
-36
-24
-46
-33
-54
-57
-14
-53
-31
3
-46
-35
-44
-49
-11
-49
-58
-10
-32
-25
-38
-49
-36
-37
-52
-54
-25
-48
-10
3
-22
-8
18
-6
2
-13
-38
-49
-40
25
-27
6
-12
-2
-44
122
-65
-6
0
-10
-64
-49
-17
-13
42
15
-26
37
74
-47
28
-9
-20
-5
13
43
-71
15
-20
-50
49
3
16
49
67
34
2
48
-10
-35
4
31
16
-19
8
49
-43
0
-31
22
-38
-1
-19
30
24
-25
-4
25
-2
24
86
62
14
30
-4
16
30
41
34
-39
56
19
27
52
105
91
56
-23
-2
84
76
35
12
54
55
23
62
81
50
12
46
12
99
44
-3
36
-23
14
79
57
70
41
63
63
31
59
7
59
23
17
91
45
-2
98
43
89
64
15
21
59
68
92
-6
31
-11
87
-13
80
45
2
87
59
-24
93
25
55
87
71
56
50
77
83
77
93
42
76
91
70
66
90
151
100
160
60
62
46
32
92
45
48
54
63
-1
45
100
59
85
103
13
79
39
56
86
48
54
88
60
65
-19
21
122
105
85
22
31
91
114
25
105
65
80
25
103
144
86
84
121
103
28
103
137
67
67
81
82
52
104
98
91
70
97
25
34
70
26
84
90
88
107
19
156
33
42
91
67
96
102
122
45
73
31
109
97
91
59
57
93
14
18
134
0
110
85
126
47
75
109
86
31
31
26
77
118
94
100
59
97
55
48
89
84
59
75
77
47
60
44
111
72
84
52
80
73
70
76
82
27
59
48
102
87
63
83
77
98
107
77
120
69
89
81
81
85
83
131
104
33
32
123
90
61
85
47
78
115
137
91
118
103
80
100
121
72
-6
105
108
70
88
83
53
63
56
152
121
84
147
43
80
69
122
102
73
111
91
96
83
115
38
68
132
109
74
48
116
55
118
56
99
105
69
122
91
120
120
93
106
113
103
138
251
105
59
123
97
80
84
105
98
127
102
117
87
82
96
100
146
84
110
73
143
98
130
49
131
98
94
101
123
74
101
84
85
94
115
95
102
90
68
88
91
68
120
99
82
117
118
105
110
87
141
71
95
79
105
82
61
57
134
82
98
109
138
119
96
110
68
83
150
87
91
84
104
54
112
77
71
122
129
95
105
40
118
115
83
151
44
61
83
83
128
138
84
63
95
72
91
124
48
25
79
124
25
75
55
79
75
122
47
99
79
104
132
99
111
81
153
61
29
105
9
62
6
61
50
119
105
94
125
108
112
114
82
90
71
137
140
56
80
107
158
116
124
133
123
153
108
54
151
102
101
102
62
140
110
79
96
79
31
119
158
157
128
66
91
129
130
43
95
98
137
45
103
129
67
116
140
86
59
63
99
95
119
105
132
68
129
103
107
123
49
115
97
88
85
141
127
85
110
58
92
117
92
113
120
137
117
93
37
112
78
107
141
160
92
131
72
86
153
132
130
96
130
73
90
91
140
73
80
56
128
148
143
134
96
164
59
81
129
116
138
86
88
126
113
125
74
121
115
124
142
105
84
98
135
130
48
122
130
54
100
88
93
122
70
92
10
108
157
130
117
122
21
101
232
76
102
98
100
94
82
71
115
153
134
73
89
108
128
123
111
95
126
124
95
117
88
82
113
69
104
143
76
91
115
133
108
90
158
42
81
117
110
73
29
132
118
81
73
135
53
148
75
92
34
111
93
83
92
138
150
58
23
95
102
86
97
93
120
107
115
91
137
91
114
85
105
159
136
171
78
139
108
106
87
60
116
109
84
123
43
100
141
115
112
105
133
76
133
114
44
104
277
79
117
71
81
75
79
106
145
102
114
65
79
161
54
102
131
104
109
107
49
111
45
131
96
106
57
129
65
129
117
56
86
86
87
56
149
58
108
134
105
142
68
137
93
73
80
144
116
106
132
89
130
94
137
114
134
95
110
92
69
115
89
106
103
87
98
132
136
95
154
125
173
92
134
136
101
122
126
85
135
124
119
82
75
140
121
89
104
85
61
97
156
70
140
146
94
86
91
106
141
115
99
114
94
92
94
67
82
60
89
100
108
118
117
130
127
95
97
61
141
127
105
65
106
145
106
125
30
111
126
139
56
128
118
111
90
123
112
149
145
144
50
54
134
126
89
119
67
110
77
119
114
69
108
117
161
113
114
177
132
257
147
120
77
115
119
159
95
60
136
134
110
112
157
143
102
138
125
149
125
123
85
80
154
115
97
77
187
116
157
84
101
117
68
67
26
96
123
105
57
142
141
80
107
106
95
109
132
93
113
75
123
151
41
169
102
95
86
143
134
101
106
159
141
112
144
106
130
119
177
104
74
124
74
93
139
91
98
69
97
25
74
93
148
98
102
146
62
87
119
88
126
57
127
101
126
81
106
125
85
112
120
118
136
135
79
101
93
135
116
41
88
110
90
111
61
120
134
109
137
100
86
155
78
150
114
163
89
77
102
129
64
69
186
87
36
116
117
121
103
113
90
126
74
87
126
77
107
100
144
176
128
109
155
165
110
78
-3
130
69
99
131
115
91
59
161
118
63
117
175
94
72
248
130
130
107
96
121
130
192
199
112
152
96
77
137
89
108
140
110
88
2
119
149
113
102
123
126
114
104
78
151
111
174
83
117
75
103
33
164
102
99
77
100
62
128
143
140
128
66
130
91
145
97
137
95
72
109
189
117
161
28
82
138
147
120
87
148
103
163
127
134
142
74
105
73
115
117
145
85
122
21
101
108
118
148
45
64
107
153
90
112
117
100
77
46
48
77
152
162
90
160
140
99
108
140
137
116
106
88
86
114
170
181
117
102
115
135
158
121
127
131
127
158
172
126
85
115
152
125
97
113
70
121
129
142
116
86
124
186
132
115
69
112
122
89
113
105
91
124
143
65
99
181
114
79
98
150
74
152
124
139
68
155
101
302
107
139
60
95
84
178
106
93
106
98
117
101
101
128
132
96
71
158
51
121
244
128
71
81
131
128
82
158
43
131
30
82
58
52
83
105
5
124
75
96
70
285
158
112
109
89
60
91
158
125
55
55
12
104
144
73
54
104
106
182
61
120
65
126
145
61
51
132
127
137
128
64
107
124
30
107
113
86
60
76
85
82
49
27
37
131
113
105
75
135
81
74
93
131
140
78
125
128
112
85
70
0
135
59
46
138
159
93
66
103
57
121
164
87
110
130
122
148
84
114
144
69
93
141
57
122
99
55
97
46
87
61
98
64
70
112
106
73
85
169
150
128
84
105
69
44
152
79
49
112
135
129
141
273
97
65
117
102
70
100
125
136
57
24
119
43
135
109
98
50
83
93
90
43
66
72
60
42
51
117
113
135
64
163
85
137
60
142
63
103
57
132
85
88
109
145
114
77
120
10
62
110
45
60
122
168
40
122
98
111
126
82
127
139
161
139
106
101
140
99
76
73
111
36
137
80
118
124
68
119
154
76
108
71
108
83
84
114
45
133
154
153
135
80
129
68
94
114
110
102
65
84
173
108
56
113
95
100
55
154
138
99
109
85
42
128
36
98
39
105
84
66
131
76
109
60
96
72
157
96
109
121
116
137
125
101
254
137
113
108
137
63
114
49
68
78
103
84
126
132
145
145
97
150
41
82
125
114
123
129
116
103
122
279
39
136
145
174
107
98
29
141
150
93
129
65
116
154
169
71
101
70
68
109
114
151
96
168
124
102
16
51
115
123
96
112
85
61
91
121
133
123
85
69
120
99
59
98
107
111
87
136
109
78
113
130
79
130
119
231
126
103
143
69
126
109
130
83
88
136
80
153
101
99
99
140
64
141
141
78
67
82
77
118
126
34
81
104
150
118
119
166
89
133
142
82
98
166
159
167
130
89
122
85
124
124
138
50
164
118
93
168
107
146
111
117
75
127
143
133
94
102
130
164
142
158
158
110
136
53
138
192
63
146
128
127
142
130
67
167
110
162
109
128
108
101
127
129
79
125
138
116
150
117
133
157
132
147
57
155
110
140
95
79
107
111
81
111
107
89
109
120
117
84
109
119
58
131
145
121
106
116
112
123
143
128
89
142
119
118
95
139
175
134
166
135
102
105
110
119
180
177
69
184
84
111
155
97
110
142
50
165
77
107
160
182
102
140
22
107
153
98
79
97
159
78
105
124
165
114
120
144
118
171
68
166
109
128
91
55
55
125
151
110
137
134
152
147
151
169
173
123
138
115
69
129
117
154
82
126
107
186
113
150
78
127
106
131
145
168
147
76
163
128
141
157
121
83
149
122
151
160
144
147
173
169
78
128
174
113
50
84
107
93
103
83
124
134
121
109
88
103
130
87
140
98
145
145
182
101
164
145
71
128
120
132
106
126
105
146
141
105
129
142
111
140
131
159
90
183
83
115
87
125
149
67
168
76
142
133
119
165
161
158
111
108
124
105
112
136
116
82
140
104
46
113
149
129
100
109
174
104
99
121
115
154
114
120
107
167
149
166
88
112
126
112
86
108
119
124
123
122
170
99
127
125
125
108
106
148
136
113
138
143
90
103
140
135
99
160
105
189
113
90
153
158
100
111
123
190
87
116
122
144
112
81
101
100
108
70
143
113
173
116
126
153
136
118
151
133
125
118
97
132
123
134
157
131
139
111
106
134
129
110
122
145
114
99
77
89
96
120
59
100
98
78
128
106
115
137
119
149
68
143
153
145
170
141
63
94
106
99
