11
-69
-42
-59
-70
-60
-64
-58
-76
-72
-42
-28
-12
-54
-53
-41
-51
-40
-52
-49
-64
-26
-50
-44
-74
-43
-29
-25
-39
-63
-55
-52
-71
-16
-42
-43
-61
-32
-22
-20
-51
-51
-18
-29
-39
-57
-70
-46
-57
-50
-44
-47
-41
-46
-35
-62
-31
-38
-49
-53
-39
-23
-54
-42
-43
-38
-57
-54
-49
-35
-63
-40
-48
-35
-11
-13
-56
-31
-36
-55
-47
-36
-38
-10
-45
-46
-26
-44
-36
-15
-52
-53
-4
-8
1
-41
-36
-67
-41
-25
-39
-62
-31
-47
-43
-38
-41
-27
-67
-32
-7
-55
-2
-13
-56
-52
-26
-3
-26
-32
-19
-42
-33
-34
-28
-43
-5
-63
-55
-54
14
7
3
-53
-42
-52
-7
-37
-15
7
-35
3
-47
-35
-41
-11
-57
-21
0
-15
-68
-23
6
-43
-10
-21
-2
-34
20
5
-7
-11
6
7
35
2
46
26
14
-11
7
-12
-2
20
33
-8
-20
33
12
42
-31
43
33
21
47
16
48
-11
-17
25
-6
1
16
21
19
4
14
47
66
59
39
60
16
28
29
25
19
-2
2
-19
-10
11
4
30
17
34
-5
6
-6
68
-16
175
26
30
33
59
60
53
37
86
59
33
58
208
30
55
62
39
21
33
38
44
52
25
78
34
85
64
70
25
6
36
8
62
47
30
58
14
15
59
40
30
69
20
12
20
40
92
38
70
81
41
50
73
54
54
8
59
84
53
13
60
126
108
93
88
52
51
101
41
81
33
32
68
56
52
69
112
124
61
100
17
60
20
56
72
67
57
42
86
41
24
70
47
44
59
86
58
67
64
85
52
30
54
54
95
75
54
65
67
91
80
40
49
58
55
34
124
32
95
57
21
98
67
100
74
84
68
27
113
86
112
93
102
35
72
93
79
55
53
90
105
58
71
132
54
71
18
98
52
67
101
66
121
106
37
73
113
76
81
70
48
75
71
59
37
63
92
80
48
90
65
61
86
58
31
94
183
65
64
76
123
79
73
101
99
90
91
72
50
112
79
39
117
77
78
57
29
50
95
65
48
70
54
28
49
73
54
96
70
86
30
110
83
55
92
82
71
112
46
92
133
82
66
52
89
68
87
61
29
62
113
77
245
59
101
60
101
101
66
99
79
31
107
91
86
46
109
100
40
41
129
65
122
104
92
87
121
82
152
94
56
51
103
53
125
123
30
37
77
116
75
98
106
32
145
70
79
82
66
70
76
85
48
93
85
102
124
97
97
56
96
82
87
51
130
89
88
80
46
98
113
79
60
99
31
67
112
46
142
131
132
75
94
113
118
64
50
221
95
90
128
99
144
61
66
93
55
133
141
87
72
131
78
102
94
93
101
140
105
30
69
77
99
85
101
127
101
78
107
61
100
103
78
117
123
76
74
149
83
144
77
34
118
104
68
93
94
108
93
84
107
70
104
100
109
82
97
140
88
94
120
139
106
113
126
103
125
40
96
105
80
67
149
98
116
156
106
84
123
112
49
84
92
131
104
76
137
87
99
111
161
89
78
135
117
133
115
75
102
119
124
103
41
69
113
87
110
89
114
133
119
80
143
144
61
110
103
97
110
87
94
139
90
121
100
100
275
134
106
97
94
97
139
37
120
136
71
107
34
64
127
103
84
126
98
136
62
150
47
111
72
121
112
124
102
103
54
109
129
108
151
72
118
100
129
110
117
165
102
133
44
123
83
111
170
128
82
103
88
105
85
112
85
130
125
60
85
102
104
124
122
116
108
151
125
144
86
103
81
80
156
98
124
61
145
131
127
155
172
108
79
142
145
83
59
126
130
68
122
65
180
137
110
119
161
53
37
115
127
83
139
106
143
122
119
53
138
109
113
134
105
130
99
132
120
129
120
43
113
75
111
127
146
129
148
95
108
35
113
125
88
157
152
71
79
117
108
163
71
73
95
105
89
135
148
302
133
129
85
141
120
131
82
118
139
107
127
123
126
110
107
68
105
136
85
126
117
85
118
77
92
105
155
127
94
157
19
90
121
174
105
107
145
96
92
109
122
78
155
155
120
126
140
73
77
149
139
109
145
161
71
111
115
155
159
124
165
81
147
130
109
131
111
144
108
73
105
100
110
109
89
84
80
141
151
83
112
77
128
80
117
103
148
121
118
106
87
145
103
118
140
118
92
108
98
115
112
180
176
67
64
148
125
117
95
114
123
164
73
176
104
101
71
84
135
104
108
129
133
60
95
143
119
134
113
115
155
116
154
150
45
131
141
82
114
109
180
134
135
145
122
56
100
134
162
144
131
120
125
125
78
108
122
105
99
144
66
151
138
145
126
129
108
127
114
101
128
93
114
103
114
84
64
83
89
88
143
143
131
107
37
112
134
122
93
109
100
156
108
151
136
120
122
112
121
115
93
80
164
105
123
176
187
151
121
108
139
139
106
95
132
163
147
122
105
110
104
162
165
90
137
132
94
95
92
133
129
100
75
73
101
113
155
171
104
79
28
178
159
95
135
140
155
101
82
189
131
114
116
132
126
54
102
100
137
111
154
96
128
97
139
100
69
158
113
123
115
147
97
185
120
119
93
135
101
46
100
190
98
104
108
86
84
90
78
60
135
123
131
128
157
96
93
53
179
73
119
146
68
124
143
117
160
156
117
86
114
145
85
108
123
85
176
187
98
157
32
173
143
116
140
70
178
134
60
145
58
143
116
107
107
60
82
144
95
106
96
128
80
176
125
122
165
156
162
130
114
130
128
95
102
137
106
143
139
136
128
163
123
97
201
243
97
113
88
115
143
106
166
127
157
128
88
123
139
117
110
215
266
119
151
168
164
98
135
131
115
93
103
86
132
145
107
146
74
170
164
138
142
128
95
129
129
148
144
79
111
109
118
124
124
155
130
173
140
101
164
160
82
118
116
78
99
128
130
98
114
150
76
116
36
135
106
126
141
114
146
106
145
108
115
121
128
156
119
140
126
123
116
109
88
141
90
292
167
106
141
40
138
125
68
145
132
116
107
124
131
80
176
132
99
21
82
140
124
110
136
99
99
135
126
126
92
96
139
108
83
139
171
117
101
72
156
91
138
109
148
82
88
141
117
171
105
142
152
150
82
132
60
95
202
171
108
81
103
111
133
166
229
114
180
119
117
76
113
130
134
101
48
113
162
44
105
89
95
141
130
80
59
107
89
156
118
143
100
104
146
49
142
43
156
101
147
43
124
66
103
160
125
95
138
98
114
164
92
116
177
192
140
93
103
24
110
96
159
130
157
89
150
153
84
123
163
99
136
164
175
145
156
59
151
171
91
109
163
38
126
66
149
49
128
108
120
139
92
98
94
98
66
124
170
160
108
171
145
86
134
120
198
118
102
172
155
94
94
50
113
100
148
161
95
92
183
138
114
48
124
155
153
189
109
102
99
165
148
66
182
134
123
111
124
169
131
151
121
151
158
103
127
92
156
115
114
77
76
126
118
124
54
154
161
110
151
79
138
158
121
48
108
94
77
196
158
55
113
154
123
112
114
128
116
129
77
145
143
147
115
138
144
155
128
117
100
126
68
114
137
100
152
144
161
118
115
162
166
104
143
95
165
85
95
138
115
132
102
123
93
79
127
78
99
83
88
61
138
161
98
111
182
132
76
192
86
86
122
94
113
70
85
90
76
89
141
85
66
139
129
121
92
46
92
97
82
103
26
137
92
83
114
131
13
115
123
90
108
56
102
73
97
112
83
51
178
23
97
124
35
104
74
66
134
76
30
91
110
72
166
120
75
129
122
56
123
95
86
68
88
143
132
71
148
39
163
28
86
74
92
99
105
75
36
135
130
77
85
109
125
77
142
219
65
122
258
102
111
116
153
120
146
75
69
134
122
116
73
74
104
130
89
182
99
132
63
175
131
138
172
107
93
46
74
150
83
123
108
112
92
61
134
144
90
144
108
103
33
99
116
140
116
115
119
174
147
115
148
139
141
113
74
157
96
134
86
152
155
111
150
88
129
78
133
91
138
106
122
120
112
132
125
134
146
186
139
93
98
152
131
133
75
144
127
143
105
138
117
151
146
125
163
64
122
209
147
159
55
67
113
134
138
150
142
126
119
72
105
141
163
112
108
160
113
124
108
125
165
137
126
153
108
128
169
84
124
78
79
118
89
116
137
85
111
105
102
133
127
84
118
132
146
104
52
139
119
67
102
92
114
183
129
120
89
112
123
100
96
90
85
116
123
73
154
99
101
24
19
113
28
102
48
113
60
131
93
146
119
141
76
100
66
144
59
162
143
139
102
83
86
63
104
93
142
107
127
144
128
92
104
62
105
70
43
87
86
101
138
78
113
106
106
98
74
82
104
105
120
73
203
154
144
91
129
111
78
123
78
142
30
107
120
109
71
132
93
150
137
85
94
94
131
123
38
145
14
125
76
170
127
97
123
146
38
67
100
96
62
80
137
142
79
96
37
16
107
129
141
61
53
25
104
128
157
109
52
83
98
163
76
107
113
114
86
97
133
153
79
71
110
128
138
133
102
95
116
68
50
83
53
87
33
105
95
47
36
103
123
97
117
97
92
100
107
28
128
22
93
92
88
105
103
-12
84
118
41
71
114
120
102
137
105
150
96
125
98
114
138
125
102
2
102
36
88
43
155
243
57
116
100
61
101
112
140
125
109
138
85
138
131
133
124
98
104
92
92
96
138
160
134
100
148
101
97
71
165
143
123
124
126
104
144
125
116
133
119
129
98
136
109
115
105
131
50
143
112
133
119
122
73
110
139
71
111
133
117
138
106
49
92
115
138
85
123
94
125
94
274
131
141
132
110
77
114
128
80
169
112
106
142
125
107
69
150
103
62
106
85
77
103
130
92
161
113
112
126
99
106
66
126
49
166
117
75
95
92
99
114
113
156
137
73
123
129
