749
284
379
213
493
490
628
473
433
291
310
464
529
501
554
439
660
146
522
813
548
445
544
530
517
147
509
289
247
560
433
303
504
707
246
313
443
638
552
153
391
165
208
371
266
144
390
224
559
452
341
135
427
483
485
411
478
536
426
476
553
638
564
295
498
627
689
409
625
415
676
558
800
754
471
406
782
528
279
658
703
517
796
533
483
439
816
557
559
563
687
349
417
764
655
468
419
594
611
496
310
200
228
517
291
622
527
612
171
455
68
190
637
487
444
368
309
376
142
285
312
644
213
456
301
131
521
547
430
555
170
256
437
144
296
320
320
270
137
365
33
216
500
230
422
598
353
237
276
316
362
413
324
634
441
356
586
409
236
212
248
331
169
340
333
272
236
403
445
241
327
190
185
388
412
310
135
177
156
581
168
398
201
184
313
348
361
260
359
237
247
256
557
180
280
214
159
159
554
235
45
422
230
110
284
409
178
201
165
259
212
269
165
292
341
331
425
222
222
97
347
454
342
340
217
218
267
322
254
210
233
240
322
228
135
182
342
159
210
246
202
207
347
246
88
287
216
108
465
242
264
383
259
121
99
122
189
393
