739
27
319
81
1000
208
1000
1000
429
843
355
304
812
471
1000
549
347
42
559
929
706
54
886
1000
379
158
501
148
129
529
1000
240
569
434
201
374
598
1000
63
59
869
47
168
276
217
190
113
73
651
95
15
219
869
196
504
525
1000
1000
238
569
1000
1000
1000
49
1000
367
291
77
1000
42
239
1000
1000
1000
1000
1000
1000
1000
66
858
1000
80
1000
626
61
29
80
49
730
512
886
62
61
318
3
744
1000
1000
572
1000
111
153
25
535
120
670
1000
702
185
612
126
362
1000
1000
269
226
30
39
118
15
299
301
40
869
176
88
1000
365
450
887
76
38
203
238
129
93
315
883
479
251
99
66
1000
12
62
642
33
41
36
181
41
723
713
869
44
353
845
94
269
145
252
361
64
617
421
7
80
336
257
162
898
92
149
93
328
38
65
70
267
492
4
280
17
53
328
330
483
39
93
10
225
318
191
315
4
365
97
24
1000
391
41
111
40
165
525
118
124
22
60
529
59
38
224
733
140
740
491
272
327
92
605
15
81
17
52
860
211
2
391
175
236
203
5
249
109
123
534
113
228
57
308
323
353
24
149
21
113
39
241
176
63
199
88
322
260
154
108
348
138
98
310
317
220
472
103
112
42
269
227
752
20
161
52
617
283
178
213
53
92
304
36
323
98
104
