758
305
38
231
601
639
1000
134
58
225
32
1000
139
629
787
1
176
332
1000
1000
1000
1000
26
167
697
12
740
101
1000
377
106
3
3
1000
333
38
369
160
365
14
27
3
76
25
127
225
191
355
1000
164
46
244
465
195
361
1000
387
336
433
1000
119
40
151
219
63
43
182
98
365
8
189
2
65
84
678
910
781
796
313
1000
1000
1000
781
1000
1000
1000
1000
403
294
1000
427
302
607
1000
1000
233
31
154
621
1000
1000
118
442
22
74
171
98
1000
10
869
12
36
464
431
211
18
7
33
151
516
721
1000
534
24
892
39
101
1000
437
429
104
28
174
250
74
19
427
163
39
645
29
533
1000
14
597
287
259
751
482
742
268
390
99
711
355
36
79
404
361
244
24
78
369
771
151
144
133
464
268
653
48
340
37
512
628
492
170
29
49
1000
344
40
72
234
158
181
413
135
112
558
20
46
836
12
333
663
146
208
577
121
38
684
534
84
18
1000
418
222
107
230
431
93
159
132
526
212
893
214
249
129
100
618
723
14
39
90
134
539
228
509
139
370
279
329
78
293
104
251
146
219
250
85
288
70
14
352
95
39
1000
370
338
550
683
222
93
57
192
502
76
472
76
328
121
254
48
18
230
29
12
301
371
73
130
866
266
402
47
88
353
111
477
21
361
33
698
65
315
265
559
30
293
28
783
