-15
13
-23
-57
27
1
17
-7
21
9
23
-5
-19
79
147
7
-59
-39
13
117
119
135
-5
93
49
87
31
1
-39
-21
-15
71
-1
-47
-49
-59
23
85
127
153
117
91
99
43
41
115
25
95
41
-37
-31
25
-3
-37
1
41
-55
-45
83
-27
25
43
-5
-29
-37
-33
-45
-15
-59
-53
-73
-41
-55
-57
-55
-49
-63
-59
-63
-81
-71
-21
-43
-31
-19
-29
-43
37
-55
-19
-49
-57
-39
35
-43
-31
-51
-61
-63
-33
-59
-65
-35
-61
107
195
167
141
141
299
101
241
251
91
275
149
63
157
113
-5
7
-63
3
21
-19
-35
123
49
-17
107
97
89
111
141
275
97
131
213
333
-53
1
133
95
135
55
67
191
71
133
121
71
13
-5
-15
55
51
-15
-47
-45
7
3
-47
-31
-37
-35
21
-55
-27
-49
7
21
-21
-17
11
-33
11
27
-25
-39
35
-41
21
-15
-37
-13
-45
-57
-53
-33
-39
-57
-9
-49
-27
-67
-17
47
-13
-5
-27
-59
-33
19
-23
-29
23
71
97
195
121
141
111
117
145
123
125
119
125
95
155
111
61
39
71
125
101
73
79
173
81
85
159
95
229
109
151
55
129
85
43
-49
21
39
7
167
71
133
59
113
99
89
301
163
115
251
171
263
213
323
331
257
97
193
173
129
245
219
179
289
227
289
211
239
197
209
117
-37
113
19
-31
-19
131
119
25
167
93
41
83
59
87
57
159
177
179
147
185
211
149
67
115
53
83
159
123
41
111
73
121
79
75
57
61
89
57
63
53
91
77
19
73
83
33
79
59
93
129
31
113
45
87
103
69
39
47
125
67
67
89
33
103
35
125
149
21
73
41
67
95
83
89
93
57
75
119
109
79
131
59
29
89
69
131
97
105
71
55
49
77
71
45
51
91
77
23
49
77
47
59
67
47
71
47
47
109
63
63
105
43
59
45
-27
85
123
55
85
85
23
103
65
91
51
43
123
61
39
15
39
113
57
45
41
99
71
119
57
39
111
39
77
63
161
15
111
107
35
53
61
11
33
53
75
71
73
45
77
53
37
75
55
61
65
71
41
85
59
77
49
35
63
41
35
79
49
65
31
81
91
87
57
105
27
49
57
63
133
47
87
33
49
3
83
81
45
23
99
71
53
65
51
107
69
97
71
47
53
75
87
61
59
55
57
69
73
117
53
95
77
53
67
93
45
35
103
59
109
53
59
79
57
39
61
83
21
59
137
55
55
41
31
67
31
77
77
53
23
17
101
71
55
107
99
83
57
47
49
123
57
47
93
43
41
67
81
65
77
115
99
105
81
57
73
33
49
79
53
33
71
77
53
89
77
91
73
45
85
53
73
57
85
87
63
85
77
61
115
67
87
89
73
61
33
81
65
105
85
27
87
89
105
71
99
63
89
149
61
75
53
71
93
73
81
63
59
77
75
87
65
59
91
101
53
57
69
47
61
73
73
75
93
13
63
105
71
87
53
97
95
75
75
41
129
21
83
43
79
29
69
61
57
105
81
87
67
87
41
89
97
63
49
23
53
67
33
67
85
47
59
79
49
55
87
77
21
55
55
47
43
15
39
89
59
45
27
77
59
91
59
71
107
33
35
63
71
45
11
43
69
51
51
47
123
71
41
23
47
25
3
77
57
33
65
61
55
49
29
21
45
41
53
57
29
45
23
39
11
17
27
39
17
59
71
59
75
57
55
17
-9
43
33
39
51
13
7
63
45
45
47
27
53
47
53
79
33
-1
67
71
25
61
41
-1
5
53
15
25
5
57
53
59
5
19
21
5
25
59
41
53
47
33
13
37
57
-33
17
21
49
43
17
55
49
23
57
37
29
-33
29
21
37
75
3
63
17
-11
77
9
39
-3
25
-1
39
21
41
9
41
5
13
27
11
49
15
41
-65
1
39
5
41
-7
51
31
-15
25
5
9
-5
17
33
5
39
55
5
21
9
11
-31
-5
15
13
-39
-1
7
-3
-31
21
25
-37
-11
17
-25
35
23
17
25
11
5
15
-31
-19
21
-3
-1
-27
-1
31
9
75
-25
-11
-19
19
19
35
13
-7
27
23
-13
9
53
9
-55
17
-39
-1
-9
-15
-5
13
5
-17
5
21
45
15
15
-1
33
-15
-35
-25
35
17
27
21
-7
13
-53
-27
1
-29
39
27
-21
15
-3
-11
-45
25
27
-7
17
23
-21
-11
17
-45
35
33
-7
-17
15
23
17
15
1
3
-13
21
23
-15
-37
-5
-1
1
-5
3
-3
-53
13
13
29
-7
5
19
-33
-23
11
17
-7
5
-47
25
19
-13
-17
-11
-23
-27
11
13
21
35
-7
11
-73
19
-43
7
29
-27
-25
-37
-25
-23
-19
-23
-11
1
3
1
-27
1
-3
-29
-35
-31
-23
-41
-21
-1
-1
-41
-29
-69
-21
-7
-15
-17
-33
-37
-11
-31
15
-15
-3
-21
5
-5
23
-1
-7
-11
-39
-27
-11
1
-29
-11
-9
-23
3
-19
-9
-15
-15
-43
-25
-29
-5
13
-37
-23
-15
-45
-43
-41
-37
-53
-15
-13
-33
-13
-17
-33
-55
-39
-27
-35
-55
-37
-15
1
-13
-9
-23
-23
-67
-55
-9
-63
-5
-49
19
-11
-11
-23
-1
-27
-47
-45
-33
-3
-33
-9
-35
-45
-33
-63
-23
-67
-33
-43
-71
-13
-21
-39
-35
-29
-29
-25
-35
-15
-11
-65
-13
-39
-47
-59
-39
-49
-43
-37
-63
-37
-45
-15
-13
-1
-29
-9
-59
-47
-65
-11
-49
-67
-57
-49
-51
-27
-47
-39
-69
-79
-51
-29
-39
-45
-53
-77
-79
-47
-37
-37
-41
-79
-57
-35
-79
-49
-67
-35
-37
-61
-17
-39
-75
-41
-35
-45
-81
-11
-39
-49
-49
-35
-21
-53
-47
-41
-45
-43
-35
-47
-53
-81
-39
-5
-77
-27
-51
-79
-73
-69
-35
-65
-47
-57
-61
-45
-47
-51
-63
-29
-59
-53
-37
-47
-35
-71
-47
-45
-35
-75
-47
-53
-71
-51
-63
-41
-67
-25
-39
-83
-43
-63
-57
-53
-49
-43
-79
-43
-33
-63
-79
-65
-45
-69
-51
-51
-77
-63
-81
-49
-65
-85
-65
-63
-63
-21
-59
-79
-39
-41
-53
-59
-51
-9
-41
-51
-63
-65
-35
-63
-67
-49
-43
-41
-29
-67
-51
-41
-81
-73
-65
-69
-45
-65
-27
-45
-41
-75
-41
-31
-83
-51
-65
-45
-85
-33
-43
-77
-41
-55
-61
-59
-87
-55
-67
-69
-51
-83
-63
-55
-83
-75
-71
-81
-35
-63
-65
-39
-63
-37
-73
-85
-57
-67
-73
-59
-55
-81
-37
-71
-41
-71
-63
-41
-57
-69
-79
-67
-41
-33
17
-85
-73
-75
-33
-65
-71
-75
-85
-85
-75
-55
-71
-79
-85
-69
-41
-67
-25
-85
-35
-65
-83
-81
-57
-67
-75
-77
-75
-57
-77
-81
-61
-67
-67
-81
-65
-83
-57
-77
-77
-69
-83
-69
-69
-61
-45
-45
-87
-69
-77
-81
-75
-59
-77
-67
-71
-71
-77
-83
-85
-71
-79
-79
-81
-77
-79
-69
-81
-69
-71
-71
-81
-75
-69
-77
-81
-83
-69
-37
-77
-81
-79
-79
-81
-81
-77
-81
-83
-75
-81
-77
-79
-81
-79
-83
-81
-77
-71
-73
-83
-81
-75
-75
-79
-85
-79
-81
-79
-77
-83
-85
-83
-73
-79
-85
-83
-81
-83
-75
-83
-75
-81
-77
-83
-79
-77
-77
-83
-85
-63
-83
-83
-81
-77
-87
-83
-69
-85
-83
-65
-69
-67
-79
-83
-87
-75
-71
-57
-75
-67
-69
-61
-77
-77
-63
-63
-75
-69
-83
-75
-69
-79
-69
-73
-79
-77
-77
-79
-77
-79
-73
-79
-77
-75
-83
-73
-59
-57
-73
-77
-41
-83
-67
-77
-77
-81
-71
-61
-77
-79
-75
-77
-77
-69
-83
-83
-61
-65
-73
-67
-57
-81
-77
-75
-69
-71
-77
-75
-73
-75
-67
-73
-73
-65
-61
-77
-79
-73
-57
-81
-69
-77
-67
-79
-73
-77
-71
-73
-77
-73
-73
-75
-73
-71
-73
-69
-77
-41
-41
-75
-53
-69
-67
-67
-83
-77
-73
-81
-71
-81
-81
-77
-77
-75
-67
-51
-81
-71
-75
-73
-77
-71
-77
-81
-71
-73
-69
-77
-77
-47
-77
-71
-77
-83
-67
-69
-77
-73
-79
-63
-77
-75
-71
-81
-77
-79
-77
-77
-75
-65
-71
-71
-73
-77
-83
-73
-73
-75
-83
-85
-79
-81
-71
-81
-71
-85
-73
-81
-81
-81
-79
-81
-79
-79
-81
-81
-79
-81
-77
-83
-37
-75
-77
-77
-79
-79
-71
-35
-77
-65
-75
-81
-83
-77
-71
-81
-81
-77
-63
-83
-75
-79
-79
-73
-85
-81
-81
-75
-79
-81
-81
-83
-79
-63
-79
-81
-81
-67
-77
-63
-73
-83
-79
-77
-85
-85
-73
-77
-81
-43
-77
-75
-73
-79
-77
-83
-83
-69
-83
-43
-79
-69
-79
-79
-79
-73
-43
-59
-81
-81
-81
-71
-77
-81
-83
-69
-35
-31
-81
-81
-63
-79
-57
-73
-67
-61
-87
-55
-67
-53
-79
-81
-51
-73
-53
-81
-49
-71
-75
-37
-61
-75
-49
-73
-65
-81
-69
-83
-59
-83
-29
-71
-85
-77
-65
-79
-59
-39
-81
-57
-71
-77
-77
-31
-75
-75
-77
-83
-73
-73
-79
-67
-81
-55
-69
-83
-65
-79
-69
-69
-65
-79
-77
-79
-83
-83
-85
-81
-81
-79
-79
-81
-81
-83
-83
-83
-77
-83
-61
-73
-35
-81
-79
-71
-79
-77
-81
-43
-65
-81
-79
-41
-79
-83
-73
-81
-83
-79
-81
-75
-85
-75
-79
-79
-63
-75
-79
-83
-77
-37
-83
-67
-85
-81
-81
-81
-79
-85
-83
-69
-77
-83
-75
-81
-81
-71
-85
-79
-81
-83
-85
-81
-85
-85
-77
-81
-85
-71
-59
-79
-67
-85
-81
-75
-83
-79
-81
-77
-83
-79
-79
-79
-81
-85
-85
-83
-65
-77
-77
-81
-71
-79
-85
-79
-81
-79
-81
-85
-85
-75
-81
-81
-79
-81
-87
-67
-79
-79
-85
-77
-77
-83
-79
-85
-79
-81
-77
-85
-85
-83
-83
-75
-65
-83
-81
-77
-77
-77
-77
-85
-75
-79
-83
-85
-79
-79
-77
-77
-67
-73
-83
-81
-73
-77
-83
-81
-75
-79
-63
-81
-83
-79
-81
-71
-83
-81
-77
-81
-81
-79
-79
-81
-81
-83
-79
-83
-71
-83
-75
-79
-85
-83
-83
-81
-77
-81
-79
-73
-81
-75
-85
-81
-77
-73
-83
-81
-77
-83
-83
-67
-81
-81
-75
-81
-83
-81
-87
-79
-83
-81
-79
-85
-77
-85
-73
-81
-73
-83
-79
-73
-85
-75
-69
-77
-85
-81
-71
-85
-83
-55
-83
-73
-81
-79
-81
-67
-81
-67
-79
-67
-73
-81
-75
-77
-83
-69
-79
-75
-81
-81
-79
-79
-79
-75
-85
-75
-75
-71
-85
-83
-65
-83
-79
-73
-79
-35
-81
-71
-59
-79
-77
-65
-21
-75
-71
-83
-65
-81
-81
-83
-79
-71
-75
-85
-85
-63
-73
-79
-75
-77
-73
-69
-79
-67
-79
-85
-73
-57
-71
-83
-83
-77
-75
-75
-81
-75
-83
-77
-83
-77
-81
-73
-85
-67
-61
-83
-79
-67
-57
-81
-51
-81
-75
-61
-55
-69
-83
-81
-77
-61
-81
-77
-77
-83
-79
-77
-61
-47
-85
-57
-81
-71
-85
-83
-75
-83
-75
-75
-71
-79
-81
-61
-79
-67
-73
-69
-73
-69
-79
-83
-79
-75
-77
-83
-81
-69
-73
-65
-79
-77
-65
-81
-63
-83
-77
-81
-81
-77
-79
-83
-57
-79
-85
-83
-77
-81
-73
-77
-83
-73
-73
-71
-73
-81
-83
-81
-81
-69
-83
-75
-81
-71
-85
-77
-79
-83
-83
-83
-73
-85
-83
-79
-71
-79
-77
-81
-83
-85
-81
-79
-83
-77
-81
-83
-79
-85
-85
-75
-83
-81
-83
-79
-77
-75
-81
-77
-57
-61
-77
-81
-83
-81
-83
-83
-75
-81
-49
-83
-81
-77
-81
-37
-87
-77
-75
-73
-71
-81
-83
-79
-83
-81
-83
-79
-73
-83
-83
-79
-83
-83
-77
-83
-81
-73
-83
-79
-81
-79
-79
-85
-77
-79
-71
-61
-75
-81
-79
-75
-83
-83
-81
-77
-83
-81
-81
-75
-83
-81
-85
-83
-79
-81
-85
-79
-73
-75
-83
-87
-85
-85
-83
-83
-81
-83
-79
-81
-83
-79
-79
-71
-71
-75
-83
-79
-87
-83
-81
-85
-85
-81
-85
-83
-83
-67
-77
-77
-85
-83
-81
-81
-79
-77
-81
-81
-85
-83
-83
-85
-79
-79
-77
-85
-83
-81
-75
-75
-87
-89
-85
-77
-79
-79
-73
-81
-77
-79
-83
-81
-77
-81
-79
-79
-73
-67
-83
-83
-83
-73
-75
-69
-63
-79
-83
-79
-71
-81
-79
-83
-69
-75
-81
-61
-49
-67
-73
-85
-85
-67
-57
-71
-81
-77
-61
-75
-79
-63
-81
-81
-81
-77
-81
-55
-73
-77
-61
-35
-65
-83
-81
-83
-31
-83
-85
-63
-85
-69
-81
-77
-73
-53
-43
-79
-77
-43
-1
-63
-81
-65
-77
-75
-77
-81
-59
-81
-39
-83
-77
-77
-77
-81
-81
-63
-83
-71
-83
-81
-81
-69
-85
-59
-59
-77
-75
-79
-83
-79
-71
-79
-79
-79
-71
-81
-77
-79
-39
-63
-75
-79
-67
-49
-63
-33
-7
-69
-75
-65
-83
-79
-77
-77
-83
-79
-73
-85
-73
-79
-57
-79
-83
-65
-79
-31
-57
-27
-77
-71
-83
-81
-65
-53
-63
-79
-39
-79
-23
-71
-53
-77
-59
-61
-73
-59
-71
-83
-55
-79
-75
-17
-27
-59
-81
-63
-73
-65
-59
-79
-79
-85
-81
-77
-79
-69
-3
-81
-35
-77
-81
-81
-53
-65
-81
-71
-55
-69
-79
-49
-79
-75
-77
-79
-77
-77
-27
-77
-83
-77
-57
-37
-65
-79
-69
-59
-19
-81
-79
-81
-65
-75
-73
-69
-53
-75
-25
-71
-83
-45
-75
-55
-73
-61
-71
-81
-81
-79
-61
-65
-79
-85
-79
-35
-75
-79
-79
-79
-77
-81
-83
-57
-83
-83
-71
-65
-81
-79
-67
-73
-73
-83
-79
-61
-59
-77
-81
-57
-81
-81
-53
-55
-63
-79
-73
-61
-71
-57
-73
-83
-75
-77
-21
-83
-77
-63
-67
-47
-81
-81
-63
-61
-71
-75
-71
-81
-67
-79
-65
-43
-75
-79
-81
-81
-79
-73
-71
-59
-73
-71
-85
-79
-37
-77
-77
-75
-67
-61
-59
-67
-83
-61
-55
-77
-71
-75
-65
-23
-39
-81
-81
-79
-83
-61
-83
-63
-61
-79
-75
-61
-75
-85
-73
-65
-23
-75
-71
-81
-33
-77
-51
-81
-81
-67
-31
-71
-69
-85
-67
-65
-79
-55
-83
-81
-71
-41
-77
-63
-81
-51
-79
-83
-65
-61
-67
-27
-55
-31
-73
-69
-63
-63
-85
-67
-65
-85
-77
-81
-53
-79
-53
-51
-59
-79
-63
-43
-79
-79
-77
-77
-71
-83
-83
-73
-85
-75
-81
-63
-65
-53
-67
-69
-65
-79
-83
-81
-75
-67
-77
-83
-83
-77
-77
-83
-83
-67
-83
-73
-57
-57
-69
-85
-69
-83
-71
-81
-61
-53
-83
-83
-79
-65
-57
-81
-85
-75
-83
-85
-79
-81
-83
-51
-41
-79
-69
-85
-81
-81
-83
-53
-79
-79
-63
-81
-69
-81
-79
-81
-73
-83
-75
-53
-43
-85
-77
-71
-85
-71
-69
-69
-85
-79
-73
-81
-75
-69
-59
-73
-63
-79
-79
-85
-75
-35
-73
-79
-67
-81
-75
-81
-79
-81
-87
-81
-77
-83
-83
-79
-69
-77
-83
-77
-55
-63
-53
-81
-81
-71
-63
-69
-81
-83
-71
-81
-67
-45
-73
-81
-77
-75
-71
-81
-71
-69
-79
-69
-87
-75
-81
-77
-63
-59
-85
-67
-81
-79
-81
-67
-73
-79
-51
-61
-77
-81
-59
-63
-73
-49
-73
-73
-25
-63
-63
-73
-61
-67
-59
-39
-73
-73
-83
-77
-75
-83
-83
-77
-65
-71
-77
-77
-83
-73
-79
-83
-55
-55
-77
-81
-69
-65
-27
-77
-63
-79
-79
-81
-81
-77
-61
-85
-41
-79
-49
-51
-21
-67
-67
-59
-63
-73
-79
-81
-85
-69
-61
-69
-83
-23
-83
-67
-69
-85
-75
-53
-75
-61
-61
-67
-71
-63
-47
-73
-79
-79
-63
-77
-75
-37
-65
-83
-35
-79
-65
-67
-81
-69
-71
-29
-79
-57
-73
-51
-79
-73
-83
-83
-75
-81
-83
-65
-81
-69
-81
-41
-73
-75
-45
-55
-53
-63
-39
-63
-35
-63
-67
-77
-77
-79
-35
-79
-57
-77
-69
-63
-81
-67
-85
-65
-83
-59
-73
-73
-81
-51
-45
-55
-79
-79
-67
-77
-61
-77
-59
-71
-37
-63
-69
-79
-69
-73
-75
-75
-75
-79
-79
-79
-71
-71
-77
-63
-79
-77
-53
-51
-85
-55
-67
-63
-45
-75
-49
-57
-55
-71
-65
-65
-37
-81
-77
-63
-83
-51
-69
-67
-87
-71
-13
-53
-65
-77
-67
-75
-83
-49
-71
-57
-59
-79
-83
-81
-57
-83
-67
-77
-67
-65
-29
-83
-81
-73
-79
-25
-73
-65
-61
-69
-81
-83
-85
-67
-69
-61
-79
-85
-79
-55
-83
-61
-55
-75
-37
-77
-77
-73
-55
-51
-85
-63
-85
-57
-83
-71
-59
-83
-57
-69
-69
-39
-83
-65
-51
-55
-57
-37
-79
-81
-61
-77
-69
-65
-77
-75
-77
-77
-67
-59
-73
-61
-73
-45
-67
-81
-77
-49
-37
-83
-77
-75
-85
-65
-41
-87
-67
-81
-53
-79
-81
-25
-53
-45
-69
-55
-57
-53
-69
-79
-31
-81
-29
-55
-79
-81
-71
-75
-63
-79
-79
-29
-77
-61
-59
-81
-69
-61
-61
-85
-73
-71
-73
-65
-67
-57
-81
-73
-81
-83
-77
-69
-69
-51
-55
-87
-81
-79
-37
-81
-59
-85
-79
-31
-61
-81
-81
-65
-79
-65
-69
-79
-73
-79
-77
-81
-53
-65
-79
-65
-87
-67
-47
-83
-47
-81
-55
-69
-49
-67
-83
-67
-79
-85
-73
-75
-65
-57
-69
-75
-85
-69
-63
-65
-81
-67
-85
-75
-71
-67
-69
-51
-69
-83
-35
-85
-57
-77
-77
-77
-79
-79
-83
-41
-75
-55
-47
-75
-81
-53
-81
-79
-57
-65
-71
-83
-65
-59
-53
-63
-75
-31
-53
-63
-85
-71
-71
-65
45
-31
-75
-29
-41
-83
-57
-43
-65
-83
-73
-65
-69
-75
-81
-81
-53
-61
-17
-57
-57
-83
-45
-73
-65
-69
-61
-75
-75
-65
-77
-69
-75
-83
-81
-81
-71
-75
-41
-75
-79
-69
-57
-81
-77
-81
-35
-75
-57
-63
-81
-67
-57
-75
-81
-81
-45
-67
-77
-35
-77
-61
-85
-39
-57
-81
-85
-83
-27
-61
-83
-79
-83
-73
-53
-77
-77
-85
-47
-21
-79
-79
-53
-65
-59
-61
-55
-85
-81
-83
-73
-61
-61
-51
-45
-73
-61
-61
-65
-87
-75
-7
-85
-77
-77
-7
-79
-81
-77
-79
-83
-83
-73
-51
-79
-85
-29
-61
-79
-67
-71
-81
-63
-81
-79
-69
-51
-83
-79
-83
-67
-81
-65
-87
-79
-83
-81
-77
-81
-21
-65
-81
-75
-83
-81
-53
-9
-75
-65
-85
-73
-83
-71
-75
-55
-25
-73
-71
-81
-73
-61
-45
-81
-45
-69
-51
-51
-37
-53
-81
-83
-77
-71
-83
-71
-59
-3
-81
-69
-43
-75
-81
-79
-83
-83
-83
-79
-75
-33
-61
-69
-79
-83
-81
-81
-81
-85
-81
-41
-83
-33
-77
-67
-51
-41
-65
-77
-83
-63
-51
-81
-27
-81
-59
-7
-83
-83
-73
-83
-43
-63
-75
-77
-81
-75
-79
-27
-61
-77
-63
-67
-83
-75
-83
-49
-81
-81
-81
-81
-79
-37
-33
-73
-81
-71
-75
-51
-39
-79
-51
-71
-81
-79
-73
-55
-61
-77
-69
-79
-83
-65
-77
-75
-69
-69
-49
-83
-87
-83
-83
-73
-83
-77
-85
-81
-83
-71
-87
-51
-83
-83
-81
-71
-75
-81
-81
-55
-81
-81
-75
-81
-77
-85
-73
-81
-79
-67
-77
-83
-81
-69
-85
-65
-85
-83
-73
-75
-77
-77
-77
-39
-69
-85
-75
-81
-83
-81
-87
-77
-79
-85
-75
-69
-79
-81
-87
-75
-85
-75
-83
-79
-77
-87
-83
-87
-79
-85
-85
-83
-79
-77
-41
-73
-79
-83
-83
-77
-85
-81
-85
-77
-83
-81
-79
-81
-81
-83
-79
-83
-87
-85
-81
-83
-77
-81
-85
-81
-87
-85
-85
-79
-77
-85
-85
-83
-83
-83
-77
-83
-81
-81
-77
-81
-87
-83
-85
-73
-83
-71
-85
-85
-87
-77
-83
-81
-79
-83
-79
-85
-81
-81
-83
-85
-75
-81
-83
-83
-79
-81
-73
-79
-79
-81
-87
-63
-77
-85
-81
-81
-81
-79
-83
-87
-81
-85
-79
-85
-83
-81
-85
-75
-83
-81
-83
-81
-81
-79
-87
-83
-75
-77
-83
-73
-85
-69
-85
-79
-79
-79
-83
-79
-81
-85
-77
-75
-85
-61
-83
-79
-85
-81
-85
-85
-77
-81
-73
-77
-85
-69
-69
-79
-81
-83
-77
-81
-81
-79
-83
-83
-89
-83
-83
-87
-81
-81
-81
-87
-75
-81
-57
-87
-83
-87
-79
-77
-83
-73
-79
-79
-83
-85
-65
-81
-83
-75
-63
-87
-77
-77
-87
-85
-73
-85
-87
-83
-77
-81
-83
-83
-87
-85
-77
-85
-73
-85
-85
-85
-81
-85
-81
-79
-81
-85
-77
-73
-83
-81
-85
-77
-89
-77
-83
-79
-81
-81
-79
-77
-81
-83
-85
-83
-85
-85
-85
-85
-77
-77
-77
-79
-79
-83
-83
-85
-85
-81
-81
-81
-83
-77
-75
-83
-73
-81
-79
-63
-81
-85
-81
-85
-83
-87
-81
-83
-79
-83
-79
-81
-83
-81
-83
-77
-83
-85
-81
-79
-83
-79
-85
-83
-85
-79
-85
-83
-83
-81
-79
-83
-75
-83
-83
-85
-81
-75
-83
-75
-83
-63
-83
-81
-77
-81
-77
-73
-77
-81
-85
-81
-83
-75
-77
-45
-75
-79
-81
-83
-85
-85
-75
-85
-83
-81
-79
-79
-85
-83
-81
-87
-83
-87
-81
-81
-79
-83
-79
-83
-81
-77
-81
-81
-73
-79
-55
-79
-81
-75
-79
-69
-81
-81
-79
-85
-71
-83
-87
-85
-83
-79
-81
-77
-85
-81
-81
-81
-83
-71
-81
-83
-83
-81
-87
-81
-81
-85
-87
-79
-83
-81
-71
-77
-81
-73
-71
-81
-81
-83
-83
-79
-61
-81
-75
-85
-85
-71
-79
-87
-81
-81
-77
-81
-85
-83
-83
-79
-81
-79
-81
-85
-87
-73
-87
-85
-83
-81
-83
-83
-73
-83
-79
-73
-81
-83
-85
-81
-79
-85
-81
-81
-83
-85
-83
-81
-83
-85
-87
-83
-83
-81
-83
-83
-87
-83
-79
-85
-81
-83
-79
-79
-83
-71
-81
-85
-85
-81
-79
-83
-83
-85
-79
-85
-81
-79
-81
-85
-85
-87
-83
-81
-77
-75
-83
-77
-77
-85
-83
-83
-85
-87
-81
-81
-85
-87
-83
-83
-83
-85
-83
-75
-85
-81
-87
-81
-83
-83
-81
-83
-83
-81
-79
-79
-85
-83
-79
-79
-87
-77
-83
-85
-81
-67
-83
-81
-79
-69
-75
-79
-83
-83
-83
-81
-79
-79
-75
-75
-81
-87
-81
-83
-87
-81
-87
-79
-81
-83
-83
-79
-81
-81
-81
-85
-81
-83
-81
-81
-61
-79
-79
-77
-83
-81
-59
-83
-81
-71
-75
-87
-81
-85
-77
-81
-81
-83
-85
-85
-83
-83
-73
-75
-79
-43
-75
-79
-75
-83
-63
-81
-83
-81
-83
-81
-83
-71
-83
-51
-81
-83
-87
-77
-75
-83
-83
-79
-79
-81
-83
-83
-61
-79
-77
-77
-85
-87
-85
-83
-85
-81
-81
-85
-83
-81
-83
-83
-85
-75
-87
-75
-77
-81
-83
-77
-83
-87
-77
-85
-77
-79
-85
-77
-83
-81
-77
-83
-77
-85
-55
-75
-83
-77
-85
-81
-83
-81
-79
-83
-83
-61
-83
-53
-79
-71
-79
-79
-85
-81
-79
-83
-83
-81
-75
-79
-77
-73
-85
-83
-81
-79
-75
-49
-77
-85
-83
-77
-85
-85
-83
-83
-79
-85
-79
-83
-79
-81
-75
-83
-79
-83
-81
-77
-81
-83
-77
-83
-81
-73
-83
-75
-81
-67
-83
-85
-81
-81
-81
-73
-83
-85
-63
-77
-79
-83
-79
-83
-85
-77
-87
-83
-77
-85
-83
-85
-83
-83
-79
-71
-85
-81
-79
-49
-87
-83
-79
-63
-85
-83
-85
-79
-83
-85
-85
-77
-79
-79
-83
-83
-81
-77
-39
-85
-87
-81
-81
-85
-83
-81
-85
-77
-83
-87
-81
-85
-81
-83
-79
-83
-83
-71
-79
-79
-65
-79
-67
-83
-85
-81
-75
-73
-79
-81
-63
-81
-83
-61
-77
-65
-81
-79
-83
-87
-81
-79
-83
-85
-83
-85
-81
-43
-83
-61
-83
-81
-75
-83
-83
-79
-73
-81
-79
-79
-81
-77
-67
-61
-75
-79
-63
-85
-81
-73
-83
-85
-79
-73
-85
-75
-85
-85
-83
-81
-81
-81
-85
-83
-79
-63
-77
-77
-63
-83
-73
-79
-75
-81
-81
-81
-71
-71
-81
-77
-81
-79
-81
-67
-73
-75
-83
-81
-71
-75
-81
-85
-57
-85
-49
-81
-79
-79
-75
-81
-83
-79
-83
-69
-79
-85
-81
-77
-71
-79
-85
-85
-63
-79
-81
-83
-83
-79
-87
-87
-81
-83
-61
-81
-79
-87
-81
-77
-87
-85
-83
-83
-81
-79
-79
-85
-83
-81
-79
-81
-83
-85
-71
-81
-59
-81
-83
-83
-79
-83
-85
-83
-77
-85
-81
-77
-83
-81
-83
-85
-65
-81
-75
-79
-77
-77
-85
-81
-81
-77
-75
-77
-57
-81
-85
-85
-81
-83
-81
-35
-83
-87
-79
-81
-79
-83
-73
-85
-83
-81
-73
-65
-83
-63
-79
-77
-79
-83
-63
-77
-83
-85
-81
-79
-83
-81
-81
-85
-71
-51
-63
-77
-83
-77
-79
-81
-75
-65
-65
-79
-81
-75
-81
-81
-77
-81
-61
-81
-81
-87
-59
-79
-63
-83
-83
-79
-65
-63
-87
-83
-73
-75
-83
-83
-57
-81
-79
-67
-59
-81
-75
-77
-83
-69
-81
-79
-73
-73
-71
-77
-83
-71
-83
-81
-81
-73
-65
-79
-81
-79
-71
-77
-77
-61
-75
-75
-73
-83
-57
-85
-71
-65
-77
-85
-83
-77
-69
-81
-65
-59
-71
-79
-59
-79
-77
-79
-79
-83
-79
-79
-81
-79
-79
-83
-77
-69
-83
-83
-65
-77
-79
-83
-79
-73
-81
-75
-73
-53
-75
-81
-75
-71
-85
-79
-69
-79
-77
-79
-81
-79
-79
-71
-69
-57
-77
-77
-75
-71
-79
-83
-79
-75
-79
-81
-81
-83
-81
-65
-83
-83
-81
-63
-77
-81
-73
-77
-81
-79
-79
-79
-85
-81
-85
-85
-75
-75
-63
-51
-51
-79
-77
-7
-79
-79
-59
-73
-5
-83
-81
-11
-71
-57
-83
-77
-79
-79
-77
-55
-85
-85
-87
-81
-71
-79
-79
-83
-83
-81
-49
-83
-47
-85
-81
-81
-81
-7
-83
-83
-75
-11
-25
-63
-75
-77
-59
-81
-79
-83
-87
-81
-87
-85
-83
-45
-85
-81
-81
27
-81
-75
-59
-81
-85
-85
-85
-79
-85
-87
-87
-81
-87
-85
-79
-45
-83
-81
-73
-75
-87
-85
-81
-83
-77
-77
-85
-85
-81
-85
-83
-81
-63
-81
-83
-81
-87
-75
-85
-85
-79
-77
-81
-79
-85
-81
-81
-85
-79
-61
-79
-83
-79
-79
-65
-87
-81
-85
-87
-87
-83
-81
-81
-75
-73
-79
-83
-45
-81
-57
-75
-71
-85
-81
-83
-77
-83
-79
-41
-75
-79
-81
-77
-83
-83
-61
-65
-73
-79
-77
-67
-79
-55
-67
-59
-83
-29
-59
-83
-45
-75
-39
-75
-57
-65
-57
-21
-53
-63
-79
-77
-57
-23
-59
-85
-81
-47
-73
-35
-47
-25
-69
-33
-59
-85
-25
-47
-55
-33
-83
-23
5
-15
-53
-57
13
1
-5
-11
-7
-11
1
-17
-43
-3
27
-45
-33
-37
-39
-47
7
-1
-1
-29
-1
1
-21
-35
-21
-23
-27
-75
-13
11
-35
25
19
7
-3
-43
1
17
11
-11
7
11
-9
-25
-21
-13
17
-13
23
-73
-37
-35
-21
11
-21
23
-11
43
-43
-19
15
-7
-7
-25
-35
3
3
-11
1
-5
-31
-57
-7
33
-51
-21
-1
-15
-23
23
17
-25
-9
-59
-39
-19
-19
-9
9
-39
-41
17
11
-1
27
-43
-11
-61
-39
-45
-41
-7
-15
-35
-23
-33
-55
-33
-65
-39
-15
-67
-47
-17
-35
-21
-15
-53
-33
-13
-13
-49
-23
-55
-59
-69
-17
-17
-81
-81
-9
-41
-79
-31
-17
-37
-11
-33
-45
-25
-11
-65
-71
-71
5
-31
-19
-83
19
-39
-83
-43
-5
-57
-61
-63
-41
-73
-35
-41
-67
-21
-17
-57
-31
-61
-61
-7
-49
-11
-69
-41
-15
-79
-47
-51
-21
-17
-5
-45
-67
-45
-27
-35
-27
-13
-33
-53
-3
-75
-69
-77
-43
-65
-71
-75
-67
-81
-75
-29
-11
-61
-81
-15
-43
-47
-63
-49
-69
-83
-35
-51
-35
-59
-23
-17
-59
-75
-43
-57
-23
-67
-47
-77
-83
-59
-55
-67
-21
-13
-41
-73
-39
-49
-25
-81
-43
-37
-27
-23
-9
-67
-41
-27
-33
-41
-69
-69
-13
-81
-47
-55
-51
-69
-39
-39
-77
-49
-69
-63
-79
-73
-73
-71
-83
-69
-29
-85
-83
-19
-39
-73
-45
-55
-77
-39
-79
-55
-73
-79
-33
-75
-79
-43
-31
-59
-65
-51
-77
-55
-81
-69
-59
-31
-77
-31
-63
-41
-81
-79
-49
-61
-59
-43
-63
-7
-57
-43
-31
-39
-43
-61
-45
-55
-73
-33
-63
-39
-73
-83
-19
-77
-63
-83
-73
-83
-67
-83
-43
-75
-13
-61
-73
-41
-83
-77
-73
-77
-63
-81
-77
-75
-43
-77
-37
-83
-59
-43
-13
-35
-71
-43
-77
-77
-83
-85
-63
-83
-69
-81
-61
-71
-57
-73
-69
-79
-59
-39
-59
-53
-69
-73
-63
-75
-83
-69
-37
-81
-67
-71
-81
-83
-79
-81
-75
-45
-45
-69
-81
-3
-71
-59
-79
-55
-73
-45
-31
-59
-67
-67
-45
-71
-63
-83
-67
-65
-45
-37
-83
-79
-47
-63
-45
-47
-49
-79
-61
-67
-47
-79
-77
-51
-83
-83
-75
-85
-69
-73
-85
-83
-61
-75
-59
-57
-85
-75
-79
-73
-71
-65
-43
-45
-73
-55
-53
-71
-65
-69
-67
-81
-73
-77
-85
-73
-69
-83
-47
-85
-41
-67
-67
-71
-43
-45
-83
-47
-69
-79
-79
-67
-81
-83
-73
-69
-41
-73
-73
-63
-79
-45
-35
-59
-81
-83
-79
-75
-77
-53
-75
-67
-67
-67
-51
-31
-31
-75
-71
-39
-83
-83
-81
-71
-43
-41
-43
-83
-85
-65
-83
-71
-83
-69
-31
-85
-83
-77
-65
-77
-67
-81
-77
-83
-45
-87
-39
-85
-71
-85
-81
-73
-79
-61
-79
-75
-81
-35
-19
-77
-65
-65
-75
-83
-83
-73
-73
-53
-47
-75
-63
-77
-43
-81
-83
-75
-83
-39
-63
-41
-57
-57
-67
-5
-43
-79
-47
-71
-69
-71
-73
-69
-55
-85
-83
-47
-47
-87
-55
-71
-77
-81
-85
-73
-77
-85
-85
-85
-81
-83
-83
-79
-85
-77
-73
-79
-81
-75
-77
-65
-81
-77
-43
-73
-81
-83
-73
-79
-79
-83
-83
-63
-83
-81
-75
-75
-51
-85
-83
-51
-85
-83
-77
-87
-83
-81
-41
-73
-77
-85
-45
-83
-47
-49
-59
-69
-73
-81
-49
-37
-81
-81
-85
-83
-83
-75
-83
-71
-79
-43
-83
-73
-85
-53
-9
-13
-79
-47
-77
-83
-79
-79
-87
-71
-81
-81
-51
-79
-71
-85
-79
-43
-55
-83
-75
-85
-73
-59
-81
-69
-71
-65
-15
-65
-39
-77
-85
-43
-83
-55
-47
-83
-61
-75
-63
-67
-39
-35
-29
-45
-75
-37
-77
-49
-73
-45
-75
-85
-47
-51
-57
-81
-75
-35
-75
-71
-45
-85
-51
-51
-53
-41
-41
-71
-79
-85
-77
-75
-5
-21
-41
-41
-49
-77
-79
-63
-81
-73
-77
-51
-85
-83
-41
-45
-81
-51
-81
-83
-83
-31
-79
-77
-83
-81
-7
-77
-77
-83
-81
-79
-87
-83
-81
-37
-43
-83
-41
-21
-65
-41
-81
-71
-75
-39
-87
-51
-47
-63
-83
-45
-73
-85
-53
-69
-61
-83
-61
-87
-81
-85
-71
-55
-81
-77
-67
-81
-47
-41
-61
-83
-81
-87
-7
-81
-83
-85
-85
-83
-79
-41
-45
-85
37
-67
-39
-25
-47
-83
-83
-83
-83
-9
-81
-49
-9
-73
69
-81
-75
-41
-15
-79
-79
-79
-81
-71
-43
-79
-75
-43
-45
-71
-83
-51
-9
-85
-87
-55
-87
-77
-53
25
-13
-83
-25
-19
-47
-63
-79
-43
-71
-47
-45
-47
-55
-79
-59
-83
-71
-41
-85
-11
-57
-75
-13
-47
-71
-23
-83
-11
-83
-43
-53
-15
-81
-81
-51
-5
-81
-57
-53
-21
-85
-21
-27
-71
-43
-55
-27
-47
-35
-11
-81
-29
-35
-71
-29
-31
-13
-53
-7
-23
13
-45
-73
-83
-13
-49
1
-41
-5
-81
-23
-45
-47
-77
-35
-43
11
-29
-23
-81
-55
-27
-85
-85
-77
-81
-79
-83
-59
-81
-43
19
-85
-15
-41
-63
-19
-81
19
-7
-85
-61
-39
-71
-11
-41
-85
-51
-11
15
-35
7
-39
-57
-89
11
-29
-85
-3
3
-75
13
-85
-27
-35
17
-1
-33
-79
-37
-75
-13
-79
-83
-83
-79
-77
-75
-79
-83
-23
-69
-77
-83
-87
-47
-79
-81
-87
-79
-77
-21
-79
-87
-65
-85
-81
-75
-43
-79
-79
-73
-83
-87
-85
-85
-87
-81
-81
-83
-87
-83
-83
-83
-79
-79
-73
-79
-79
-63
-81
-37
-81
-79
-79
-83
-79
-85
-79
-37
-73
-81
-83
-79
-79
-83
-87
111
-81
-83
-1
-83
-75
95
-67
43
-43
33
29
-77
-25
103
79
-25
-31
91
-55
-83
-9
-7
9
-13
-41
-71
-81
-75
-85
13
-75
-73
-81
-57
-77
-83
-75
-87
57
-61
-83
-79
-69
17
-7
-17
-75
-25
-75
-83
-83
-79
-79
65
39
11
-85
-49
27
55
11
25
-57
49
55
63
69
1
9
51
25
-73
53
11
-57
15
41
-85
23
-81
-87
-81
-83
35
-13
11
-81
-81
-83
-83
-23
-87
-23
-1
-87
-1
-15
-81
-83
-39
-59
-85
-45
-39
-87
-53
-85
-13
-51
-87
-81
-83
-85
-15
-45
-23
15
11
-73
-71
-15
-23
-79
-41
-85
-85
-85
-15
-79
-85
-79
-79
-85
-85
-83
-75
-87
-83
-77
-85
-63
-79
-85
-85
-85
-85
-87
-81
-85
-87
-11
-85
-41
-83
-59
-87
-55
-83
-85
-81
-85
-81
-81
-61
-81
-31
-5
-17
-85
-81
-87
-81
-5
-85
-85
-87
-23
-45
-83
-85
-85
-85
-83
-87
-83
-85
-85
-81
-83
-85
-83
-81
-83
-83
-15
-9
-83
-77
-83
-51
-85
-85
-81
-81
-83
-89
-81
-83
-87
-85
-21
-79
-83
-85
-59
-61
-85
-85
-83
-85
-87
-83
-83
-83
-81
-85
-83
-85
-83
-85
-87
-87
-83
-87
-81
-83
15
-59
-85
-77
-85
-81
-87
-77
-87
-85
-83
-51
-5
-43
-83
-87
-81
-87
-21
-5
-87
21
-65
17
-25
-87
-81
-11
-27
-65
-33
-23
-83
5
-69
-29
-25
-85
9
-85
-61
-87
-15
-87
-61
-39
-21
-51
-15
-9
19
41
-19
-31
-35
-11
-27
-17
-33
-23
-7
-9
-85
-59
-85
-21
-45
-29
-15
-19
17
-15
-59
-9
-15
-55
-37
-11
-75
-47
13
-79
-19
-83
-35
-35
-11
3
-31
-81
-23
-47
-69
-49
-61
-79
-29
-43
-55
-27
-21
-23
-21
-85
-13
-71
-47
-51
-85
-45
-11
-83
-13
-21
-41
-39
-75
-41
-85
-85
-87
-17
-57
-51
-47
-87
-63
-83
-83
-81
-85
-31
-33
-85
-79
-61
-25
-65
-85
-71
-53
33
-73
-49
-7
-9
-37
-57
-83
-55
-71
-43
-47
-23
-47
-83
-23
-27
-27
-13
-81
-77
-19
-51
-59
-57
-51
-19
-43
-85
-85
-55
-79
-49
-83
-87
-37
-55
-55
-57
-81
-7
-13
-57
-85
-51
-53
-79
-63
-49
-85
-15
-85
-81
-75
-83
-83
-51
9
-85
-83
-35
-47
-43
-79
-47
-61
-35
-55
-17
-57
-9
-85
-27
-13
-43
-19
-53
-79
-3
-15
-85
-87
-31
-27
-15
-49
-25
-51
-33
-55
-49
-83
-83
5
-17
-13
-39
15
-19
-83
-35
-37
-83
-13
-13
-49
-51
-59
-65
-73
-45
-83
-83
-21
-51
-79
-17
-43
-47
-9
3
-85
-19
-33
-33
-53
-23
-41
-49
-51
-55
-17
-85
-83
-39
-33
-61
-25
-83
-27
-33
-17
-7
-39
-27
13
-49
-87
-83
-53
-49
-13
-27
-85
-55
-19
-25
-37
-33
-21
-29
-79
-83
-29
-15
-59
-15
-77
-7
-51
-79
-85
-43
-29
-81
-27
-21
-33
-57
-19
-75
-25
-9
-43
-23
-47
-11
-83
9
-33
-45
-55
-81
-51
-25
-53
-17
-35
-35
-43
-3
-81
-23
-85
-39
-85
5
-45
-53
-85
-83
-29
-79
-37
-33
-31
-59
-41
-55
-49
-65
-35
-87
-77
-63
-61
-63
-25
-81
-77
-51
-85
-31
-61
-81
-37
-85
-77
-85
-55
-77
-53
-33
-47
-61
-87
-79
-83
-83
-63
-61
-61
-41
-29
-59
-51
-85
-49
-21
-59
-85
-87
-55
-81
-83
-55
-81
-31
-85
-81
-41
-85
-27
-29
-21
-31
-27
-75
-53
-83
-57
-83
-33
-45
-53
-79
-53
-69
-33
-59
-31
-53
-55
-81
19
-13
-35
-17
-83
-9
-85
-33
-61
-87
-35
-79
-83
-85
-29
-5
-33
-83
-85
-79
-85
-81
-59
-33
-31
-27
-11
-5
9
1
-57
13
-37
-57
-59
-33
-83
-85
-31
-85
-57
-31
-85
-57
-81
-59
-51
-41
-71
-41
-9
3
-37
-81
-41
-25
-29
-59
-21
3
-85
-51
-39
-49
-81
-55
-73
-37
-31
-55
-63
-53
-39
-29
-21
-27
-31
-61
-83
-75
-59
-71
-31
-79
-81
-17
-7
1
23
-39
-1
-43
-33
-41
-31
-27
-81
-55
-27
-55
-47
-49
-21
-23
7
-25
-27
-19
-31
-41
-27
-67
-43
-37
-81
-75
-23
-65
-57
-63
-27
-41
-31
-35
-83
-37
-35
-63
-57
-7
1
-37
-87
-73
9
7
-83
-23
-53
-39
-11
-53
-73
-85
-5
-43
-19
-27
-85
-73
-3
-61
-59
-59
-85
-23
-27
-29
-51
-81
-83
-65
-7
-29
-79
-61
-67
-9
-21
-29
-63
-63
-83
-27
-53
-67
-53
-53
-17
-63
-21
-79
-65
-73
-35
-81
-11
-85
-41
-63
-35
-61
-59
-73
-59
-61
-41
-73
-59
-83
-57
-49
-43
-83
-17
-73
-59
-81
-57
15
37
-87
-41
-65
-29
-81
-85
-85
-83
-85
-85
-85
-75
-79
-27
-65
-55
-59
-83
-71
-77
-57
-49
7
-61
-57
-65
-65
-63
-63
-63
-81
-33
9
-83
-63
-81
-79
-85
-65
-85
-67
-59
-79
-85
-87
-15
-59
-73
-67
-85
-85
-85
-79
-87
-85
-55
-83
-65
-85
-11
-61
-83
-55
-79
-65
-57
-85
-59
-61
-59
-65
-55
-37
-59
-87
-35
-83
-41
-19
-57
-73
-85
-69
-61
-85
-83
-29
-71
-49
15
-81
-65
-75
-83
-83
-61
-43
-87
-41
-29
-55
-69
-85
-85
-63
-81
-85
-83
-87
-19
-77
-25
-81
-85
-19
7
-87
-37
-85
-57
-85
-33
-87
-57
-33
-21
-83
-45
-63
-17
-85
-55
-81
-83
-65
-83
-3
-87
-77
-63
-37
-57
-47
-51
-79
-59
-41
-21
-23
-65
-69
-87
-71
-81
-43
-71
-81
-79
-57
-49
-45
-63
-57
-51
-47
-55
-81
-81
-15
-35
-85
-85
-71
-83
-23
-79
-83
-63
-55
-83
-35
-83
-71
-85
-71
-57
-67
-67
-87
-69
-59
-81
-65
-61
-61
-83
-17
-61
5
-83
-85
-63
-83
-85
-31
-83
-81
-33
-59
-39
-83
-19
-89
-55
-31
-85
-85
-57
-83
-51
-85
-69
-65
-61
-83
-5
-11
-77
-83
-77
-59
-85
-79
-65
-63
-57
-63
-57
-71
-43
-65
-85
-83
-43
-67
-83
-81
-63
-81
-87
-43
-81
-17
-83
-87
-87
-35
-39
-83
-59
-43
-51
-81
-83
-75
-67
-45
-37
-87
-37
-77
-69
-77
-63
-37
-77
-41
-85
-43
-57
-87
-63
-61
-83
-85
-79
11
-77
-85
-77
-31
-53
-61
-57
-61
-83
-85
-51
-85
-69
-75
-87
-81
-87
-5
-3
-79
-83
-31
-39
-33
-45
-81
-55
-61
-65
-65
-75
1
-87
-61
-17
-79
-65
-39
-61
-43
-87
-83
-65
-3
-7
-61
-45
-43
-87
-77
-45
-85
-81
19
-41
-81
-87
-65
-67
-61
-25
-81
-81
-29
-85
-85
-57
-51
21
-51
-43
-39
-83
-61
13
-73
-85
-39
-65
-7
-83
-81
-61
-79
-65
-55
-27
-77
-41
-11
-37
-13
-85
-85
-85
-43
-83
-85
-87
-45
-39
-61
-77
-83
-85
-79
-61
-85
-53
-83
-63
-77
-57
-53
-65
-65
-3
-83
-83
-79
-85
-61
15
-59
-45
-63
-27
-39
-29
-87
-89
-79
-63
-31
17
-83
-63
-83
-49
-1
-63
-81
-61
-37
-59
-79
-63
-67
-57
-27
-79
-85
9
-41
23
-37
-37
-61
-27
33
-37
-85
-63
-7
-35
-49
-31
-31
-25
-51
-63
-83
-29
-65
-75
-55
-5
-47
-65
-85
-43
-85
-81
-83
-65
-61
-55
-61
-65
-85
-79
-41
-77
-33
-49
-55
-59
-81
-75
-63
-85
-87
-61
-77
-51
-15
-87
-81
13
-9
-57
-29
-67
-59
-29
-83
-63
9
-59
-85
-69
-71
-41
-61
-33
-17
-15
-3
-53
-11
-3
-35
-65
-21
-65
-33
-25
-85
-29
-67
5
-33
-35
-49
-71
-17
-33
-43
-75
-37
-57
-85
-25
-29
-19
-31
-65
-47
-61
-65
-73
-57
-65
-65
-85
-75
-49
-5
-29
-83
1
61
-7
-51
-59
-79
-29
-51
-3
-23
-39
-87
-37
5
-71
-83
23
-51
-75
-63
-51
-57
9
-63
-85
-21
-21
-57
-55
-85
-67
-11
-39
-61
-73
-83
-11
-63
-69
-41
-45
-61
-27
-83
-55
1
-65
-83
-7
-87
-85
-13
-83
-83
-53
-81
-63
-79
-85
-83
-81
-37
-81
-87
-83
-23
-57
-85
-85
-83
-71
-55
-31
-41
-59
-61
-19
-85
-81
-55
-67
-67
-39
-49
-21
-71
-83
-61
29
-7
-53
-83
-71
-27
-47
-39
-65
33
-61
-67
-73
-83
-61
-33
-15
13
-13
-87
-45
-77
-33
-63
-57
35
-23
-35
-85
-31
-71
-75
-19
-61
3
-25
-7
-87
-61
-79
11
-13
-55
-3
-53
-63
-49
-51
-17
-23
-83
37
-39
-81
-61
27
-85
-63
-81
-67
-65
-59
-5
-41
-65
-87
-83
-69
-85
-57
-45
-43
-51
33
-31
-77
-7
-81
-85
-35
-79
-27
-61
-17
-59
17
-29
-25
-15
-29
35
-47
33
-85
-29
-65
-43
-83
-21
13
-37
-11
-19
-83
-53
-33
-27
7
-45
23
33
-25
47
-21
-71
-21
-45
-15
-9
-41
-37
-3
-33
-65
-85
-9
-5
-5
1
-75
11
37
-41
49
-15
-7
-47
-85
-31
5
1
-81
47
-29
-49
-47
51
-31
-7
31
11
25
-85
-81
3
21
-33
15
-23
3
85
-59
-87
-21
61
7
-25
121
-15
-33
-45
7
-17
-25
-81
-21
63
