-15
25
-29
-54
-8
7
3
45
15
-3
24
5
51
27
25
15
-10
9
11
35
12
7
3
-5
18
3
6
8
5
21
25
63
17
31
-3
-29
9
35
57
21
38
22
68
17
-1
45
10
72
64
42
45
55
46
5
57
17
-5
-19
17
-33
-7
7
13
-28
-28
-27
-28
-25
-25
-16
-7
-23
-30
-11
-5
-39
-31
-8
-37
-39
-50
-26
-31
-40
-39
-43
-26
-11
-10
-10
-4
-24
52
25
2
19
19
-19
-10
10
12
43
48
107
64
133
122
81
123
96
50
101
97
21
37
28
45
41
64
7
19
0
49
27
-5
-36
7
46
47
33
84
81
85
38
81
45
-1
32
59
-18
-26
6
6
33
51
39
61
45
36
35
-7
-19
-1
23
-2
50
11
31
11
80
51
29
20
50
-3
23
14
17
-1
18
9
31
-4
0
31
-11
-4
-8
2
-1
-1
9
-1
-12
37
23
11
-12
15
-1
11
-2
-12
30
0
13
41
21
-11
-7
1
-14
3
5
-1
23
3
42
97
65
67
34
27
19
45
23
24
56
-14
8
10
-1
-5
1
-6
-1
-12
-3
15
-28
-32
3
-25
7
-14
29
-9
-1
-1
5
-39
7
14
26
31
16
59
32
63
51
36
90
44
47
85
80
63
62
66
124
84
107
115
109
135
123
100
109
94
106
81
65
86
55
83
39
33
41
67
38
12
53
42
42
52
27
-3
16
19
21
30
44
30
73
49
59
78
48
62
75
106
80
68
81
45
53
87
66
90
57
119
93
99
103
90
99
98
106
117
119
85
100
48
79
91
109
44
70
73
91
93
69
54
53
83
80
98
141
39
85
72
75
53
15
35
6
27
71
66
71
44
69
73
43
46
53
73
41
53
70
30
65
54
61
40
49
57
61
48
52
51
51
66
45
39
71
103
39
95
61
40
39
65
128
86
85
93
98
103
63
33
68
78
46
65
39
48
53
29
17
25
36
51
35
41
8
13
90
30
15
-17
43
27
63
63
56
77
1
29
24
51
7
33
73
22
32
41
19
36
47
52
36
11
3
3
17
7
33
25
23
53
26
38
28
43
36
30
23
36
43
20
35
42
51
13
3
24
24
14
38
10
19
39
16
42
17
25
25
21
9
1
4
0
10
10
21
-9
11
20
17
20
19
12
20
27
60
51
55
53
40
12
28
19
29
31
32
30
19
39
53
25
32
28
31
51
36
14
24
34
28
26
44
34
87
75
49
49
71
75
59
44
49
47
81
58
63
94
76
59
83
74
77
67
79
65
103
50
41
46
43
69
53
53
51
59
58
49
65
45
38
30
1
9
27
15
-4
22
17
10
57
24
31
19
24
33
15
41
32
28
35
7
9
11
13
23
23
19
18
18
9
8
19
28
15
19
13
1
25
23
23
54
51
43
74
35
43
35
72
98
36
46
48
30
31
57
36
47
33
82
53
33
31
47
17
37
53
47
56
49
42
76
59
33
57
49
61
49
36
66
57
57
41
60
19
21
17
52
70
21
42
41
49
44
39
37
72
58
77
51
12
50
57
34
41
43
33
19
26
51
49
57
51
55
57
66
27
64
58
64
71
87
67
47
73
78
41
29
47
53
35
39
59
72
70
71
27
39
41
62
47
59
71
42
38
58
51
51
66
46
35
40
45
55
45
37
41
58
59
43
44
52
54
55
45
39
45
47
38
46
65
63
49
67
42
50
59
43
19
51
52
41
49
35
63
47
41
39
45
59
57
47
45
48
29
35
48
41
61
53
29
40
49
48
45
50
38
92
78
79
50
68
54
35
81
94
69
75
65
56
65
59
51
48
53
62
48
48
69
67
69
57
47
36
47
76
72
59
68
47
63
59
67
102
70
60
40
61
63
64
65
45
61
67
87
51
53
87
89
131
103
79
63
90
88
110
108
90
105
52
33
80
63
60
90
85
30
77
90
50
63
70
75
38
37
55
54
25
45
79
65
53
36
62
59
54
61
34
87
47
38
52
57
53
47
45
59
36
51
42
47
35
30
60
69
53
49
47
36
56
60
49
36
61
38
35
35
74
40
35
43
30
23
33
18
42
43
29
22
25
55
42
66
47
55
41
38
45
42
61
51
45
53
25
29
46
58
90
49
67
69
52
66
47
61
50
41
66
70
88
77
59
68
47
61
86
73
54
41
69
67
75
37
66
84
79
63
72
73
102
83
91
78
79
74
59
49
79
83
87
98
72
107
64
84
73
91
103
74
89
93
111
89
93
91
75
72
81
79
99
79
98
94
79
109
77
95
84
92
72
79
67
61
87
75
86
79
87
73
57
63
79
60
87
65
80
65
55
68
67
77
91
62
78
67
83
88
76
68
84
78
79
88
101
74
87
70
79
80
79
66
67
52
82
73
72
95
63
72
95
89
57
83
47
86
46
70
80
85
79
74
72
63
68
101
63
61
53
97
61
53
49
85
56
30
69
69
52
59
43
64
56
88
123
85
59
75
65
105
76
47
101
87
55
94
76
84
69
25
48
72
79
49
45
55
42
87
46
85
59
83
31
43
85
52
20
61
55
68
41
61
47
57
89
57
49
38
5
41
26
59
17
55
59
43
39
42
83
61
48
63
66
62
29
37
63
42
35
54
52
20
63
57
41
41
31
42
33
53
17
37
35
46
48
53
38
91
56
33
19
53
17
47
46
51
45
55
29
25
28
48
50
39
41
23
37
37
29
8
52
52
52
40
45
23
42
43
29
54
53
15
64
35
55
11
15
33
17
39
31
61
13
36
17
44
45
35
53
27
25
20
42
25
35
42
18
35
51
35
19
49
28
43
21
51
-1
46
18
32
22
33
37
31
11
35
50
46
44
50
68
53
33
42
21
51
22
39
47
42
48
31
45
66
50
31
37
43
39
37
52
37
22
44
38
40
44
66
46
31
51
55
66
23
49
45
53
44
40
61
58
28
35
68
65
41
67
85
51
38
52
39
57
51
39
44
49
56
36
45
56
63
62
65
36
57
34
26
55
43
32
29
37
40
27
50
42
55
31
49
47
36
50
22
38
25
37
48
15
27
38
31
58
40
47
27
27
20
48
32
7
33
50
34
41
47
44
35
29
42
43
56
37
32
50
37
28
21
53
46
61
5
49
26
11
49
56
47
49
17
35
39
26
35
25
32
39
39
27
41
57
9
-1
26
41
55
48
9
53
54
31
27
23
11
41
49
39
17
52
57
31
9
9
39
30
31
-8
10
43
46
23
4
43
43
47
16
36
25
23
15
-1
24
28
18
11
30
22
24
37
-10
-4
19
1
16
31
20
35
3
25
41
39
32
34
40
9
47
29
19
22
27
27
6
27
15
14
22
9
10
5
21
23
26
39
26
25
43
26
23
41
42
53
40
24
42
23
54
39
41
34
32
53
32
29
30
47
37
43
53
15
27
29
35
25
23
35
18
27
28
28
29
27
25
18
42
31
35
30
11
7
28
19
27
29
20
34
30
19
10
23
1
27
27
16
14
14
22
7
32
43
39
35
31
29
43
38
45
14
17
25
13
31
47
20
28
43
19
22
36
58
41
22
19
25
13
19
26
8
35
23
15
26
28
38
39
29
26
8
13
-1
33
16
-1
21
31
11
17
24
18
26
17
47
11
14
7
35
17
7
-7
14
24
22
37
16
25
41
33
23
22
40
26
7
42
20
13
38
-2
12
7
4
17
-5
38
37
18
11
-1
35
30
14
13
26
16
18
4
9
7
15
1
7
-3
3
14
1
28
12
33
15
2
13
26
16
19
37
16
-1
15
0
-1
8
9
16
13
4
7
34
29
23
56
91
73
49
61
33
44
35
23
41
56
29
33
33
32
21
15
45
32
15
16
6
11
14
27
14
24
26
-7
75
5
23
43
16
29
41
27
10
59
8
7
17
52
27
31
26
65
30
47
34
16
34
10
47
45
13
1
57
61
20
73
44
85
2
17
33
15
15
49
35
13
21
12
15
26
49
25
7
12
26
18
21
21
17
37
43
14
61
25
12
19
28
27
49
61
41
45
19
27
39
40
24
47
29
31
31
38
0
16
22
20
35
36
27
31
32
29
37
29
12
41
27
13
21
29
6
25
18
19
18
-3
17
19
2
11
4
21
7
15
15
14
16
19
22
18
47
43
25
57
42
27
19
5
9
28
3
31
23
16
26
14
44
43
37
63
13
35
6
34
51
15
11
29
10
2
9
17
25
-6
28
27
8
19
16
24
23
31
28
18
30
27
67
35
28
21
11
38
36
48
43
34
35
32
30
23
25
43
25
23
19
27
19
28
21
35
18
28
31
37
17
34
35
16
37
27
38
13
23
18
47
38
41
21
30
44
41
40
30
33
0
25
16
13
8
22
24
25
44
45
31
49
38
38
27
49
40
31
34
32
39
32
51
16
41
50
20
41
34
21
36
22
37
11
50
36
27
29
39
32
35
18
52
19
33
42
40
27
32
43
21
55
19
34
24
3
15
10
25
19
35
24
27
20
43
24
23
4
13
27
20
29
7
24
12
24
26
38
24
47
