-59
-36
-42
-59
-59
-47
-11
-37
-29
-57
-65
-29
-31
-67
-24
-67
-45
61
-49
-45
69
5
-33
9
-6
1
39
4
-2
-15
-23
124
-14
-52
-34
37
11
7
-15
-17
67
-29
-40
-25
20
-23
64
-7
3
12
40
22
-1
47
-13
19
33
37
44
54
-23
38
-39
36
-13
23
37
-3
52
55
48
64
38
44
9
43
88
68
41
76
41
78
29
166
-17
107
30
83
41
26
66
109
55
60
2
63
51
39
5
84
6
95
2
35
101
52
8
38
39
43
3
43
22
26
-3
82
39
65
56
90
19
79
62
90
45
55
65
-11
47
62
79
69
77
70
77
67
44
31
56
46
66
38
73
134
110
79
54
57
91
46
22
85
90
45
75
116
66
39
68
24
42
112
129
101
53
116
71
119
81
58
64
34
44
110
76
37
64
114
110
116
94
139
112
56
132
81
92
54
105
-8
76
134
108
98
63
128
76
100
23
84
58
108
95
109
53
97
71
65
118
137
99
97
94
46
98
79
75
122
100
38
-6
105
98
148
129
78
106
286
130
88
140
118
115
128
94
86
101
117
108
126
127
127
71
132
128
126
135
120
113
88
92
130
116
121
94
143
118
105
153
83
128
118
88
113
114
145
108
112
86
107
70
47
143
145
81
99
144
45
101
111
103
110
98
83
65
114
118
246
81
85
168
95
54
105
98
80
66
186
73
51
129
131
71
100
76
139
150
113
38
124
66
140
122
124
118
111
154
63
236
125
126
123
121
79
166
78
156
100
90
153
125
74
128
62
24
120
62
89
134
167
92
60
90
127
139
59
120
95
108
144
128
154
125
95
114
101
305
96
117
141
73
51
135
35
122
88
81
163
78
106
62
43
95
133
51
85
76
129
52
107
38
125
101
80
107
127
62
96
85
74
109
108
-10
84
102
65
112
70
59
123
87
91
135
77
109
118
68
118
84
129
60
99
90
110
49
107
111
124
62
80
162
104
86
131
83
100
130
103
126
82
78
120
112
38
37
78
72
91
84
76
126
63
123
97
109
75
120
125
105
116
91
101
97
93
56
76
87
105
129
123
108
134
116
48
119
115
52
127
98
93
102
97
83
98
52
111
104
48
61
88
141
70
84
66
87
66
103
119
128
146
132
132
148
58
141
127
148
104
81
108
154
106
19
105
83
60
85
99
79
102
142
143
107
117
98
99
104
118
71
112
85
110
124
70
71
120
55
74
110
105
134
121
84
124
120
92
80
113
114
108
104
122
144
71
159
158
90
125
115
82
100
128
112
83
86
114
53
130
151
114
127
76
49
89
144
127
79
121
69
123
122
98
135
121
85
89
137
156
110
137
109
123
132
105
114
127
122
49
108
156
116
154
106
72
139
77
117
108
125
86
133
118
161
124
124
89
113
97
140
134
97
85
137
116
56
122
134
63
91
82
138
102
115
75
116
68
114
131
137
149
97
134
89
89
110
105
92
177
146
165
67
140
115
100
93
104
74
79
28
135
46
93
101
96
166
73
75
125
117
140
96
97
97
146
105
134
121
120
73
113
134
111
105
88
172
132
189
144
110
118
116
102
90
115
122
144
150
119
125
144
124
137
193
135
146
117
106
56
128
42
74
87
128
204
115
58
155
109
67
81
95
117
49
158
172
114
129
118
92
105
111
130
143
58
97
77
75
145
94
107
135
136
159
97
150
79
112
107
111
118
143
106
102
127
126
131
96
69
131
102
102
75
111
46
127
86
87
65
107
130
128
85
120
106
104
105
141
69
56
122
114
153
104
127
54
104
83
122
132
172
129
128
93
103
105
93
133
103
88
105
51
99
59
130
106
78
102
66
150
134
142
69
109
125
129
119
83
121
116
91
34
112
73
137
103
90
101
139
106
102
97
107
117
83
79
80
131
153
123
115
94
137
75
155
139
82
122
133
121
138
126
117
84
102
17
122
86
149
129
126
160
86
68
102
89
105
134
105
113
34
135
125
155
121
115
124
99
148
114
86
137
105
89
115
134
86
97
111
119
111
94
105
129
123
169
113
122
102
107
127
129
110
144
139
116
123
140
77
121
81
63
131
130
29
142
105
118
85
153
138
87
95
158
110
161
110
148
80
80
90
164
119
90
136
155
111
125
137
158
131
160
79
99
78
162
132
130
104
143
114
151
87
78
126
115
110
80
190
185
113
63
126
118
64
123
84
178
128
117
56
158
98
135
91
160
131
135
132
76
91
124
157
136
141
90
70
105
62
116
111
135
94
152
102
136
133
96
79
159
98
37
71
48
89
125
163
143
111
77
113
153
148
107
110
235
105
82
97
127
91
63
51
128
62
87
133
119
104
112
142
137
97
116
129
110
