-55
-52
-34
-64
-63
-73
-63
-56
-76
-40
-69
-33
-52
-36
-36
30
-9
-42
-42
-49
-13
-37
-36
37
-50
-64
-73
-24
-55
10
-19
-27
46
18
-22
47
42
-11
-15
7
8
24
38
61
9
-43
-42
-21
-11
-27
-29
-11
-11
-13
-2
-9
46
2
39
15
75
251
-25
125
29
-24
28
6
-30
24
39
52
11
29
29
99
1
17
78
91
92
13
44
53
24
2
-5
55
-11
51
82
121
61
86
50
82
29
15
111
125
36
35
38
71
102
155
30
88
61
0
71
75
35
66
57
61
68
100
50
74
89
37
95
94
95
89
73
87
77
100
115
101
119
56
108
95
90
55
37
19
95
84
-13
78
58
106
28
71
102
84
41
78
80
69
57
73
74
101
93
139
61
126
132
36
110
77
74
91
120
51
14
138
128
63
63
78
45
92
56
121
17
86
111
77
92
101
131
83
130
148
106
55
74
112
41
104
112
133
166
95
79
146
40
60
112
82
91
126
64
87
118
139
65
3
103
117
50
31
38
91
118
51
21
91
55
146
55
105
96
77
71
77
135
86
102
106
51
80
21
62
149
78
16
112
14
135
94
73
91
100
69
75
142
31
46
72
98
108
69
91
86
102
59
97
129
88
74
111
61
69
78
92
101
125
101
36
106
79
85
120
137
8
111
61
103
63
97
97
21
57
68
81
136
99
62
88
118
110
123
105
46
83
126
116
97
95
153
86
245
126
132
152
96
80
-1
88
78
188
136
133
143
111
88
105
128
38
112
130
109
130
108
98
72
81
108
80
92
65
120
38
87
107
77
128
76
77
87
61
86
119
32
124
40
117
69
65
54
72
91
111
87
59
102
43
132
70
117
85
96
102
65
108
54
115
84
51
134
30
144
54
82
74
65
139
72
97
118
91
132
80
98
121
133
85
112
94
77
107
82
163
117
128
139
91
82
89
72
110
83
90
37
78
75
48
59
135
74
114
118
80
103
87
117
87
66
121
120
98
112
134
120
91
104
64
105
98
27
85
119
55
64
107
107
98
150
105
104
97
137
105
70
139
90
74
92
87
83
11
84
74
120
80
126
124
92
110
61
98
65
95
129
96
87
105
130
132
150
91
80
116
93
93
90
147
95
97
110
100
91
77
88
138
55
97
95
126
119
140
113
103
130
91
79
115
123
32
8
58
109
61
124
113
53
82
74
121
77
111
103
108
124
81
78
106
18
88
136
41
89
47
106
94
97
74
63
113
67
42
76
113
86
46
116
111
54
60
66
266
79
43
15
36
126
47
98
53
83
43
-4
41
43
4
26
86
80
57
116
51
102
27
130
138
28
114
91
110
60
93
108
124
90
45
113
37
101
119
95
104
45
123
46
111
76
109
66
67
116
51
100
133
51
89
92
92
93
107
98
126
126
140
66
120
107
62
100
102
108
74
19
69
84
67
152
94
101
75
131
109
102
107
90
89
134
87
123
120
57
72
95
140
125
97
70
91
30
98
115
122
106
97
79
79
112
89
142
107
98
130
60
110
59
108
101
140
137
123
56
123
138
70
58
103
59
59
87
141
66
88
101
52
131
42
299
39
84
82
134
132
187
41
80
58
97
72
95
82
129
62
78
49
91
113
87
67
78
73
92
72
85
73
50
77
48
109
90
77
69
88
71
111
80
75
99
78
50
86
101
80
72
79
80
155
101
66
70
112
43
97
135
88
76
85
41
83
125
96
123
98
80
64
106
95
132
89
76
119
64
118
58
102
49
79
106
118
108
112
162
102
91
125
103
80
109
148
109
130
78
126
150
129
88
296
152
119
74
95
85
133
100
77
140
93
88
115
130
90
106
83
118
143
137
71
128
71
137
54
117
84
83
88
36
107
70
133
133
160
104
176
78
106
49
228
61
52
93
65
47
92
98
89
66
75
107
106
95
56
96
86
81
152
62
46
146
102
96
56
100
79
42
39
158
145
75
90
81
56
-5
83
86
76
138
115
131
89
101
118
33
120
78
81
58
98
95
169
77
43
97
87
119
88
107
85
101
112
147
45
115
85
70
123
153
112
100
98
131
98
121
120
35
108
101
89
194
87
94
102
97
225
90
220
95
121
113
84
21
110
50
117
65
114
104
69
107
77
57
138
84
115
154
60
54
86
93
105
57
104
74
22
104
116
116
72
88
65
115
78
35
77
74
183
144
139
107
169
143
52
131
89
120
93
143
84
91
108
64
121
95
85
129
105
128
94
29
114
53
98
138
70
50
88
20
110
92
57
113
141
149
143
159
82
62
38
120
46
68
54
66
109
87
71
80
47
96
125
104
65
78
83
86
177
132
130
125
151
148
105
36
128
88
144
65
113
126
176
70
82
110
105
221
138
114
133
139
133
109
114
107
98
110
105
175
154
93
98
140
119
131
104
110
129
83
112
85
95
101
81
117
149
141
65
129
79
120
89
117
122
102
179
85
90
156
81
104
90
58
63
106
149
99
