-22
-47
13
-64
-48
-51
-30
-57
-19
-10
-14
-18
-35
-6
3
6
16
68
18
-18
-29
-10
25
45
-25
-14
55
3
-10
22
84
55
-11
3
63
57
36
62
1
61
39
34
86
33
6
-20
8
24
-29
-14
58
13
28
46
33
27
-25
-33
48
3
50
73
62
-12
99
-22
-6
51
42
72
67
7
70
-25
34
13
16
65
104
69
97
61
82
39
63
142
81
68
58
-4
29
55
102
-9
138
70
57
55
36
29
100
63
117
24
51
87
-27
26
57
-17
41
64
54
89
-3
60
0
0
50
13
-46
28
82
71
87
41
102
75
130
86
56
82
115
95
85
8
69
31
94
67
79
29
53
29
26
81
83
42
53
71
82
38
29
83
61
71
60
106
84
25
72
99
77
86
57
119
59
47
78
87
48
48
87
117
71
107
103
70
111
49
95
51
104
102
49
82
78
145
100
-8
53
53
60
76
39
89
110
94
85
110
15
127
113
85
15
76
83
99
30
137
58
91
34
82
66
60
89
71
67
123
113
115
80
118
108
74
83
99
68
95
104
63
85
68
80
123
78
71
105
150
87
116
123
84
119
73
101
96
53
29
97
93
-2
69
140
89
-4
48
83
91
40
35
101
33
52
92
138
104
46
61
56
80
133
110
43
110
78
54
100
77
75
46
89
-3
89
27
39
90
80
128
102
63
119
63
103
80
54
82
44
55
53
47
60
81
62
159
43
87
106
52
46
47
108
114
115
74
82
63
79
67
114
93
94
94
86
83
55
115
122
120
138
102
91
162
159
81
153
129
116
64
49
92
119
116
107
120
41
46
69
75
81
145
91
81
80
159
121
141
96
79
63
149
66
116
147
70
139
110
86
151
160
81
77
93
81
99
139
115
61
58
100
139
124
83
92
91
123
81
122
127
96
94
136
42
30
118
90
123
99
62
102
106
120
90
97
117
88
82
122
89
104
82
105
88
96
126
79
55
101
96
99
57
118
68
130
76
75
119
102
104
100
94
125
99
104
149
38
76
94
46
109
140
128
92
146
124
99
125
228
48
168
120
43
47
88
50
86
97
41
148
104
39
91
99
129
143
187
77
121
170
5
106
83
66
104
124
126
59
84
90
129
105
76
55
67
129
73
78
83
102
103
116
92
85
78
104
94
151
136
134
118
100
125
105
108
72
104
80
69
90
38
116
103
40
136
128
75
112
88
95
75
61
90
62
112
51
20
108
119
63
106
97
95
30
109
96
112
158
100
105
92
153
99
130
81
94
80
66
98
101
62
113
113
132
84
104
146
116
94
121
125
89
74
2
72
92
118
71
116
73
67
72
91
69
100
94
127
73
107
93
75
78
74
121
94
116
86
61
77
73
111
-11
107
91
112
98
88
96
64
131
100
83
69
50
83
89
74
106
30
51
88
59
59
67
126
79
70
89
38
52
78
81
116
158
117
92
96
120
102
110
77
123
99
86
87
107
117
98
130
130
125
125
146
118
119
124
106
96
103
114
95
19
118
77
127
92
80
111
76
95
109
107
145
150
148
78
124
84
70
95
66
60
134
140
112
124
105
109
239
142
79
112
143
101
11
104
78
142
106
141
117
81
100
115
78
37
75
90
100
148
105
124
103
130
126
51
50
104
101
96
93
45
112
33
122
122
110
106
112
97
49
139
64
84
45
150
66
109
123
94
81
98
107
110
102
128
86
78
118
113
101
97
70
114
129
143
57
139
75
90
81
131
96
147
21
98
103
145
87
101
87
20
102
140
124
65
136
72
88
76
72
79
114
101
116
135
135
52
98
98
128
112
102
85
141
83
120
75
98
89
95
94
78
115
110
97
98
126
76
112
114
88
108
106
81
135
123
81
73
88
144
75
130
144
127
155
69
69
102
94
97
110
163
118
28
127
93
23
90
86
130
118
45
74
117
113
108
103
107
126
206
99
132
-19
79
98
105
81
112
90
134
76
106
114
46
99
26
113
135
135
146
139
150
116
58
127
131
112
69
95
123
61
94
117
7
43
125
152
108
85
102
71
106
60
105
35
58
99
96
71
139
103
98
108
128
48
101
99
112
104
86
131
90
137
147
134
46
127
102
59
89
149
146
149
88
64
146
65
139
92
128
150
80
81
119
57
124
133
110
82
77
89
126
115
75
121
49
133
92
105
107
96
102
73
104
88
66
65
94
58
73
119
113
102
98
154
87
79
114
80
121
77
127
129
81
94
55
146
248
121
116
99
101
67
110
123
74
119
123
127
148
109
108
150
135
100
106
127
81
102
49
72
118
90
84
112
84
54
125
87
142
45
131
75
59
106
99
126
88
138
46
93
116
9
108
99
134
96
98
150
57
11
89
164
94
124
127
170
107
91
109
115
92
116
143
169
118
74
145
51
88
65
140
105
112
148
63
120
38
67
112
101
85
102
137
122
95
92
101
76
105
85
107
88
70
94
84
