-15
31
-39
-55
-15
-11
-3
-29
65
41
-29
-71
-61
-41
-77
-67
-37
-57
-79
-45
-51
-31
-75
-77
-69
-33
-41
-49
-67
-17
-15
9
-43
-1
13
-61
-53
-63
-73
-45
-31
-61
-37
-51
11
45
-65
-35
-13
-13
39
9
15
-15
-75
-85
-75
-81
-73
-75
-69
-63
-17
-63
-31
-73
-61
-55
-43
-75
-49
-81
-75
-63
-53
-35
-57
-23
-81
-63
-77
-77
-71
-87
-75
-61
-35
-51
37
-19
-35
-59
9
-3
-35
-61
-55
-63
-65
-63
-5
99
107
301
73
287
203
61
289
63
107
211
239
25
-29
41
85
103
121
53
151
119
169
21
-49
-49
-13
251
17
-61
-15
159
183
61
65
163
-59
-3
55
5
-41
-19
7
43
5
33
-13
3
3
51
-37
-41
65
123
3
19
21
13
-31
93
97
75
43
13
-69
-57
-19
-23
11
-19
-35
-57
-63
-61
-77
-71
-73
-75
-71
-81
-81
-69
-71
-57
-31
-17
-11
-51
-1
3
23
-25
-25
183
145
75
85
109
-3
-43
-27
-21
-1
-17
-55
-59
-59
37
-31
-55
-55
-63
-35
-51
5
-49
-41
23
-43
-25
-41
-53
-1
-29
-49
-15
-27
-19
-61
-77
-73
-75
-65
-35
-57
45
-1
-9
1
17
-45
71
49
29
13
7
-13
9
23
51
51
69
-9
53
-29
29
43
53
23
89
41
135
99
105
89
145
103
119
243
233
87
137
105
47
79
61
185
121
109
107
105
79
83
149
149
83
39
65
137
91
133
141
51
239
163
149
185
105
113
187
203
213
121
219
201
105
91
117
57
89
221
159
197
119
175
157
113
161
267
165
129
243
107
229
175
241
165
145
247
175
209
93
133
167
225
125
171
241
111
129
125
207
133
119
177
119
173
129
195
225
115
235
237
153
215
231
253
151
193
219
131
219
237
215
167
101
185
147
141
191
135
151
169
195
77
193
441
171
287
159
151
215
217
169
113
193
147
173
257
133
117
107
207
89
165
175
233
189
105
71
119
131
151
159
205
73
117
287
63
117
45
79
47
155
101
93
159
93
97
91
101
55
77
153
63
59
91
109
107
99
119
203
117
87
117
117
83
145
69
89
81
67
83
71
69
117
83
107
129
85
85
73
151
165
69
75
83
117
53
151
73
87
121
97
111
77
93
61
165
139
81
89
77
145
67
79
57
65
93
53
111
67
51
103
45
147
113
103
81
105
65
131
71
87
75
87
101
53
101
91
69
113
101
85
115
61
55
81
113
153
55
107
91
151
107
51
75
123
197
61
107
75
35
89
97
97
53
105
111
115
125
113
121
131
97
157
97
59
67
103
107
87
89
65
69
87
69
77
51
187
135
71
67
91
141
61
121
55
103
133
97
67
87
77
87
59
85
111
89
103
93
73
75
101
157
67
47
107
75
93
135
103
129
57
97
81
69
59
107
129
67
101
135
109
75
65
87
107
157
73
89
117
81
75
127
89
83
115
159
149
107
91
129
99
99
161
125
183
145
119
181
119
121
145
105
83
71
113
173
163
167
163
95
117
75
53
139
153
87
71
133
121
137
147
153
125
79
133
127
89
119
137
137
137
105
99
39
99
127
141
123
145
105
93
131
101
193
105
115
175
141
91
133
121
119
117
47
81
73
93
61
53
107
69
105
97
85
59
87
101
81
117
85
103
81
45
65
113
45
77
121
117
85
57
81
93
79
117
109
81
155
121
83
81
115
113
83
93
87
127
125
87
99
93
123
63
121
71
47
99
55
125
55
93
93
101
83
123
89
149
69
39
95
65
129
83
101
163
93
111
87
131
121
129
73
79
117
97
131
123
61
153
101
115
149
139
97
107
125
91
61
57
93
135
71
75
139
105
169
135
81
135
77
109
115
113
119
65
55
129
127
87
91
123
89
41
23
97
115
117
107
127
111
103
51
43
99
99
159
127
83
117
77
89
111
103
103
73
57
57
73
21
63
97
131
75
89
149
57
31
57
81
57
43
45
35
61
35
41
15
33
31
17
73
39
35
41
43
47
69
63
61
37
57
29
53
37
57
27
37
15
23
11
73
77
67
23
45
43
41
19
55
59
51
69
67
57
15
27
19
47
29
49
35
77
103
43
67
13
51
39
119
55
29
79
85
41
69
95
103
71
107
41
71
65
37
185
171
149
119
51
71
43
157
99
47
157
159
141
119
45
213
71
115
171
117
127
105
167
137
113
37
147
129
161
73
151
115
189
103
165
61
127
73
169
199
87
173
89
163
119
123
105
143
97
111
151
91
121
81
141
97
143
109
127
95
117
71
131
55
135
127
141
163
117
105
155
167
75
61
123
93
157
167
147
121
143
87
115
59
75
67
157
63
105
105
57
99
101
115
133
91
151
81
139
173
95
135
77
107
171
117
149
93
139
97
85
137
139
111
157
67
133
77
149
157
115
75
85
143
61
67
61
189
95
143
15
129
121
109
69
109
153
289
165
185
149
209
121
133
51
161
195
7
257
161
211
165
59
163
133
81
299
107
203
245
117
191
45
63
305
235
123
155
189
257
171
9
151
229
101
93
93
47
103
115
83
273
109
213
117
73
265
121
55
133
137
245
95
207
139
179
275
263
205
119
3
137
115
237
95
255
225
173
115
127
293
131
259
273
271
263
145
203
241
149
165
207
241
125
279
273
233
169
143
205
129
265
77
191
123
211
261
253
165
337
281
195
131
195
101
213
203
225
271
141
163
157
149
189
247
183
193
99
181
105
157
37
169
199
195
159
183
89
99
99
133
177
157
67
199
157
175
35
73
163
71
135
127
197
55
127
65
181
141
145
145
123
105
7
137
127
149
153
137
137
139
151
99
137
69
251
69
147
33
97
77
71
117
141
145
177
69
175
193
251
177
155
293
213
179
187
125
267
133
163
173
149
205
209
183
227
245
135
149
121
191
179
169
175
49
207
161
169
171
197
171
81
193
205
241
91
179
123
181
199
129
187
149
87
157
145
195
191
185
227
203
35
193
181
163
205
69
135
167
121
115
171
223
231
213
189
131
177
163
147
215
169
129
91
135
195
119
133
163
205
167
185
179
101
147
107
163
107
105
125
73
91
127
93
101
5
79
103
77
105
147
91
-17
99
157
155
195
183
149
119
97
149
145
219
139
143
145
149
111
73
167
129
125
33
235
117
33
151
179
209
201
83
65
173
91
119
-7
129
117
121
55
175
173
3
-13
97
127
177
165
-25
151
183
147
131
73
41
157
111
145
113
175
143
147
-5
53
89
131
107
-35
113
179
157
119
33
207
163
181
85
163
177
167
127
33
151
159
119
125
159
149
89
177
9
39
179
51
137
153
117
163
47
155
133
153
101
143
161
29
129
83
121
119
101
69
73
133
97
49
97
59
73
65
119
73
125
189
121
91
177
33
83
87
143
145
121
115
175
99
123
149
129
95
147
169
121
101
93
155
119
123
139
111
115
133
141
175
105
193
105
185
125
153
147
179
113
101
161
159
177
139
61
17
153
133
139
129
161
155
137
127
37
169
-3
177
145
93
95
77
115
87
191
223
169
153
125
145
213
135
211
89
109
87
83
165
175
135
151
191
127
171
187
211
203
97
75
81
85
137
135
75
109
93
85
115
115
187
207
147
89
89
81
59
141
75
29
93
73
77
113
163
113
65
89
187
47
157
77
155
173
69
29
63
145
133
181
121
165
223
133
105
133
169
115
93
207
93
59
177
9
123
51
33
131
9
151
189
55
39
23
159
153
57
51
155
49
93
9
27
33
109
15
49
25
43
101
11
117
75
145
41
43
87
115
61
85
157
99
51
67
75
55
61
31
59
69
43
67
123
123
145
239
477
409
255
225
123
145
101
79
185
165
151
223
201
145
47
103
139
207
77
53
45
45
33
189
71
159
109
35
327
67
93
221
55
89
181
133
49
273
49
23
129
181
149
177
123
295
127
157
149
53
189
53
245
157
59
79
197
301
127
335
217
317
53
33
121
45
123
263
153
41
145
71
39
53
201
63
61
65
147
41
63
135
65
133
167
27
139
123
69
33
75
37
175
157
87
127
81
65
133
87
101
139
73
77
79
107
91
57
47
25
89
117
91
47
73
107
95
115
41
149
49
49
59
85
65
43
73
113
85
53
109
115
43
59
47
107
81
71
91
57
75
49
75
77
167
75
77
185
75
61
89
81
113
95
45
133
95
47
65
69
125
121
79
143
61
141
67
57
123
89
41
29
79
99
85
147
119
77
101
109
33
147
71
123
125
93
119
101
99
63
199
113
61
91
91
137
121
107
107
99
105
59
113
111
149
99
59
105
95
131
115
155
83
103
115
103
117
107
101
123
131
101
169
115
129
85
105
123
177
123
159
75
119
147
145
133
143
151
111
113
121
119
41
145
173
151
149
111
161
185
103
143
105
113
151
129
151
173
141
145
187
115
171
177
81
105
183
71
143
29
123
83
157
139
117
143
159
127
185
81
203
127
105
177
131
113
101
163
121
187
63
193
89
13
135
51
145
73
123
149
135
149
137
135
143
7
121
133
157
181
67
159
131
113
77
165
155
137
