-15
37
-39
-45
-33
-3
-29
-41
-45
-57
-43
-33
-29
-35
-15
-41
-49
37
33
21
-37
-43
13
-47
-25
-67
-5
-47
-41
-67
-57
-41
17
41
13
-17
135
123
115
-49
-31
-11
43
-3
9
-23
65
179
131
157
129
89
159
41
77
35
-51
-61
-15
-77
15
-1
25
-69
-17
-43
-23
-21
-29
-19
15
47
-21
19
65
-29
43
115
73
9
1
61
81
-9
-5
-7
19
29
61
45
119
-19
87
121
71
235
127
7
79
133
103
63
125
201
93
139
155
173
283
219
127
109
25
39
-5
61
109
21
81
33
41
49
65
85
43
-69
-35
-61
-61
-71
-69
-7
-13
-13
23
13
7
47
-9
7
-41
7
47
45
105
55
103
79
105
83
19
33
37
99
71
39
95
217
159
227
49
65
45
29
-17
-9
93
85
43
73
149
81
63
45
133
65
77
67
57
77
83
83
69
83
93
77
97
29
137
69
159
109
109
139
33
97
179
71
65
69
129
59
65
101
45
185
85
133
297
259
129
111
83
75
133
135
123
187
-9
47
13
47
31
19
-77
-77
-77
-73
-51
-85
-71
-75
-85
-77
-53
-51
-65
-65
-83
-55
-71
-77
-73
-55
-77
-69
-15
25
-29
-67
-55
-65
-75
-67
-65
13
17
-37
-61
-33
33
51
3
3
89
83
-17
17
-55
47
39
-13
49
37
185
41
15
7
191
157
71
199
139
123
69
55
33
57
31
39
43
33
25
25
47
65
1
37
29
11
241
39
29
103
83
53
165
129
167
69
111
139
113
97
83
99
109
69
17
45
41
7
7
53
27
57
-39
-23
-29
49
89
87
45
71
11
87
65
83
63
49
37
-37
-9
-83
-57
-69
-79
-57
-79
-63
-85
-71
-85
-79
-73
-83
-71
-53
-79
-59
-71
-81
-83
-83
-79
-83
-83
-67
-71
-83
-85
-81
-77
-85
-73
-81
-73
-83
-79
-73
-73
-65
-83
-75
-79
-79
-83
-77
-83
-71
-75
-81
-75
-81
-75
-75
-69
-77
-87
-83
-83
-81
-65
-69
-85
-79
-81
-71
-81
-81
-87
-85
-63
-73
-77
-73
-63
-83
-63
-59
-69
-81
-75
-69
-75
-83
-81
-77
-63
-61
-59
-47
-79
-73
-79
-75
-77
-73
-63
-79
-61
-69
-75
-85
-85
-81
-73
-77
-83
-73
-87
-79
-73
-83
-73
-83
-85
-83
-73
-61
-83
-87
-53
-69
-75
-69
-71
-67
-83
-75
-83
-87
-83
-75
-57
-55
-81
-85
-49
-73
-63
-79
-51
-79
-85
-69
-85
-85
-47
-85
-67
-75
-87
-67
-51
-71
-61
-85
-71
-75
-77
-51
-83
-77
-85
-69
-73
-71
-73
-81
-77
-83
-85
-77
-73
-81
-83
-55
-79
-85
-73
-75
-75
-69
-83
-85
-67
-71
-71
-49
-83
-85
-83
-61
-69
-51
-73
-69
-69
-85
-47
-65
-67
-65
-75
-57
-51
-51
-81
-85
-71
-73
-57
-51
-53
-51
-47
-51
-81
15
-29
-5
-47
7
1
-17
-1
23
7
-29
-59
-49
-47
-43
-81
-5
-3
-53
-25
-75
-59
-75
-15
-71
-69
-67
-83
1
-71
-59
81
-23
-51
121
1
11
-13
47
31
27
71
5
3
-5
31
7
31
-21
11
-51
-55
-75
-11
-55
-15
-51
-75
-19
-35
-5
-85
-81
-31
-51
27
-45
-37
-27
-23
-53
-65
-59
15
-37
-83
-27
17
-9
-87
5
-83
-53
-57
-67
-67
-65
-25
1
-53
-87
-57
-19
-63
-49
-67
-85
-51
-73
-3
-77
-39
-51
-9
-19
-85
-49
-41
-43
-63
-47
-9
-1
-83
5
-17
-83
-83
-81
-43
3
-53
79
17
-59
-5
-81
-19
33
-1
1
5
-19
-13
-23
-13
13
-19
-23
59
-7
-11
5
-13
13
-17
-21
37
13
-33
9
3
-1
3
-9
-35
-31
-9
-21
7
-3
9
45
7
11
-15
5
-23
-27
45
57
27
11
15
7
-11
-15
-19
-19
7
-21
59
75
-21
9
-3
-17
5
-3
-41
-31
-9
-7
3
-19
-5
-19
103
75
105
-13
47
5
33
9
39
63
1
29
41
23
9
7
5
-3
-15
-23
-29
13
-35
-13
5
-7
3
-9
17
15
15
-7
39
1
29
105
107
107
89
57
117
31
17
15
-3
-21
-3
93
81
95
109
43
133
85
167
69
109
117
155
175
57
59
47
29
49
67
37
39
21
39
71
31
61
75
107
113
111
77
61
105
35
109
111
49
107
31
155
125
81
63
57
125
105
49
89
33
115
57
137
123
5
99
81
27
75
-5
133
143
63
79
119
61
97
125
135
85
115
91
97
31
105
89
95
73
83
51
67
67
65
17
47
33
55
27
49
55
63
89
59
69
57
31
101
45
29
61
77
69
57
101
63
41
55
93
43
93
63
43
57
75
73
59
85
65
59
43
49
71
79
93
105
51
71
57
61
31
61
35
65
57
81
59
77
61
65
83
59
53
49
45
69
55
75
99
61
89
89
95
79
91
99
59
75
61
67
73
79
73
77
35
77
77
71
57
85
71
81
95
177
33
81
95
55
97
77
65
85
61
99
77
81
103
75
65
105
107
89
49
141
99
71
77
87
83
59
109
87
79
63
85
75
119
109
91
53
123
79
67
103
63
77
85
47
79
59
101
79
69
71
69
73
93
85
75
63
145
65
55
79
91
81
85
77
69
101
39
73
37
95
99
77
73
69
63
101
37
81
77
47
83
55
67
71
75
67
69
73
95
99
75
103
93
81
69
63
77
71
101
47
81
81
67
47
85
55
77
73
67
55
111
93
81
69
59
79
71
97
63
61
67
89
21
49
57
61
83
91
49
103
51
85
81
55
79
83
59
59
59
63
61
83
67
79
33
75
79
77
69
77
93
79
61
45
35
81
65
59
35
65
79
85
45
81
59
97
67
65
55
79
47
75
69
61
65
55
101
65
65
69
73
47
53
77
105
75
107
47
79
53
87
75
81
99
79
65
91
57
47
127
79
79
77
67
69
57
57
101
55
35
63
67
71
69
93
41
61
83
61
77
69
75
61
61
65
79
43
59
85
33
77
101
73
59
67
109
49
57
87
63
85
83
111
103
69
79
33
71
99
75
101
51
57
63
91
87
65
45
83
63
81
79
95
55
59
67
73
83
83
61
63
71
39
83
83
115
65
47
79
95
105
85
105
71
83
103
67
107
71
87
41
105
27
71
55
87
75
73
61
91
61
71
85
63
49
55
49
81
47
51
75
45
77
59
91
69
83
65
91
61
43
79
81
65
49
113
85
55
89
91
89
91
53
85
67
73
57
73
57
65
81
87
69
79
73
111
97
47
79
85
29
85
71
53
33
71
71
63
65
75
81
71
75
87
87
55
61
87
71
81
95
67
73
83
97
93
37
49
81
79
85
73
63
71
83
63
79
99
59
65
83
71
67
77
35
49
67
63
65
91
59
147
43
45
73
81
43
75
63
77
39
63
87
75
75
77
85
55
99
41
41
77
73
47
57
59
51
77
71
83
87
63
67
49
57
91
83
63
67
65
111
117
57
57
55
61
79
83
75
79
53
73
87
71
77
73
89
85
95
89
49
75
111
115
31
57
67
105
83
77
51
51
59
79
61
63
65
37
77
81
87
93
89
81
71
67
71
57
101
71
65
101
71
69
125
71
105
33
85
81
91
37
91
77
91
59
77
71
65
83
45
71
85
79
71
73
65
55
85
91
85
71
101
79
63
75
57
103
77
59
81
63
111
69
65
55
77
91
73
51
69
71
117
95
95
71
67
99
79
87
69
99
59
75
173
59
61
105
75
69
73
139
85
89
73
77
47
57
69
67
119
75
79
95
63
83
87
69
107
49
53
41
93
95
77
79
89
79
57
59
75
129
75
99
93
19
51
87
47
65
55
103
57
41
87
67
79
55
99
71
73
77
71
27
83
87
83
85
87
57
45
57
67
47
79
49
113
65
35
79
69
69
91
67
117
71
61
73
69
55
63
65
81
39
67
87
81
63
93
77
65
85
85
75
63
115
93
43
131
69
39
95
77
51
89
87
103
57
101
85
67
67
73
51
117
81
101
91
89
75
77
91
55
61
97
57
61
153
71
83
83
77
89
75
63
75
37
89
55
65
35
75
77
89
83
79
95
69
111
77
59
51
77
83
63
65
95
61
89
75
95
75
49
103
81
83
43
65
65
61
67
55
145
29
83
65
45
53
57
83
93
39
83
61
97
57
131
65
67
95
97
91
35
55
121
71
59
125
65
45
55
93
79
95
89
77
87
91
35
69
97
77
61
61
63
69
87
57
69
89
93
93
77
69
101
65
81
83
63
101
65
113
93
77
83
63
81
43
61
81
25
73
47
53
101
91
71
73
61
77
75
85
53
73
45
53
79
73
77
89
101
77
89
73
67
81
79
73
49
79
85
87
49
105
67
47
79
65
85
87
47
83
113
63
59
85
97
111
57
81
89
29
45
101
93
83
75
51
57
91
97
119
75
71
57
45
83
67
77
71
65
95
77
49
69
55
47
77
35
71
67
69
95
57
95
55
59
55
71
75
85
103
73
75
67
87
57
71
35
97
89
73
97
75
73
71
91
51
79
33
65
81
79
97
61
59
57
71
67
69
85
85
61
65
109
55
89
73
75
63
85
75
73
75
85
33
69
89
67
89
63
75
49
115
77
97
89
107
93
59
105
79
55
89
65
89
63
91
105
69
73
73
33
77
69
73
77
77
79
95
67
75
55
85
51
85
99
89
53
87
67
63
55
79
49
87
89
41
61
67
111
113
65
49
69
93
87
73
77
61
65
77
89
63
133
53
59
67
83
93
95
91
57
87
113
83
69
83
61
51
47
53
75
79
59
107
73
81
69
51
95
77
47
103
77
81
61
75
95
67
93
107
103
85
73
129
67
111
85
69
65
81
65
95
83
63
45
77
117
53
63
93
41
75
67
53
75
83
99
41
73
75
103
89
79
85
37
51
39
55
81
83
83
91
69
49
45
67
71
85
87
89
77
75
83
77
45
67
31
79
73
71
95
81
71
65
77
81
99
59
31
89
85
67
33
37
73
79
83
125
79
57
57
41
81
43
81
73
95
43
53
75
63
53
45
101
79
57
93
111
59
77
67
63
57
55
83
59
87
83
95
121
57
111
71
53
93
73
81
59
135
111
131
115
115
105
19
117
43
85
65
63
93
91
89
77
55
61
71
31
65
57
51
157
51
93
57
125
81
51
41
71
81
85
69
77
39
69
53
73
47
77
65
51
71
95
99
119
81
91
115
141
81
95
137
61
73
67
85
87
73
67
65
49
81
65
95
43
79
129
65
95
73
73
93
83
77
39
65
67
199
59
89
25
75
57
121
47
67
63
77
87
69
63
63
85
99
77
93
89
97
57
45
59
63
73
75
137
39
67
85
75
79
85
77
59
81
77
69
45
91
67
49
81
83
99
79
85
97
79
73
41
79
55
73
63
71
65
81
73
81
83
61
67
67
93
101
97
67
151
129
103
33
91
61
55
69
59
71
83
145
125
113
163
91
97
61
95
55
35
109
121
139
103
65
99
125
35
79
73
51
75
69
75
69
77
127
75
75
55
81
77
99
119
91
63
49
65
85
57
167
95
71
81
97
81
45
61
149
49
67
107
95
99
111
85
85
57
55
65
119
117
69
53
101
75
97
105
57
135
83
71
67
79
99
129
61
113
75
55
41
71
101
119
95
45
89
51
85
75
93
83
45
115
111
57
139
129
57
137
121
69
75
55
127
61
79
79
99
63
93
59
73
107
165
43
77
71
101
85
135
87
115
105
83
91
111
169
87
83
161
75
73
67
151
47
109
73
77
119
61
99
95
71
49
81
105
113
85
119
49
91
49
39
77
95
73
79
79
75
83
53
111
95
63
79
41
37
93
65
45
45
63
77
51
131
61
213
123
51
29
145
51
179
111
89
113
171
49
77
191
77
27
75
71
81
73
61
129
73
65
73
57
93
63
51
63
53
41
75
87
85
77
23
67
69
61
53
93
71
51
77
63
65
79
41
85
87
37
85
81
51
77
43
69
63
75
71
71
97
83
41
69
225
187
149
39
499
61
65
73
57
53
71
85
53
59
85
57
87
99
49
77
41
93
99
131
129
119
103
73
45
39
93
25
83
45
39
43
153
65
9
111
7
39
37
205
61
33
69
35
11
55
-3
85
91
47
43
33
67
69
43
61
57
15
45
59
77
29
-27
19
37
53
39
67
139
301
309
171
311
31
33
123
43
45
-15
91
101
131
43
177
97
67
79
9
85
