-17
17
-13
-55
25
59
23
147
49
11
125
93
265
91
15
53
13
7
-43
-37
-29
-49
25
-35
49
-21
5
125
121
109
47
183
-13
59
23
-51
-59
-21
-17
-11
49
57
89
91
-43
73
85
79
85
-17
-1
-53
-47
-19
85
3
99
67
137
49
37
77
107
77
9
61
53
7
57
103
119
35
61
89
71
-31
-45
-17
-61
-15
-45
-35
-57
-43
-19
-63
-17
-33
-27
-23
-9
85
277
43
77
33
129
85
39
61
-57
-49
1
-39
-53
-41
-25
-59
-71
-63
-53
-55
-35
-39
-79
-63
-59
-65
-39
-37
-71
-61
-19
-5
27
-33
-33
-29
127
53
183
23
163
67
49
5
-31
-45
-21
19
19
-25
-49
-15
139
91
89
107
9
-11
-29
-29
-41
-39
-61
175
31
31
37
83
163
127
83
321
173
237
91
121
47
109
-31
177
49
61
169
11
11
15
21
-1
19
9
35
-55
137
155
81
61
13
-45
-63
-45
-77
-63
-47
-35
-55
-53
-55
5
-5
-17
-5
27
93
15
-43
-33
85
79
195
75
47
11
23
-15
-3
15
-39
-55
33
11
-23
21
43
35
33
63
67
7
-29
69
-9
-53
1
35
29
-9
39
43
17
53
9
111
51
123
111
111
135
71
67
59
89
111
169
37
-49
53
-19
29
65
109
107
145
249
73
99
53
3
59
37
15
27
43
-3
-23
-1
-5
39
-11
-21
-59
-73
-51
-61
-61
-55
-63
-79
-41
-49
-79
-69
-71
-75
-67
7
-55
151
79
39
61
69
-15
-69
-27
-17
-21
165
103
71
75
37
127
95
135
145
117
145
139
77
119
63
47
197
127
85
125
145
133
67
61
73
25
51
27
79
147
23
53
57
-7
23
47
37
-19
5
41
25
29
43
23
31
-7
-15
43
25
-1
51
27
33
53
-13
49
45
53
43
37
17
25
69
7
23
21
59
99
-19
-27
67
65
51
17
21
49
-1
69
79
79
11
7
55
55
35
61
25
11
31
71
23
-9
49
7
61
53
59
59
39
43
71
27
-55
51
27
11
105
33
7
-39
5
-35
35
-11
1
47
-7
-15
-43
-29
-5
-1
33
-47
-27
3
-43
-9
11
-3
-9
19
45
-27
-19
-37
-25
-33
-7
-13
-23
-17
-33
-65
-17
-57
-27
-53
-47
-41
-17
-53
-33
5
-29
-47
19
-31
-5
-7
1
-27
-35
-29
-25
-13
-23
-31
-35
3
-7
11
-5
-17
-47
-15
-13
-13
-29
-31
-25
-15
-39
-5
-11
-25
-15
-3
-45
-1
29
13
-31
-11
-5
37
65
71
-11
-5
37
-11
73
5
93
101
57
37
85
213
79
141
93
79
115
107
71
131
101
135
65
75
123
133
91
103
139
169
57
15
25
87
85
57
45
111
51
57
59
117
123
71
53
35
17
7
-23
-51
1
-3
-11
27
-25
-15
11
-13
17
-17
7
-31
-21
-15
-39
-31
-15
-43
-15
-41
-31
-47
-15
5
-45
1
-39
3
-13
11
-27
-21
-7
-13
-37
-25
-15
-33
-45
9
3
5
21
-19
-59
-21
-35
-1
-11
-33
3
-55
-1
3
19
-35
-29
-43
-57
-23
-29
-53
-65
-15
-35
-5
-53
1
-15
17
-21
-55
-15
-43
-17
-15
13
-35
-47
-47
-43
-11
-41
-61
-39
-27
-53
-71
-33
-43
-83
11
-17
-59
-17
-65
-67
-23
-65
-47
-47
-21
-39
11
-21
11
-33
-9
-17
-67
-27
-11
-7
-19
-25
-23
-17
7
-1
-13
-9
-41
-43
-27
-37
-31
-19
-21
15
-29
-61
-39
-29
-27
-31
-39
-65
-71
-15
-37
-35
7
-73
-67
-45
-17
-27
-15
-31
-25
17
-33
-39
-31
-63
-35
-7
-15
-73
-29
-37
-5
-7
1
7
-49
-17
-59
-25
5
-15
-55
-67
-67
-15
-15
-77
-13
-33
-47
-33
-21
-5
-13
-29
-33
11
-55
-81
-33
-41
-37
21
-59
-25
-37
-61
-41
-19
-65
-21
-65
-17
-47
-35
-75
-35
-41
-19
15
-33
-13
-29
-7
-9
-5
-35
-53
-55
-37
-83
-25
-35
-29
-39
-15
-25
-53
-7
-15
-43
17
-47
-65
-49
-27
-35
-55
-49
-15
-17
13
-53
-13
-43
-43
-41
5
7
-65
-9
-9
-39
-3
-17
-29
-51
41
-23
-51
-41
-13
1
-45
-31
-21
-17
-41
17
-71
-23
-55
-37
-21
-21
-11
-17
-73
-15
-33
-51
-39
-29
-29
-33
-35
-19
-63
-41
-59
-69
-45
-47
-57
-47
-17
-41
-15
-53
-21
-25
-29
-43
-19
-45
-31
-19
-49
-15
-47
-25
-39
-41
-41
-63
-51
-59
-83
-51
-15
-9
-15
-23
15
-47
-57
-23
-61
-47
-17
-53
-27
-45
-53
15
-23
-23
-55
-63
-79
-25
-39
-49
-45
-39
-13
-5
-39
-17
-23
-47
-45
-63
19
-17
-51
11
-41
-33
-39
-35
-45
11
-39
-7
-51
9
-15
-71
-45
-49
-5
-31
-33
5
-3
21
73
13
-23
-79
-61
13
21
25
69
43
23
33
-45
55
47
47
33
25
81
7
63
29
39
41
49
41
51
87
59
57
59
27
35
21
31
23
27
51
51
17
63
47
125
-19
37
59
45
-7
47
55
21
53
25
51
21
53
25
63
29
51
49
-1
45
45
49
19
61
73
51
13
35
55
29
61
-1
27
57
59
83
57
41
45
27
61
35
49
59
59
21
93
29
45
55
67
69
75
59
11
121
43
29
47
69
59
15
37
57
51
41
17
37
17
17
17
27
43
51
83
65
15
57
15
29
23
51
41
23
53
49
77
65
13
29
51
61
29
67
7
67
49
13
-1
47
37
67
49
1
73
9
41
77
57
71
-29
57
55
95
-77
-63
33
61
-3
13
-7
41
55
7
-11
35
47
-25
-79
25
-77
-33
-69
-77
-77
-77
-7
-65
-67
-35
15
43
-79
-43
-5
-69
-75
-85
-19
-77
-71
-75
-81
-73
-77
-21
-83
-41
-79
-85
-37
-21
-43
-57
-75
-71
-81
-5
-79
11
-85
-81
-77
7
-83
-71
-79
-41
-81
37
-77
-85
-77
-73
-77
-81
-41
-77
-85
-15
-81
-85
-81
-77
-77
-85
-71
-9
-75
-77
-77
-75
15
-85
11
-39
-71
-77
-75
-75
-79
-79
-75
-81
-77
-73
-85
-75
-77
-79
-79
-85
-85
-35
-83
-67
-75
-83
-79
-73
-77
-77
-83
-39
-77
-87
-77
-75
-83
-69
-81
-77
-85
-75
-83
-81
-71
-81
-83
-81
-71
-3
-81
-81
-77
-83
-79
-79
-79
-75
-83
-83
-85
-81
-79
-81
-75
-81
-81
-81
-81
-67
-77
-77
-81
-81
-69
-87
-79
-81
-83
-83
-81
-53
-79
-79
-81
-79
-75
-71
-81
-83
-83
-79
-79
-77
-83
-83
-83
-85
-81
-81
-73
-81
-77
-73
-81
-79
-77
-83
-81
-87
-81
-79
-81
-81
-83
-73
-77
-85
-81
-79
-83
-79
-83
-83
-73
-83
-79
-79
-73
-83
-83
-79
-81
-77
-81
-75
-75
-81
-83
-83
-77
-81
-77
-81
-79
-77
-81
-81
-85
-81
-75
-79
-71
-77
-77
-83
-83
-77
-73
-75
-81
-73
-85
-75
-81
-85
-81
-79
-81
-81
-81
-85
-83
-81
-79
-81
-77
-83
-83
-81
-81
-75
-69
-83
-79
-81
-81
-75
-81
-81
-79
-83
-87
-85
-65
-81
-77
-83
-83
-83
-83
-83
-79
-75
-79
-79
-79
-81
-81
-79
-81
-83
-81
-81
-81
-75
-79
-83
-77
-79
-77
-81
-77
-83
-83
-81
-79
-81
-83
-81
-83
-81
-83
-77
-83
-83
-81
-83
-81
-83
-83
-79
-79
-79
-81
-83
-79
-81
-81
-79
-81
-77
-71
-79
-81
-85
-77
-79
-83
-79
-79
-83
-81
-79
-81
-77
-81
-77
-77
-79
-83
-75
-81
-83
-79
-81
-81
-81
-81
-75
-79
-79
-83
-79
-79
-85
-79
-77
-81
-81
-81
-81
-79
-83
-81
-77
-81
-83
-81
-85
-81
-69
-85
-81
-77
-75
-79
-83
-79
-83
-81
-73
-85
-73
-81
-73
-79
-83
-83
-81
-81
-79
-83
-81
-79
-81
-79
-81
-83
-83
-79
-75
-79
-79
-77
-79
-79
-79
-79
-83
-83
-75
-79
-79
-77
-83
-81
-83
-71
-79
-79
-79
-81
-85
-73
-83
-79
-79
-81
-85
-81
-77
-81
-77
-79
-79
-79
-83
-75
-79
-81
-79
-73
-83
-85
-83
-79
-73
-85
-83
-81
-75
-79
-81
-77
-85
-77
-79
-77
-79
-79
-75
-81
-81
-77
-79
-81
-81
-77
-85
-75
-77
-81
-81
-79
-77
-81
-83
-83
-85
-85
-77
-83
-81
-83
-85
-75
-79
-81
-81
-81
-83
-75
-81
-79
-79
-77
-81
-81
-79
-75
-85
-77
-81
-77
-77
-81
-83
-85
-77
-77
-83
-81
-81
-83
-81
-83
-81
-81
-83
-67
-79
-79
-77
-77
-81
-79
-81
-83
-75
-81
-83
-83
-81
-83
-85
-79
-77
-75
-83
-81
-81
-79
-81
-83
-83
-79
-81
-81
-79
-77
-77
-77
-83
-75
-83
-81
-83
-77
-73
-79
-79
-77
-87
-79
-79
-79
-79
-83
-77
-85
-75
-81
-81
-79
-83
-81
-83
-81
-79
-81
-83
-83
-77
-81
-79
-83
-81
-83
-81
-69
-79
-77
-83
-83
-81
-83
-83
-73
-85
-83
-83
-79
-83
-79
-79
-71
-79
-81
-79
-69
-83
-77
-79
-81
-81
-81
-79
-79
-81
-81
-73
-79
-79
-75
-77
-79
-77
-79
-83
-79
-81
-83
-85
-81
-79
-81
-75
-81
-81
-79
-85
-81
-79
-83
-77
-81
-75
-83
-77
-79
-81
-81
-83
-81
-79
-83
-79
-83
-81
-79
-83
-83
-77
-83
-81
-81
-81
-81
-81
-79
-83
-81
-79
-83
-81
-79
-83
-81
-77
-83
-77
-83
-77
-83
-81
-81
-79
-83
-83
-79
-83
-81
-83
-81
-75
-79
-81
-83
-83
-81
-83
-81
-81
-83
-83
-79
-83
-75
-73
-79
-81
-81
-83
-81
-75
-79
-79
-83
-85
-77
-79
-85
-77
-75
-83
-83
-75
-81
-79
-81
-87
-79
-79
-83
-73
-81
-81
-83
-83
-81
-81
-85
-79
-83
-79
-83
-81
-81
-85
-79
-83
-83
-81
-83
-83
-81
-77
-83
-81
-83
-77
-83
-77
-77
-87
-81
-83
-77
-77
-83
-81
-83
-79
-77
-79
-85
-81
-77
-81
-77
-75
-81
-81
-77
-83
-81
-83
-81
-85
-75
-77
-81
-83
-87
-83
-79
-81
-83
-79
-71
-75
-79
-69
-79
-81
-83
-77
-79
-81
-77
-81
-79
-85
-81
-77
-81
-79
-83
-77
-79
-83
-79
-77
-73
-81
-83
-79
-81
-83
-79
-79
-83
-79
-81
-79
-77
-79
-79
-83
-83
-83
-79
-77
-85
-83
-85
-77
-83
-79
-77
-75
-79
-79
-83
-79
-75
-77
-75
-75
-77
-75
-79
-83
-79
-81
-77
-79
-79
-85
-81
-81
-81
-81
-83
-77
-81
-83
-85
-79
-83
-79
-79
-83
-85
-77
-79
-77
-81
-81
-85
-79
-81
-87
-83
-77
-77
-85
-83
-79
-73
-83
-77
-83
-83
-81
-77
-81
-83
-79
-75
-81
-81
-79
-79
-79
-85
-77
-83
-77
-77
-79
-83
-83
-79
-83
-79
-83
-77
-81
-81
-81
-77
-85
-79
-81
-87
-77
-81
-79
-77
-83
-81
-81
-79
-83
-83
-79
-81
-81
-85
-75
-81
-81
-75
-79
-77
-79
-79
-77
-83
-83
-83
-81
-81
-85
-81
-79
-77
-83
-83
-77
-75
-77
-79
-77
-81
-83
-79
-83
-77
-83
-83
-79
-81
-83
-79
-81
-79
-83
-83
-79
-81
-83
-79
-79
-81
-79
-77
-83
-83
-75
-85
-81
-85
-83
-83
-81
-85
-79
-81
-81
-81
-85
-75
-81
-85
-81
-77
-83
-79
-83
-83
-79
-81
-77
-81
-77
-79
-81
-81
-83
-81
-77
-79
-73
-87
-81
-81
-75
-81
-79
-75
-79
-75
-79
-79
-83
-81
-79
-83
-79
-79
-77
-81
-81
-69
-79
-83
-81
-79
-83
-79
-79
-85
-83
-83
-83
-77
-81
-77
-79
-79
-79
-81
-81
-81
-79
-81
-77
-85
-77
-83
-83
-83
-77
-79
-83
-73
-81
-83
-79
-79
-75
-79
-83
-81
-83
-83
-83
-77
-75
-73
-79
-81
-81
-83
-83
-81
-83
-83
-81
-85
-81
-77
-79
-81
-81
-79
-81
-79
-83
-79
-81
-79
-75
-83
-77
-83
-79
-79
-83
-83
-79
-79
-83
-81
-81
-81
-77
-79
-81
-83
-81
-81
-79
-81
-75
-83
-81
-83
-81
-83
-77
-71
-77
-85
-81
-79
-83
-83
-81
-79
-77
-83
-77
-83
-75
-83
-77
-85
-79
-83
-81
-77
-81
-83
-79
-81
-83
-83
-83
-79
-73
-83
-75
-77
-75
-79
-79
-81
-77
-77
-83
-85
-83
-79
-81
-81
-83
-85
-77
-79
-81
-83
-81
-79
-79
-75
-81
-81
-83
-81
-77
-81
-77
-79
-81
-79
-79
-81
-83
-81
-83
-83
-81
-81
-73
-79
-79
-79
-77
-83
-79
-83
-85
-77
-81
-79
-75
-83
-83
-81
-87
-75
-79
-83
-73
-79
-81
-83
-79
-75
-77
-77
-81
-81
-81
-81
-81
-79
-85
-83
-83
-79
-81
-77
-79
-79
-75
-83
-79
-85
-79
-81
-87
-77
-85
-81
-81
-83
-81
-79
-81
-81
-81
-73
-79
-77
-83
-83
-81
-75
-83
-73
-79
-81
-81
-85
-79
-75
-83
-81
-83
-77
-83
-79
-81
-81
-81
-81
-83
-81
-83
-79
-83
-83
-81
-81
-83
-79
-81
-77
-85
-77
-79
-81
-79
-85
-79
-83
-79
-81
-83
-85
-83
-79
-83
-81
-77
-79
-77
-79
-83
-81
-81
-81
-79
-77
-81
-81
-83
-77
-83
-81
-79
-83
-77
-83
-85
-83
-79
-81
-83
-83
-83
-83
-75
-79
-83
-81
-85
-81
-81
-81
-79
-81
-79
-83
-77
-83
-81
-75
-79
-81
-81
-81
-79
-83
-83
-83
-83
-83
-77
-79
-85
-83
-81
-83
-81
-83
-81
-85
-77
-81
-83
-85
-75
-79
-81
-81
-77
-83
-77
-75
-79
-83
-83
-79
-83
-83
-79
-85
-79
-83
-79
-83
-83
-77
-83
-85
-83
-79
-79
-81
-83
-81
-81
-79
-81
-81
-77
-81
-81
-81
-81
-79
-79
-79
-81
-79
-85
-79
-83
-77
-83
-73
-81
-81
-83
-77
-81
-79
-83
-83
-79
-83
-83
-79
-77
-81
-85
-81
-75
-81
-81
-83
-77
-79
-85
-79
-77
-83
-83
-77
-81
-75
-77
-75
-81
-79
-79
-85
-83
-85
-81
-85
-79
-77
-83
-77
-77
-77
-81
-71
-83
-81
-83
-85
-81
-81
-79
-83
-73
-81
-81
-81
-81
-75
-77
-69
-83
-83
-81
-79
-81
-77
-81
-81
-83
-77
-77
-81
-79
-79
-81
-81
-75
-81
-79
-83
-85
-83
-83
-81
-77
-87
-81
-81
-79
-83
-75
-81
-83
-79
-77
-85
-79
-83
-85
-79
-75
-79
-81
-81
-73
-77
-79
-79
-81
-83
-85
-83
-83
-77
-79
-83
-79
-79
-73
-77
-83
-85
-81
-83
-81
-81
-79
-77
-83
-75
-83
-77
-83
-81
-81
-81
-81
-79
-77
-85
-85
-75
-83
-77
-87
-75
-81
-83
-81
-83
-83
-75
-79
-79
-81
-83
-75
-79
-81
-81
-81
-83
-79
-83
-81
-81
-79
-73
-75
-79
-77
-71
-83
-77
-79
-77
-73
-79
-81
-85
-77
-81
-83
-77
-81
-77
-79
-79
-83
-81
-83
-79
-77
-79
-87
-79
-71
-81
-77
-77
-87
-81
-81
-79
-81
-83
-75
-81
-85
-79
-79
-73
-77
-79
-79
-81
-71
-83
-79
-73
-81
-71
-81
-75
-73
-77
-77
-75
-79
-81
-73
-79
-77
-79
-73
-79
-77
-77
-81
-77
-79
-85
-77
-77
-87
-79
-77
-71
-75
-73
-73
-83
-77
-67
-77
-77
-75
-81
-77
-81
-73
-79
-79
-79
-79
-79
-77
-77
-77
-79
-81
-79
-83
-71
-79
-79
-79
-77
-79
-79
-77
-83
-81
-77
-77
-79
-79
-81
-79
-79
-77
-79
-83
-69
-77
-79
-77
-81
-85
-71
-79
-81
-81
-79
-79
-79
-81
-75
-77
-75
-79
-81
-79
-75
-77
-77
-67
-79
-79
-79
-79
-77
-75
-71
-83
-71
-81
-81
-75
-79
-77
-71
-81
-77
-85
-77
-79
-83
-73
-79
-81
-77
-77
-77
-73
-77
-73
-75
-81
-77
-81
-75
-79
-83
-77
-77
-73
-81
-71
-77
-79
-73
-77
-77
-77
-81
-81
-69
-77
-79
-79
-75
-79
-67
-79
-69
-79
-81
-77
-81
-81
-77
-77
-81
-77
-75
-71
-75
-71
-79
-69
-79
-73
-81
-79
-79
-79
-75
-73
-79
-81
-81
-73
-69
-77
-63
-81
-79
-79
-79
-81
-79
-79
-81
-71
-77
-79
-71
-81
-73
-77
-79
-79
-77
-79
-71
-73
-73
-79
-75
-67
-79
-81
-65
-71
-79
-81
-65
-77
-77
-79
-71
-75
-75
-73
-83
-77
-81
-77
-73
-81
-75
-79
-71
-77
-79
-63
-65
-71
-73
-71
-79
-63
-65
-79
-77
-75
-75
-55
-83
-77
-81
-77
-71
-81
-77
-69
-67
-77
-81
-65
-63
-77
-75
-77
-67
-79
-69
-79
-81
-75
-77
-75
-77
-61
-77
-77
-63
-83
-77
-77
-77
-77
-67
-79
-79
-71
-75
-81
-79
-77
-71
-63
-77
-59
-81
-71
-81
-77
-61
-77
-73
-83
-67
-71
-75
-69
-55
-67
-71
-75
-81
-71
-75
-79
-75
-59
-71
-77
-73
-77
-59
-73
-69
-77
-73
-73
-79
-67
-65
-57
-79
-61
-69
-77
-61
-67
-79
-69
-73
-81
-67
-73
-79
-79
-71
-53
-63
-69
-79
-81
-85
-69
-77
-75
-55
-69
-77
-69
-67
-73
-83
-71
-69
-73
-69
-75
-77
-75
-67
-67
-67
-61
-75
-67
-55
-75
-73
-67
-69
-57
-69
-63
-53
-73
-77
-71
-75
-57
-73
-61
-61
-67
-65
-53
-69
-71
-69
-73
-47
-47
-75
-61
-53
-67
-63
-41
-69
-43
-63
-59
-67
-75
-71
-75
-77
-67
-67
-73
-53
-67
-33
-69
-63
-69
-69
-75
-71
-75
-63
-53
-61
-69
-53
-61
-61
-65
-65
-63
-75
-73
-73
-61
-67
-47
-67
-71
-79
-51
-75
-59
-65
-63
-55
-59
-59
-45
-57
-69
-25
-63
-53
-79
-65
-61
-67
-75
-69
-73
-71
-41
-57
-75
-57
-71
-63
-63
-57
-69
-57
-57
-65
-55
-67
-53
-57
-57
-69
-5
-59
-63
-45
-65
-61
-59
-71
-57
-71
-71
-71
-75
-73
-57
-73
-59
-75
-69
-51
-63
-67
-63
-61
-55
-55
-59
-55
-59
-73
-73
-45
-73
-69
-65
-71
-71
-77
-71
-71
-61
-69
-63
-67
-75
-57
-67
-63
-69
-21
-61
-49
-63
-73
-43
-63
-57
-65
-79
-47
-29
-57
-55
-39
-69
-47
-75
-55
-69
-67
-67
-67
-63
-51
-67
-53
-69
-69
-69
-27
-73
-63
-59
-15
-69
-73
-69
-77
-67
-51
-61
-51
-77
-23
-65
-59
-45
-55
-69
-65
-57
-55
-69
-61
-49
-71
-69
-59
-71
-49
-75
-75
-67
-69
-75
-57
-57
-69
-59
-57
-71
-69
-77
-59
-69
-73
-65
-57
-79
-75
-75
-65
-69
-77
-77
-63
11
-71
-71
-37
-61
-67
-43
-71
-67
-71
-59
-67
-67
-77
-75
-57
-73
-53
-67
-57
-59
-77
-63
-65
-59
-67
-71
-53
-55
-71
-69
-49
-21
-77
-69
-73
-49
-75
-65
-61
-61
-51
-73
-47
-65
-63
-45
-47
-65
-53
-75
-63
-71
-25
-51
-83
-75
-57
-61
-57
-69
-61
-69
-79
-67
-73
-65
-67
-71
-77
-67
-75
-75
-57
-61
-67
-67
-13
-69
-55
-75
-17
-49
-69
-43
-47
-65
-69
-67
-69
-55
-65
-63
-73
-55
-69
-73
-75
-57
-67
-83
-59
-79
-73
-73
-53
-67
-63
-73
-61
-73
-61
-59
-45
-77
-71
-61
-69
-77
-51
-59
-75
-79
-61
-77
-61
-77
-65
-73
-71
-67
-71
-75
-67
-79
-73
-61
-75
-67
-67
-55
-59
-65
-63
-75
-71
-69
-57
-71
-81
-49
-75
-69
-63
-63
-69
-77
-77
-69
-73
-63
-67
-59
-63
-47
-65
-69
-77
-69
-65
-61
-77
-63
-47
-67
-67
-77
-71
-65
-61
-65
-71
-71
-63
-63
-79
-55
-73
-73
-75
-65
-45
-69
-69
-67
-79
-71
-75
-51
-75
-7
-77
-75
-69
-49
-73
-51
-53
-55
-77
-59
-61
-57
-45
-71
-65
-69
-57
-59
-51
-59
-65
-67
-37
-73
-71
-83
-55
-71
-51
-67
-77
-75
-43
-61
-75
-55
-75
-63
-63
-47
-71
-71
-55
-57
-49
-83
-61
-65
-77
-61
-63
-67
-59
-73
-37
-69
-39
-55
-55
-73
-73
-59
-59
-59
-63
-73
-57
-69
-59
-65
-71
-59
-59
-69
-37
-69
-49
-57
-69
-53
-39
-77
-79
-35
-73
-39
-65
-65
-65
-65
-75
-65
-77
-65
-73
-53
-71
-49
-61
-49
-63
-55
-53
-53
-47
-45
-31
-27
-59
-45
-41
-35
-59
-57
-67
-39
-69
-31
-61
-61
-57
-77
-53
-49
-3
-71
-69
-29
-71
-61
-29
-53
-59
-69
-65
-15
-47
21
-35
-45
-27
-31
-47
-77
-61
-33
-25
-69
-53
-25
-53
-61
-37
-61
-57
-17
-69
-55
-51
7
-45
-37
-63
-47
-47
-53
-49
-53
-59
-27
-37
-47
-35
-61
-37
-53
-55
-25
-67
-17
-55
-31
-61
-63
-71
-51
-15
-47
-47
-45
-23
-75
-53
-71
-31
-59
-61
-61
-39
-59
-33
-47
-43
-25
-47
-29
-43
-49
-63
-51
-29
-29
-35
-47
-43
-23
-35
-41
-59
-1
-41
-67
13
-31
-17
-11
-25
-33
-25
-65
-1
-57
-65
-43
11
-43
-19
-39
-29
-31
-47
-27
-55
-9
-59
-27
5
-53
-31
5
-21
-45
-33
-47
-71
-33
-67
-59
-57
-31
-47
-51
-45
-11
-33
-33
-21
-45
-85
-47
-33
-29
33
-39
-43
-45
-61
-45
-61
-13
-35
-37
-63
11
-23
-37
-55
7
-25
-25
-29
-33
-33
-31
-43
-41
-1
-37
-39
-75
-51
-83
-65
-27
-33
-29
-49
-7
-23
-39
-41
-35
-37
-1
-29
-39
13
-51
-19
-21
-41
-31
-35
-61
-29
-29
-43
-35
-37
-23
-57
-43
-39
-43
-81
-31
-63
-29
-49
-63
-35
-55
-55
-35
-35
-19
5
-75
-61
-33
-51
-53
-53
-1
-47
-11
-39
-29
-51
-53
-55
-47
-45
-43
-31
-39
-41
-57
-33
-35
5
-41
-35
-3
-61
-45
-43
-45
-47
-31
-41
-35
-41
-47
-53
-21
-33
-67
-43
-43
-37
-43
-47
-37
-35
-51
-51
-55
-45
-59
-45
-29
-41
-35
-15
-65
-39
-51
-49
-39
-43
-39
-33
-25
-65
-39
-35
-49
-43
-29
-41
-45
-41
-65
-65
-31
-43
-23
1
-47
-37
-41
-27
-75
-39
-5
-39
-49
-35
23
-55
-47
-33
-43
-17
-27
-19
-49
-47
-51
-23
-57
-29
-63
-33
-35
1
-47
-45
-5
-25
-13
-53
-41
-49
-33
-41
-57
-55
-69
-45
-67
-21
-29
-47
-55
-19
-39
-57
-3
-63
-35
-61
37
-61
-9
17
-33
-21
-13
-13
-21
-19
19
-27
-61
-49
-27
-47
-83
-1
-31
33
-39
-51
-39
-11
-59
-53
-47
-53
-55
-59
-43
-41
-29
-9
-13
-21
-37
-5
-15
-19
-1
-63
-25
-49
-81
11
-33
-31
-27
-51
53
-5
1
-41
-25
-81
-27
-53
-31
-31
-25
-49
-37
-11
-25
-7
-47
-3
-61
-29
-27
-35
-33
-39
-19
3
-15
-33
-29
7
29
-25
-31
25
-5
-11
-23
-49
5
-19
-45
-15
9
-33
7
13
35
-9
7
-1
-27
-3
-41
-7
-61
-43
1
-15
-23
-51
-17
-49
7
-17
-11
-1
-59
-5
11
-17
7
-5
-15
-5
1
-3
-17
21
19
-53
27
-45
1
-7
5
-5
-11
-37
-39
25
-13
-59
-21
5
15
-3
-37
-25
-19
27
15
-1
-23
21
-27
-5
-11
7
-33
-9
-23
13
3
-9
-29
-25
35
-19
37
59
-9
-29
59
3
7
33
-43
17
25
47
9
-7
-1
-29
31
-67
-23
-19
-3
-25
5
5
25
21
37
-13
-45
1
23
-17
45
-77
3
35
17
-25
-1
-39
49
39
7
-41
29
35
5
-15
15
-11
-45
-21
35
-27
-15
9
1
39
-9
-15
-13
-15
-25
33
-67
3
-33
27
-31
-49
3
-37
-85
17
-27
-49
23
-35
-5
3
3
-37
-37
21
-7
-19
25
41
-9
9
-23
-33
-17
-29
51
39
19
-5
25
-37
-13
-65
-25
27
15
25
11
37
21
25
-27
41
-15
1
11
29
31
41
-1
-25
21
-59
5
31
-3
35
25
35
-23
19
-7
-33
-23
-3
21
-7
-17
9
-31
9
11
29
47
19
21
19
-35
11
-11
-7
-17
-7
-17
-31
-3
-23
17
-1
-1
1
-13
-27
-29
5
-3
57
-45
13
-5
13
45
27
-25
7
-23
17
21
-25
1
61
-63
-21
-1
5
-35
-21
67
-19
-33
-19
19
-49
7
-53
1
9
9
7
27
-17
-29
-11
-33
5
-15
-77
-29
-9
-9
-9
-55
-41
-15
-51
37
11
27
-27
-73
-11
-15
-23
-5
-1
-7
-41
-7
-9
-15
-15
-25
-7
19
-53
-19
-7
53
-41
-19
-35
-25
-45
23
21
-35
11
21
17
-51
15
-27
-11
-17
13
41
-1
-15
-23
19
35
21
23
-21
-37
3
23
-11
-19
17
-55
-63
53
-13
29
27
-13
-17
-27
-3
-11
-17
-25
-45
23
-29
-1
1
-17
-73
-11
-5
37
17
-25
31
-13
7
1
-33
31
-75
-59
-13
-13
41
-3
29
31
-7
39
19
29
-27
51
-1
-1
-35
23
-5
-49
-19
-23
7
-49
-23
17
7
-9
-25
-9
19
-21
-9
39
-1
3
-19
-13
1
-65
31
-19
-21
-29
-1
-11
-27
-39
-9
13
-19
5
1
-53
-11
-57
-5
-55
-29
-33
49
11
3
11
-9
-17
1
-21
-23
-17
-1
-13
-25
21
-33
-1
-15
-31
9
-11
55
-19
-23
13
9
-5
1
13
11
-41
17
1
-23
-15
25
5
17
-3
25
-25
-15
-11
11
-1
7
-17
35
-19
-17
-13
9
35
39
49
7
21
-21
-23
-33
27
7
-23
15
-37
-33
33
29
5
33
1
-15
19
21
7
21
11
-13
11
15
-33
-13
5
-21
-23
-29
-15
-13
47
-1
-11
-9
3
-35
9
-17
-29
25
-35
-17
-43
37
3
-15
-39
-33
1
-15
51
51
-9
-9
35
-23
-1
-19
-11
19
-9
21
-21
57
-29
21
15
21
27
5
7
55
23
17
-23
51
-17
23
63
-1
-35
21
23
1
21
-3
13
-19
-35
-19
39
9
5
9
13
7
-13
19
-55
-15
-19
-7
-39
-25
27
21
-5
21
9
9
-19
-11
-7
11
9
47
11
-21
-9
23
19
11
19
35
13
-9
-21
57
21
23
-13
1
-25
31
-21
-7
-49
17
1
23
37
7
-5
-3
-9
-3
7
43
47
1
7
-25
-1
39
25
-13
9
33
-69
-1
-11
25
-7
-7
13
21
5
5
17
5
11
35
-15
-15
39
-7
-17
7
-19
1
33
67
-9
23
25
7
9
-21
41
-21
-7
-21
11
5
37
-1
-15
25
37
33
-11
7
-5
27
-17
13
21
-5
-33
31
3
-3
-5
87
-11
69
27
7
59
31
43
-3
-7
29
9
-13
23
43
31
45
19
35
11
25
5
43
19
29
-25
47
37
9
-17
-1
55
-1
17
-73
27
3
-3
17
43
15
-1
39
19
9
-3
47
47
-15
31
21
11
9
47
7
-3
47
21
19
-5
3
1
-1
-21
-13
-7
-79
5
31
39
67
-1
15
-17
5
-11
57
49
41
33
59
27
-77
37
35
19
9
5
17
69
39
5
19
43
3
67
37
3
17
-13
3
21
35
-7
21
-1
33
3
35
-23
35
-15
5
23
-21
37
-17
-7
49
11
23
27
5
15
43
-27
53
-47
19
25
-9
51
41
61
43
-81
43
7
23
85
-23
17
-17
7
43
49
69
-15
-73
43
41
79
21
83
47
15
41
-9
43
27
43
49
19
31
25
59
-79
27
49
-75
57
33
53
31
31
53
33
7
99
-35
-13
41
15
3
-1
29
51
-7
13
53
39
19
59
1
-25
69
-27
23
65
-9
59
-71
5
13
57
-29
19
-15
13
-27
29
49
11
23
11
45
63
-9
59
-49
21
71
65
-31
15
51
45
7
-1
-15
17
47
27
51
-9
-17
55
-9
7
47
-53
57
23
-11
5
-49
37
7
95
-5
-83
21
19
-79
-77
-31
19
-15
89
9
21
45
27
-17
19
-1
-83
-13
-69
49
29
43
29
15
13
69
-13
71
-87
41
53
35
41
31
25
-15
13
35
43
-85
9
41
-23
45
17
25
-9
45
-5
57
-85
43
47
19
57
-15
11
-7
1
47
-19
11
73
-79
-85
51
53
3
11
21
31
-9
53
29
15
-7
-5
35
49
9
5
3
71
61
1
-77
75
-81
47
45
43
5
67
-35
-83
65
3
77
-81
9
15
-77
15
5
67
-13
39
27
11
-13
49
53
-21
9
79
21
51
33
-85
7
17
29
39
57
59
47
49
5
1
45
-3
9
33
-85
21
73
39
37
41
23
61
23
43
41
13
23
35
-9
45
-13
29
1
15
-3
29
5
61
61
69
15
67
27
-17
-1
21
3
11
31
5
13
15
31
-21
41
41
53
111
73
-1
33
41
55
-11
33
21
57
63
51
13
77
21
61
-1
15
9
33
21
-19
-9
15
35
7
79
-15
13
55
55
71
13
87
41
63
7
41
69
81
-27
-13
45
35
47
49
59
25
67
79
69
23
9
31
51
17
9
41
25
43
59
83
41
57
25
33
77
59
15
53
27
67
49
47
15
55
53
19
55
23
41
-11
67
63
1
33
19
67
81
63
47
61
43
-5
-9
67
27
65
43
-3
35
41
23
43
57
57
37
73
43
65
43
61
31
21
59
51
81
41
39
53
65
11
25
101
-9
71
49
67
57
45
65
63
15
49
61
-1
-17
75
71
95
75
89
37
37
37
65
35
41
45
105
63
113
33
37
5
3
43
43
23
23
73
63
25
39
65
37
27
49
47
41
73
63
75
53
47
27
35
19
57
79
71
47
95
53
53
61
73
95
75
21
27
93
23
61
57
65
55
69
51
11
53
1
45
57
59
101
9
53
63
53
53
25
45
59
39
83
23
59
51
59
49
61
13
49
41
57
65
121
71
91
-81
39
89
55
71
73
21
89
19
97
49
63
67
99
83
85
47
25
39
33
55
39
77
69
39
15
15
13
29
5
45
39
15
27
35
47
59
31
-15
47
45
23
19
75
65
29
25
73
53
81
25
77
63
65
15
-1
55
31
19
59
67
33
49
29
-73
31
37
35
43
57
21
67
31
45
49
51
55
53
79
41
9
83
43
25
69
21
115
15
39
53
77
65
31
87
77
-9
43
49
25
21
67
17
47
-3
39
43
61
71
61
29
101
35
27
29
49
27
63
19
39
91
21
25
15
71
67
41
31
57
31
41
21
47
45
59
-19
51
53
55
-49
47
63
77
63
93
33
51
35
29
87
57
27
51
37
55
35
55
85
33
63
45
77
23
101
63
15
33
83
39
27
109
71
35
67
59
31
39
49
13
31
