-17
31
-35
-59
-47
-11
9
159
-15
-23
47
45
101
41
59
127
81
101
131
119
61
25
57
39
89
49
43
11
53
101
167
97
129
103
-15
41
1
55
137
61
89
35
147
9
-25
19
-57
43
79
123
93
205
107
55
197
95
55
21
-45
-39
-45
-19
-45
-57
-65
-51
-65
-41
-53
-39
-47
-75
-61
-47
-55
-55
-37
-59
-53
-47
-59
-59
-65
-33
-77
-59
-57
-39
-67
-37
-47
-71
-71
-69
-59
-81
-55
-65
-41
-45
81
171
45
133
103
87
113
91
-27
-35
-31
3
9
-11
23
-47
27
-7
47
-5
-29
-41
29
17
-27
5
-5
23
173
137
227
143
-19
-63
-5
-51
-53
-51
-63
-69
-69
-63
-69
-43
-49
-49
-65
-31
-69
-67
-63
-71
-61
-53
-79
-31
-77
-59
-63
-7
-55
-73
-39
-73
-71
-75
-37
-69
-59
-77
-59
-25
-53
-59
-33
-71
-65
-25
45
-35
13
3
-27
5
1
-55
-55
-49
-41
5
-7
-43
-19
-81
-61
-51
-49
-7
-59
-41
-33
-61
-61
-61
-61
-49
-37
-23
-61
-75
-75
-63
-73
-81
-59
-77
-77
-67
-75
-79
-65
-75
-71
-73
-73
-49
-65
-67
-51
-69
-73
-63
-61
-27
-71
-35
-67
-51
-51
-19
-51
-31
47
41
3
-49
83
-43
77
105
29
87
55
27
101
153
41
31
67
207
27
145
173
123
119
71
99
179
-7
-33
-43
-21
13
-47
-55
-1
5
-27
-23
-29
-73
-81
-55
-33
-63
-35
-75
-59
-49
-67
-31
-33
-33
-3
-37
-35
-13
5
-47
-17
-5
7
-37
-23
-29
23
123
-15
-15
-47
139
35
63
115
35
51
35
109
141
173
97
101
-13
11
-33
-5
-21
-7
-43
15
1
35
-17
-43
5
95
111
145
-35
91
109
87
-29
-25
-51
-39
-27
149
109
79
55
101
109
31
-5
-5
31
51
73
77
-9
5
35
19
-3
119
93
115
83
83
87
91
139
71
85
69
121
77
135
109
1
-15
127
389
335
181
219
275
273
203
95
177
103
107
129
3
23
-17
39
19
-9
83
-11
-29
-9
-25
-49
79
41
-29
-31
75
57
107
129
191
171
-5
31
61
27
61
55
131
95
149
179
81
109
145
93
1
-27
-47
-53
3
-17
23
77
27
135
89
161
109
197
103
101
65
97
183
103
169
101
167
67
-1
79
43
53
51
67
41
103
39
25
65
23
109
-25
9
-37
-31
-13
-29
-35
45
-39
9
15
-9
-11
31
39
47
135
161
173
231
199
141
47
23
51
35
93
53
81
79
73
145
121
75
27
53
51
65
41
37
37
43
21
111
53
203
151
185
113
37
149
113
65
89
87
229
185
157
285
141
135
167
109
145
149
175
111
117
113
157
115
69
161
123
119
83
177
91
69
81
53
-37
-39
-61
-27
13
-39
-15
-35
7
-11
25
3
21
-25
5
-25
1
43
1
-17
29
-23
-31
-31
-7
-57
27
-1
-5
-17
-37
-23
-11
3
-19
-3
17
-39
1
-17
-11
61
143
61
27
87
55
49
133
189
27
51
77
43
13
67
33
57
69
151
63
41
119
77
41
101
109
145
97
111
101
259
161
61
107
75
153
137
77
121
179
73
95
97
9
85
81
81
159
89
93
113
119
127
101
95
255
225
179
149
97
153
165
131
73
161
155
97
49
125
119
135
77
193
167
247
103
155
225
237
159
271
225
179
159
231
95
133
205
171
77
191
135
185
317
229
107
125
103
205
113
117
227
163
159
193
211
243
159
143
141
71
63
179
121
125
137
115
161
125
107
139
141
175
133
177
155
175
87
129
141
103
103
171
111
115
207
145
65
197
135
87
115
175
165
145
121
117
115
153
123
85
65
123
131
67
139
117
121
151
127
145
105
163
135
197
139
209
225
175
171
249
185
51
263
261
75
267
173
133
185
177
233
163
165
263
185
199
201
189
231
181
89
99
223
229
229
171
193
189
191
175
183
271
169
133
123
157
179
203
185
123
237
231
229
105
165
225
263
391
269
229
161
279
189
269
321
281
377
173
101
305
243
223
339
227
103
211
271
165
213
201
185
71
145
169
153
119
125
267
293
191
135
133
197
203
253
167
279
111
113
133
197
149
121
147
159
145
133
147
217
135
135
169
105
165
159
141
95
165
141
141
101
165
111
77
85
165
105
131
95
107
97
81
67
123
101
103
55
101
229
65
165
129
215
97
131
191
177
125
135
141
93
19
33
179
205
249
111
157
89
205
205
121
159
173
101
111
185
187
221
223
147
93
183
219
171
97
75
125
155
179
107
103
181
173
189
185
271
269
239
201
179
175
221
49
99
175
129
199
203
151
225
153
145
151
199
233
167
257
251
241
231
203
229
171
223
183
205
249
223
227
213
231
207
91
205
177
189
197
229
171
123
159
153
145
175
161
153
71
167
157
127
175
197
179
119
127
119
131
171
223
129
163
151
177
171
185
127
221
167
101
135
225
191
147
171
153
145
171
95
101
99
119
191
127
205
71
147
227
189
161
97
81
201
35
77
253
185
201
159
157
171
143
183
77
57
37
189
109
35
31
197
45
51
55
109
29
51
61
61
43
251
189
181
49
83
65
247
233
85
113
71
45
225
149
63
105
27
27
49
201
77
53
133
31
203
107
83
95
95
111
151
53
57
25
125
87
59
45
51
59
57
47
41
63
55
57
69
73
95
51
79
63
65
99
61
57
77
43
101
55
49
49
69
75
97
55
107
105
53
103
47
51
75
65
59
41
57
49
43
67
61
37
45
85
95
91
33
47
37
51
55
61
49
43
67
51
49
73
31
47
39
55
49
57
63
45
49
119
105
113
83
113
73
99
119
91
121
81
103
127
71
107
109
93
73
91
113
81
151
111
95
83
109
121
87
159
107
91
109
113
99
91
111
71
85
157
73
89
105
79
85
103
161
35
173
63
101
55
73
81
89
67
51
113
31
115
93
143
105
61
91
83
73
61
89
133
73
127
51
95
153
51
81
109
123
57
89
151
71
63
95
119
91
77
153
87
121
125
83
147
111
105
179
121
119
75
221
195
155
51
229
225
91
211
269
147
185
123
123
187
129
189
179
195
225
169
133
133
159
175
191
153
165
97
109
101
109
117
125
85
43
109
197
95
127
47
153
113
175
151
95
77
107
155
159
59
129
143
139
197
213
171
115
129
125
129
145
149
189
181
107
99
125
153
131
139
133
107
117
105
117
135
115
113
101
169
177
255
59
79
115
131
175
161
93
125
103
185
99
105
141
193
123
181
137
163
109
163
137
131
123
159
199
137
153
129
195
117
89
117
129
137
221
131
95
187
211
97
127
81
175
119
97
113
55
107
157
107
97
97
123
137
87
95
25
53
43
71
75
59
41
33
87
59
85
53
49
45
19
45
19
83
75
87
73
57
151
133
141
107
107
95
183
137
79
81
87
117
93
109
65
83
85
73
83
73
85
127
99
109
113
143
125
181
107
187
141
205
157
107
127
107
203
125
169
141
111
185
67
111
111
197
127
157
197
85
79
79
91
45
99
65
67
29
125
69
75
37
95
81
137
103
61
81
73
107
53
39
75
83
37
71
59
73
81
43
57
49
71
75
57
59
77
55
57
71
79
93
71
73
89
101
77
57
69
85
75
69
45
63
87
67
43
25
75
89
63
83
105
123
67
63
75
57
97
101
63
81
115
69
65
89
93
59
79
47
87
63
39
55
119
51
57
45
51
83
87
107
63
59
61
91
29
63
35
57
71
63
77
45
37
79
87
93
67
119
101
75
67
83
83
61
55
29
97
95
39
65
123
95
85
93
93
93
83
107
81
65
77
83
107
89
83
63
85
83
37
87
61
65
109
93
89
125
57
55
85
97
101
75
49
57
39
19
59
47
93
133
69
57
27
159
43
43
129
67
49
103
115
77
135
133
109
105
203
65
37
65
77
157
57
93
41
77
109
59
81
125
47
77
91
93
31
145
81
97
77
105
131
93
65
77
71
81
115
63
167
71
75
103
93
87
147
105
87
71
109
39
151
69
53
149
99
67
129
101
131
85
95
121
149
59
89
85
91
85
71
113
101
95
91
75
75
51
91
107
87
107
95
113
131
171
97
107
135
127
157
139
193
199
175
41
177
149
143
97
183
175
173
171
137
15
61
129
145
157
131
137
151
145
125
145
117
79
149
89
79
127
137
71
151
131
83
73
69
41
85
77
47
45
79
33
89
65
99
83
157
129
133
179
219
141
185
211
137
99
23
25
139
55
91
105
97
149
77
165
209
159
269
83
101
65
193
167
103
93
153
69
17
39
7
53
-7
115
97
143
55
63
65
79
143
85
101
113
135
183
151
173
123
85
133
145
207
205
165
139
189
141
105
89
233
157
141
93
103
79
55
125
147
77
119
147
157
75
121
101
71
103
111
135
83
99
101
125
143
139
97
125
149
151
133
115
87
23
117
35
31
59
63
55
83
155
213
91
137
165
159
111
183
157
107
113
75
157
93
161
53
111
141
151
185
63
133
109
161
151
87
133
125
79
77
97
93
91
69
149
71
129
131
137
105
117
111
79
167
117
113
117
87
33
67
67
109
115
67
77
63
159
97
47
73
23
111
23
57
71
65
11
107
131
91
87
201
15
99
117
183
99
73
57
33
95
43
63
77
41
145
93
95
121
87
91
117
125
99
95
61
211
175
151
99
119
71
157
227
129
101
89
219
135
89
251
187
85
165
175
167
95
145
181
75
175
135
91
149
69
167
217
199
135
175
75
83
193
283
129
89
19
131
207
109
145
191
253
91
165
157
283
97
217
81
161
141
137
47
77
63
101
83
101
117
67
145
271
289
291
87
183
229
321
183
