-29
-57
-54
-35
-46
-34
-47
-45
-25
-35
-60
-66
-51
-48
-59
-13
-41
-42
-73
-40
-15
-45
-82
-27
-64
-42
-67
-45
-41
-61
-54
-53
-59
-58
-45
-28
-53
-51
-39
-52
-34
-30
-24
-34
-41
-28
-17
-14
-4
-10
-32
-40
-4
-25
-28
-26
3
-15
-16
-22
1
-14
-32
-33
-32
-22
-27
-19
-40
-27
5
-16
-24
-15
-37
-22
-21
-14
-37
-21
-15
-22
-33
-15
-18
-26
-14
-40
-3
-14
-4
-7
19
-27
0
-15
-21
-9
-9
-34
-15
-15
-8
-15
9
-19
-18
3
-14
-39
-18
-3
-13
-5
-31
-17
-14
-26
-24
-23
-7
-10
-3
-8
-6
-34
-21
-13
-12
5
-7
-12
-8
-18
-28
-26
-16
-13
-6
-26
1
2
5
-1
4
-48
-19
-26
-18
-35
-13
-9
1
-1
-25
-6
-7
7
-22
5
-23
3
-7
22
12
-25
-27
72
-19
4
-12
31
17
8
-18
-15
19
46
62
71
100
7
66
47
31
37
-4
14
74
24
101
32
106
32
4
43
108
-12
66
27
42
34
-13
45
23
-42
-26
-8
40
-10
25
-4
-20
30
15
31
55
12
47
-9
26
28
45
9
41
82
15
55
76
48
29
62
5
10
74
98
111
-13
82
18
86
135
97
36
116
101
125
108
97
322
115
18
10
62
50
85
64
62
3
55
77
45
12
-17
43
43
59
40
38
57
82
77
36
62
60
76
-5
51
58
36
66
75
0
55
29
100
173
141
36
75
97
68
58
66
68
71
146
58
59
59
70
31
89
90
92
141
112
48
139
165
183
127
87
84
-2
104
112
32
69
90
56
59
54
157
58
77
137
145
68
51
51
68
83
140
132
99
128
73
44
134
91
134
147
98
51
92
67
108
68
93
85
111
108
72
116
96
117
99
73
71
113
87
86
101
137
84
119
119
120
104
93
69
96
96
119
97
64
58
103
92
103
107
107
75
49
68
63
83
75
90
70
58
58
71
107
108
114
-16
83
97
91
108
75
91
66
85
96
91
66
87
74
80
125
49
95
88
105
115
101
93
81
85
107
116
84
85
85
81
115
63
60
79
99
102
91
85
104
82
79
94
5
79
110
80
89
84
97
115
133
120
123
18
75
87
19
90
97
75
77
97
91
115
104
115
114
103
117
43
109
116
74
75
85
76
92
125
112
103
-12
115
96
-8
-2
92
95
105
97
93
128
106
97
141
36
22
110
70
72
81
53
118
105
131
68
92
83
110
105
93
102
116
92
105
97
64
82
73
96
81
79
126
89
129
134
89
94
85
90
69
98
73
101
115
95
113
92
90
91
71
94
40
70
74
50
96
115
71
80
72
72
84
65
84
84
107
92
86
96
76
98
96
107
122
125
109
119
81
113
85
139
112
88
80
91
103
120
98
87
104
92
124
96
100
125
91
107
124
123
97
101
81
23
129
87
8
83
80
99
96
91
85
-10
85
84
81
111
105
22
109
90
70
65
87
74
80
97
91
83
77
91
86
97
90
103
83
100
91
122
96
89
87
103
105
77
123
104
116
99
111
37
76
53
54
61
41
62
59
77
84
69
62
62
77
91
77
94
70
82
18
93
99
79
24
50
42
28
9
15
39
38
3
29
28
46
40
28
54
35
31
25
34
38
56
34
51
47
41
55
54
40
43
51
60
66
57
74
92
82
96
77
90
96
-21
63
53
49
41
34
56
41
58
52
45
43
69
50
27
27
58
55
46
48
88
75
78
72
82
49
90
72
70
78
45
71
80
59
56
18
48
26
55
81
87
55
73
48
32
71
53
55
51
79
65
48
79
59
78
65
68
67
43
71
67
84
76
91
76
62
61
53
70
42
54
48
58
45
72
52
51
59
43
44
45
63
68
84
89
97
114
109
101
-25
88
64
71
76
67
85
113
61
69
54
69
56
72
60
69
57
69
65
53
67
84
69
54
93
56
82
87
84
82
89
85
82
75
80
81
43
36
79
53
48
83
45
92
96
75
66
94
109
91
87
103
92
91
65
81
103
73
105
95
101
12
68
62
72
61
90
73
94
-21
82
89
80
98
101
61
91
61
65
88
96
95
112
10
85
58
89
113
95
75
74
88
78
86
40
58
47
58
79
69
70
93
90
100
121
72
85
76
77
69
96
81
71
70
58
68
62
60
77
66
51
50
42
39
60
42
64
69
74
66
45
63
69
67
81
60
53
60
73
49
60
102
59
73
110
64
99
99
93
100
119
95
70
85
88
93
86
95
102
87
122
90
115
128
90
75
81
91
83
79
88
78
119
119
92
108
73
117
11
90
89
93
115
94
58
75
57
68
83
96
65
107
77
115
112
113
127
64
110
76
108
90
135
96
100
93
114
107
93
96
79
64
124
105
125
133
104
116
145
131
131
150
128
34
117
129
123
110
116
22
105
109
109
114
109
114
131
115
127
141
152
146
149
98
79
117
107
110
131
117
96
84
76
115
102
104
101
82
105
119
91
106
129
117
93
107
118
8
66
92
80
97
88
92
89
86
85
133
114
76
89
99
95
88
88
90
46
123
96
89
124
6
75
77
43
60
77
80
66
62
51
41
51
51
52
54
54
55
59
53
69
56
46
51
67
75
83
59
79
79
88
85
72
99
82
81
77
63
76
87
95
84
99
103
92
85
94
73
82
118
99
83
105
123
117
92
72
110
127
124
107
113
127
134
149
48
96
110
85
103
125
145
123
104
123
46
109
57
104
175
109
101
103
111
130
113
82
88
108
65
108
115
106
108
114
102
129
141
19
115
92
79
120
121
119
137
135
136
140
86
136
148
93
124
51
98
123
105
133
101
112
112
103
107
133
130
108
78
93
141
139
92
129
105
121
62
111
98
100
114
93
133
131
131
140
129
89
150
122
108
59
93
105
101
110
116
81
97
116
120
116
127
108
110
155
104
149
122
160
112
112
117
120
104
77
104
103
135
120
131
114
105
107
112
118
126
121
89
111
115
26
92
50
61
53
64
68
62
75
76
52
95
65
68
53
63
57
40
56
18
39
28
50
58
58
43
68
47
21
55
60
77
82
65
66
78
86
80
79
114
94
-9
62
62
69
69
69
42
46
61
57
66
44
63
80
85
57
74
78
70
61
41
85
106
105
118
74
103
112
79
80
85
98
71
50
105
124
113
102
135
66
114
104
111
70
96
125
110
130
110
89
113
97
110
90
92
85
77
105
124
121
126
95
121
116
111
120
81
76
96
96
110
99
109
104
87
100
107
95
111
71
83
89
96
75
81
76
101
87
81
91
69
66
71
68
70
56
51
54
83
75
75
99
125
110
105
104
105
109
113
115
118
95
108
95
106
50
98
102
99
91
113
153
107
102
146
140
73
123
96
110
102
114
93
114
133
119
119
100
121
129
110
116
105
123
116
78
128
107
115
123
102
106
105
88
86
101
92
98
69
109
97
106
80
99
118
103
92
118
101
114
142
48
89
79
72
102
71
60
83
61
92
98
112
72
72
90
114
102
113
124
35
94
69
63
61
84
92
108
72
107
107
97
73
93
105
106
98
114
100
77
99
99
115
106
94
112
101
118
118
89
108
99
113
100
117
72
93
103
75
69
91
103
62
63
53
81
86
79
96
77
80
88
108
94
107
114
123
81
96
106
85
74
69
64
80
79
77
75
73
68
89
61
97
118
106
67
110
92
14
119
109
103
66
100
102
96
98
120
99
102
96
121
100
93
91
107
81
90
85
88
79
111
109
103
30
95
88
60
110
77
99
91
86
101
82
111
101
91
85
96
91
78
58
94
99
101
54
81
72
68
55
67
67
84
81
70
102
98
112
93
95
78
100
97
81
83
106
87
70
62
93
75
85
57
79
86
103
78
96
60
65
79
99
98
116
105
164
132
120
132
136
134
105
124
127
140
117
30
118
89
101
123
134
126
124
84
110
60
93
111
71
102
93
107
77
114
103
108
126
106
132
120
117
109
111
112
124
122
119
117
121
133
22
5
81
79
77
64
99
71
79
86
76
72
60
105
68
93
77
70
77
101
90
107
96
84
60
87
73
100
75
99
91
85
92
128
92
106
85
125
99
82
100
112
116
125
117
122
106
90
97
94
92
115
101
129
121
116
22
83
105
102
-4
30
84
76
91
86
134
89
106
109
100
37
94
114
82
234
79
132
98
93
98
95
80
101
93
119
91
122
107
107
99
107
107
94
95
98
107
102
99
94
102
103
91
100
75
83
108
82
83
101
87
98
95
109
116
92
98
96
126
96
111
117
116
126
115
124
102
94
130
80
117
132
109
136
127
136
143
130
38
116
93
97
80
80
101
73
91
65
66
72
106
81
78
82
107
89
96
106
107
92
103
103
117
101
114
112
133
107
123
117
135
86
74
107
97
105
90
98
82
73
97
51
89
91
101
95
107
106
79
149
137
107
111
106
108
99
120
125
110
24
104
80
76
76
58
79
76
94
84
73
91
59
82
72
92
75
96
76
108
73
74
92
81
53
81
46
64
79
83
79
48
56
59
54
72
63
63
57
71
71
102
103
76
86
100
93
103
71
93
102
120
110
82
82
74
82
125
99
97
118
95
99
97
79
46
103
113
70
80
100
121
126
65
118
92
97
77
98
68
112
83
87
81
97
120
84
101
85
80
59
101
114
82
107
113
88
97
83
104
104
101
89
81
79
92
113
87
101
99
82
115
109
105
124
109
102
90
108
100
103
83
104
102
116
106
108
108
104
91
127
113
96
119
133
139
50
100
124
89
94
92
99
104
138
105
91
104
103
84
91
121
106
110
97
113
87
100
84
98
94
103
60
103
82
79
91
98
75
104
106
88
115
92
101
124
92
104
78
80
113
79
54
93
98
88
86
69
76
60
56
61
70
65
78
49
78
83
85
68
80
85
83
85
78
87
70
63
69
51
49
67
65
50
47
57
61
44
46
64
58
64
31
53
60
48
46
32
23
42
34
41
45
49
34
40
35
57
70
64
65
74
75
80
65
74
-10
73
59
80
81
49
58
61
63
62
58
76
50
66
53
67
56
48
59
60
82
78
101
68
106
105
103
84
105
89
95
77
81
91
75
77
102
61
65
86
88
69
53
52
71
74
47
62
63
44
56
59
83
73
97
81
82
70
71
68
65
41
64
76
57
83
55
80
57
59
66
60
65
56
82
67
65
60
68
72
63
68
77
79
64
50
57
45
41
46
41
43
27
22
35
27
42
34
35
50
41
46
64
16
54
53
44
44
72
73
92
53
100
91
98
92
109
123
125
109
14
39
65
69
69
49
44
44
40
21
37
26
27
18
42
36
29
43
33
37
27
36
40
51
39
51
42
31
36
34
26
50
21
37
35
50
43
21
39
30
15
25
27
5
44
30
51
36
46
13
42
48
33
82
53
50
31
16
67
39
46
47
48
29
35
34
42
51
50
44
34
28
35
27
33
33
29
34
29
46
31
62
36
48
51
74
65
60
41
53
71
61
69
59
50
70
55
64
67
44
59
63
52
54
69
56
53
60
57
76
52
55
45
57
53
70
73
78
77
79
86
100
91
91
94
90
98
93
74
96
117
141
119
107
115
39
82
96
109
107
120
15
50
44
83
101
119
94
139
39
118
109
2
113
126
133
145
132
11
113
118
121
125
145
139
72
132
169
141
80
135
77
126
68
101
155
108
102
117
123
112
109
96
93
105
110
136
125
73
122
19
82
95
94
84
83
50
90
107
101
98
98
96
107
102
124
117
133
108
127
148
123
125
111
131
-36
74
102
96
111
112
113
85
114
129
128
134
145
159
46
114
131
89
122
103
84
72
105
103
88
91
91
70
96
102
89
67
118
100
91
104
97
89
96
90
111
90
101
114
107
80
102
104
101
83
94
74
95
92
85
65
64
80
96
79
109
115
84
113
80
89
107
103
91
101
101
100
91
70
90
98
83
90
86
60
76
100
83
101
117
123
90
87
107
150
110
92
114
31
112
101
25
98
103
100
108
87
120
90
97
114
130
120
85
97
115
105
126
111
111
92
118
120
118
129
107
102
120
131
116
143
111
118
96
108
104
93
97
115
138
102
107
90
74
80
90
73
87
86
82
76
70
64
119
96
80
104
96
90
90
126
123
115
108
114
120
115
110
90
84
91
71
69
83
95
81
97
94
53
93
72
50
86
78
61
56
46
58
48
53
58
40
31
44
35
43
36
30
22
12
23
25
35
27
17
35
23
36
19
40
43
53
50
55
24
54
68
42
49
60
72
62
68
84
99
116
87
101
83
56
76
82
63
111
96
82
77
98
88
63
92
82
67
82
69
63
85
70
73
83
107
113
80
77
57
104
86
92
95
85
84
71
76
101
81
92
86
88
107
107
116
104
102
110
107
113
25
70
52
65
68
62
46
39
51
54
60
63
57
44
61
72
77
116
89
88
93
112
83
98
128
139
132
122
114
127
111
109
95
98
85
74
89
93
88
101
98
121
115
106
115
109
121
122
124
114
105
120
105
142
130
120
112
118
99
108
79
95
68
80
92
70
105
107
101
112
112
48
67
94
60
73
58
49
78
56
44
73
66
74
81
56
95
86
90
100
95
61
60
73
93
69
73
81
69
74
70
104
67
92
91
89
98
92
89
80
110
100
85
113
31
77
62
85
72
129
73
94
98
121
88
116
91
100
100
101
7
105
98
14
90
73
-19
91
41
83
88
95
72
85
119
77
94
92
88
9
10
122
121
50
121
108
84
140
108
85
103
-2
29
70
62
91
16
109
27
97
95
124
88
110
82
124
88
18
128
96
102
74
121
93
157
112
145
96
102
101
109
17
110
110
95
133
48
134
110
110
124
91
127
116
60
100
133
164
254
43
110
129
10
112
84
131
57
92
58
81
100
70
117
99
104
95
92
93
69
123
70
142
97
121
89
122
97
92
104
129
103
110
134
136
116
116
138
19
86
39
99
55
71
78
75
77
68
91
73
91
71
66
68
77
78
65
83
65
222
103
85
95
104
94
90
99
88
90
92
65
98
86
100
96
77
73
97
105
84
86
94
93
85
87
81
71
120
69
90
97
111
98
92
88
108
89
97
85
91
88
108
101
106
82
105
105
123
120
103
111
109
109
113
112
95
85
112
98
109
96
89
82
55
91
84
121
77
88
107
97
103
121
93
93
96
113
104
87
118
135
81
86
126
92
96
90
89
68
76
63
74
78
79
81
81
67
79
92
95
100
89
118
99
87
86
103
99
139
118
83
99
92
97
104
112
88
99
105
111
6
80
99
105
107
128
117
84
110
77
117
104
114
91
85
122
108
109
81
88
99
68
56
75
88
67
73
77
87
61
88
84
78
90
90
105
93
109
104
86
106
103
104
79
101
94
32
55
96
138
95
105
98
108
124
104
74
78
109
78
94
101
98
112
76
98
108
79
65
55
70
63
77
121
90
80
83
77
62
93
58
78
76
65
62
94
132
76
-18
75
63
90
84
92
103
104
97
110
109
90
98
104
99
90
103
100
116
91
89
82
87
67
110
109
104
102
128
96
108
98
122
134
98
120
92
115
89
116
84
123
84
102
135
85
100
91
104
143
124
100
114
146
141
31
97
83
120
91
98
91
72
81
75
81
72
72
63
94
101
82
61
108
93
93
73
95
109
82
125
100
86
88
73
115
90
84
91
99
84
111
115
93
106
109
98
87
103
126
112
123
126
150
42
128
144
143
50
127
143
100
80
104
115
119
109
122
143
98
97
83
124
133
115
0
104
93
133
113
140
32
248
128
131
138
45
141
73
90
120
96
128
94
120
35
125
112
75
129
99
137
78
120
108
109
130
151
108
134
124
74
132
130
135
138
149
-2
119
109
137
169
164
169
146
69
120
128
114
125
132
138
138
127
118
153
162
54
91
116
117
112
128
110
146
15
78
124
126
137
91
43
128
97
101
113
87
121
132
91
107
98
101
49
141
119
122
120
89
98
118
157
123
118
133
70
104
113
108
117
132
130
121
74
120
146
-17
107
96
110
114
115
136
114
130
127
147
114
139
155
130
135
147
116
132
114
118
152
113
94
99
120
130
143
110
134
145
109
-29
119
130
119
155
98
124
179
124
131
11
110
115
118
95
117
124
87
119
122
115
65
147
118
88
103
102
110
94
105
65
67
77
114
82
99
79
93
97
94
82
147
100
103
82
72
110
82
99
122
128
109
110
100
153
130
121
116
101
100
114
153
164
33
160
41
110
63
121
120
116
134
110
137
76
113
130
101
140
117
116
144
102
117
104
111
114
125
108
112
141
153
93
76
88
116
89
99
104
108
118
130
89
112
139
111
124
115
147
75
129
128
110
136
122
108
96
97
128
101
103
94
60
99
73
59
62
79
67
97
73
112
116
110
56
129
110
145
116
149
139
135
147
120
-29
96
39
77
112
82
104
90
130
126
108
162
113
137
46
94
101
97
122
106
121
107
130
144
116
125
127
150
42
71
96
99
119
148
103
98
112
123
56
120
90
108
102
91
81
160
123
127
107
114
103
104
98
97
98
27
102
107
128
102
107
110
126
94
114
97
117
70
120
103
88
225
115
106
110
101
119
117
101
105
88
96
90
75
93
115
84
113
86
98
97
94
118
113
127
110
85
98
108
120
133
122
127
131
132
139
147
86
112
163
105
135
128
142
117
127
126
98
26
93
112
103
111
116
110
84
130
122
142
137
62
134
139
129
133
113
119
107
121
90
118
126
145
112
141
148
137
127
122
139
136
128
151
118
115
108
113
132
114
132
126
129
134
106
122
142
121
160
118
111
100
113
101
111
100
111
105
113
110
135
115
125
153
107
97
124
106
124
122
-28
101
135
113
145
119
140
136
85
93
119
117
70
111
111
118
136
143
98
123
122
76
122
147
117
123
117
71
100
132
18
87
65
47
104
93
92
110
74
81
94
100
78
93
73
107
82
79
111
98
122
105
97
117
85
132
92
97
103
95
64
93
87
94
71
88
85
70
58
68
91
55
89
84
86
88
83
91
95
94
76
71
87
123
91
75
82
107
103
111
67
102
76
88
111
110
93
127
96
109
154
98
92
107
90
96
71
115
80
110
131
91
113
95
87
105
73
67
86
77
90
88
56
58
60
54
77
75
57
93
89
84
54
103
104
80
108
114
88
94
94
105
105
111
103
106
94
93
113
101
33
119
124
75
105
101
106
113
128
103
127
108
96
109
113
108
84
131
109
136
110
149
116
168
115
97
138
118
109
109
102
92
90
134
142
131
120
121
112
122
141
107
96
100
89
105
140
113
139
130
149
118
119
113
84
84
94
113
138
129
132
119
130
132
81
130
119
121
107
131
118
126
122
110
125
16
98
99
7
116
99
182
131
111
34
26
140
147
91
118
127
131
60
145
108
122
102
118
112
146
124
96
111
122
122
112
70
108
102
108
113
113
92
149
112
126
140
124
108
143
112
143
84
67
121
119
89
131
119
132
108
106
99
114
120
116
125
127
140
123
126
148
127
91
128
102
123
131
124
145
111
99
99
60
105
111
103
90
93
105
77
86
99
82
69
103
101
118
91
114
64
89
95
69
87
66
77
79
76
93
91
68
91
73
89
61
80
79
79
90
90
78
85
100
95
115
95
106
95
90
94
94
77
79
85
54
93
117
86
103
80
82
86
78
82
107
109
106
77
92
108
74
98
94
101
104
112
96
91
108
86
87
106
91
120
-2
71
88
86
119
101
91
98
90
70
95
-8
63
56
67
77
79
42
79
95
92
89
84
92
95
75
82
113
102
92
95
86
75
78
95
81
93
69
83
91
58
71
109
115
98
123
90
101
81
140
139
103
109
104
94
117
128
126
152
67
109
108
145
152
164
145
157
139
120
173
137
127
62
111
105
35
122
52
100
125
124
107
136
122
114
114
136
130
118
140
113
103
92
116
111
107
94
131
92
137
95
129
117
125
114
55
82
102
79
96
96
108
73
131
125
84
86
109
125
122
111
95
120
134
127
106
121
127
147
129
109
118
144
57
128
119
74
97
103
93
111
101
174
112
107
85
126
148
163
129
85
133
97
127
111
104
112
117
48
132
96
82
134
116
137
174
99
142
143
126
120
118
153
121
137
123
149
138
126
42
79
86
133
118
125
140
130
109
137
108
34
100
93
141
132
79
122
123
110
115
102
114
121
105
110
102
114
133
128
119
95
140
143
144
-20
87
108
94
107
75
67
71
88
111
119
87
96
98
124
110
130
134
133
129
58
85
65
88
102
128
125
111
141
124
145
44
114
120
100
131
124
115
79
115
126
101
143
102
65
96
122
79
95
136
115
124
125
140
105
137
118
131
117
129
133
96
104
106
116
101
81
86
78
89
88
116
90
130
76
104
102
110
134
131
106
120
81
136
101
112
93
100
103
130
149
123
125
113
27
203
110
125
101
78
84
109
115
102
86
98
103
83
90
128
89
81
81
78
60
57
81
77
78
75
87
75
109
104
71
79
106
106
91
111
76
93
95
35
107
106
145
83
112
91
135
113
112
107
93
98
104
97
82
10
86
91
77
25
77
85
92
80
106
116
120
121
138
94
119
139
117
126
129
136
133
129
119
27
56
21
122
121
135
108
114
151
118
155
180
40
71
147
94
108
67
120
112
154
13
118
99
106
106
140
40
86
109
106
121
103
121
97
85
116
67
122
104
93
169
116
138
97
88
119
142
136
132
136
110
77
122
109
165
100
103
120
83
92
144
112
154
141
119
109
106
102
140
119
90
117
97
88
137
112
137
120
93
94
124
106
104
86
99
110
144
103
112
95
107
77
111
118
76
82
81
62
5
126
91
94
130
137
15
147
154
110
99
110
123
114
103
130
149
131
133
94
119
116
145
151
133
145
114
107
18
100
133
129
90
105
125
126
112
54
115
94
118
113
89
104
86
83
85
87
96
113
152
130
107
109
120
115
118
81
89
88
118
82
87
116
110
86
92
87
108
5
115
2
51
100
125
49
64
126
84
56
109
77
87
67
75
94
74
80
52
64
39
77
115
102
105
103
125
118
108
69
105
103
55
16
135
94
77
88
161
23
59
142
118
52
50
120
134
73
117
85
62
108
104
101
8
117
66
51
112
69
93
104
64
107
74
171
91
72
51
34
92
117
143
133
77
149
106
111
60
-5
127
55
27
106
12
73
93
77
100
99
108
88
151
118
50
107
18
113
36
124
40
98
112
95
75
116
79
114
109
90
16
59
57
83
85
72
69
63
82
70
51
78
84
120
81
72
60
71
99
103
87
37
93
74
43
76
69
49
88
144
25
60
77
60
120
73
-8
50
24
127
73
43
66
78
105
75
106
85
147
110
133
146
100
74
68
104
89
76
68
115
39
123
110
64
34
97
120
76
99
118
126
107
73
78
52
111
89
24
125
126
99
106
112
118
139
-23
173
51
74
93
155
80
122
126
79
117
75
69
83
150
106
105
98
132
138
14
36
82
83
129
59
91
101
99
109
106
153
69
81
115
159
73
116
97
125
102
43
113
134
153
68
112
114
91
119
117
57
127
166
12
109
90
82
116
126
161
123
97
177
68
106
71
61
70
122
108
65
45
192
81
76
77
63
122
106
131
178
132
4
14
77
-7
42
90
85
73
-17
-1
64
86
152
57
106
152
154
35
94
119
71
140
144
85
87
82
65
110
123
101
90
94
135
123
96
131
86
58
47
144
85
93
133
110
15
28
30
110
116
81
141
85
53
127
79
105
82
27
101
77
16
117
96
78
67
121
112
87
37
89
92
74
90
89
54
65
51
97
91
113
84
61
122
92
133
70
61
70
69
98
116
99
96
108
92
72
95
72
58
95
38
83
55
42
72
65
38
52
69
69
44
42
22
48
47
34
68
57
75
25
47
68
56
63
40
94
63
92
114
127
98
107
44
93
48
66
100
123
64
100
89
115
114
50
93
100
98
106
66
57
94
65
101
98
109
115
112
40
80
97
122
155
59
45
116
72
108
79
120
55
126
72
78
70
44
106
86
98
131
113
142
143
126
130
90
81
91
97
101
41
71
84
137
116
120
70
100
100
112
121
125
87
127
151
123
276
99
39
75
72
88
65
91
50
58
80
93
195
92
52
107
66
97
67
104
66
61
112
127
100
77
59
120
74
83
137
103
109
26
89
