-47
-52
-29
-57
-18
-50
-68
-50
-49
-11
-57
15
-30
-39
-53
-63
-47
-30
-38
-8
-53
-56
-33
-56
35
-12
-5
-29
-1
-26
-6
10
-28
0
1
10
20
2
7
51
-11
36
-22
46
3
21
20
-16
-39
23
-2
-42
-2
0
18
6
14
21
-19
3
23
-2
-13
33
-9
-22
-14
-13
6
-16
2
-33
-42
-8
-12
2
-39
-9
7
25
22
-12
39
24
-36
-8
-10
-14
-26
-25
2
-22
-12
-12
-10
-11
-18
-7
-17
-17
-18
-26
-25
-12
-28
-10
-16
-24
-32
4
-14
-11
-27
12
-12
-1
-22
-2
23
3
50
51
75
81
62
139
50
28
51
-20
10
20
0
-8
-2
-24
-39
-30
-22
-4
25
-3
-1
-15
-40
31
2
-21
-1
-18
-23
30
13
4
-9
37
17
93
-13
25
36
35
-23
2
39
-1
-4
-6
65
2
16
86
22
-5
76
116
89
31
11
89
79
79
99
71
85
12
60
88
76
73
67
100
67
121
2
103
86
77
116
35
93
43
71
54
45
101
82
78
82
82
38
96
104
88
94
90
40
-6
75
69
73
58
66
94
55
70
92
79
61
38
75
128
80
74
95
10
51
76
126
59
85
62
99
111
56
46
94
59
71
90
57
69
89
69
84
62
34
24
55
-2
-20
18
17
37
15
31
49
69
33
49
92
71
50
43
80
74
55
63
62
61
62
38
78
62
41
42
39
66
67
29
87
54
68
61
90
67
21
32
34
42
15
48
41
38
42
24
52
50
52
57
68
66
63
49
82
9
-28
25
-23
10
13
-28
-10
-11
-12
-25
-26
-3
-27
-30
-4
2
30
18
6
49
35
34
15
53
76
54
66
14
51
33
31
46
66
59
32
54
67
16
66
60
85
51
72
70
87
85
45
58
78
51
81
50
64
62
47
24
37
45
58
54
44
71
65
76
42
87
59
70
74
36
64
62
61
33
26
35
39
28
53
37
45
26
28
33
43
40
22
11
42
32
53
47
40
61
32
40
34
33
49
27
13
6
35
38
53
29
57
27
24
40
32
28
30
40
40
33
31
47
19
58
54
46
43
72
41
33
66
37
58
24
55
45
49
26
38
35
47
19
33
13
38
21
4
25
26
-3
24
13
36
42
26
7
45
43
16
17
29
32
27
20
26
36
-4
24
5
8
-8
0
6
3
5
12
-2
9
5
12
12
17
7
20
19
28
19
15
25
23
9
18
-9
16
22
14
29
35
12
30
41
19
29
5
26
26
18
20
34
19
12
15
28
14
31
12
31
20
21
36
31
34
16
19
-2
8
5
-14
32
22
19
21
23
60
30
61
91
-16
-17
62
38
31
31
37
66
31
75
64
38
28
49
88
87
-14
50
26
47
60
34
63
17
61
40
38
40
55
46
62
55
50
56
52
42
48
31
6
44
35
35
40
35
50
42
54
54
51
59
61
47
68
81
59
80
62
58
65
-30
62
47
45
53
62
52
43
24
45
38
21
57
51
20
57
58
48
58
27
38
45
44
42
59
58
70
52
38
35
57
66
50
40
63
41
61
30
36
47
15
22
17
40
28
37
27
28
16
25
22
34
15
15
1
35
29
26
-12
-3
10
-1
8
19
3
18
6
10
3
11
-5
5
20
4
9
2
-11
-12
17
1
17
11
-11
13
17
7
5
-16
9
12
-5
14
-8
11
5
11
9
13
16
-10
-7
0
7
19
28
14
-12
7
2
11
23
16
23
33
28
43
39
34
41
59
68
55
69
40
61
58
-5
37
38
23
19
22
35
5
27
41
38
19
26
22
10
61
30
13
19
13
22
4
-2
11
23
12
24
30
30
13
18
18
30
12
19
20
29
4
29
54
17
22
27
13
24
19
41
32
35
29
40
46
34
42
32
56
24
50
38
41
45
53
52
60
85
61
-13
21
39
34
39
59
52
16
41
42
44
62
49
37
55
60
36
51
61
76
43
65
33
80
49
73
70
67
80
55
69
72
58
73
-25
43
67
44
69
67
107
47
53
74
85
76
62
-26
55
92
79
91
69
52
79
94
67
61
106
55
-6
53
50
73
70
66
59
41
60
66
76
74
64
78
46
50
62
86
49
31
42
62
51
75
66
55
71
45
65
61
73
78
72
67
69
69
44
66
28
46
62
56
54
44
64
39
66
52
25
50
33
25
68
61
73
54
44
57
41
44
40
56
68
26
65
42
44
49
64
51
40
34
42
70
51
29
43
60
65
82
95
88
110
-10
-23
74
46
56
74
47
44
46
71
31
53
62
60
36
34
21
17
48
56
36
47
43
38
33
45
22
28
27
33
15
26
21
15
30
18
15
23
32
19
12
1
-6
7
6
-6
-13
-21
-13
-32
-42
-21
-3
-38
-14
-28
14
-2
-2
-28
-19
-3
-14
-6
-15
9
-8
-19
11
-6
-9
-17
-7
-14
-1
-10
-8
-22
-10
-9
-20
4
-17
-12
-11
-8
-4
-4
-13
-4
-21
-19
-16
8
-19
1
-6
-23
-15
-8
-31
-13
-8
-18
-7
-19
-21
16
-17
-16
-22
-17
2
-21
-27
-29
-26
-32
-9
-15
-12
-10
-16
-21
-14
-8
-9
-17
-20
-12
14
1
12
13
-33
-5
-8
3
17
27
0
25
0
-16
-13
-45
22
-17
-9
14
6
0
35
13
-11
29
10
33
-3
-6
29
22
-3
-2
13
-16
0
33
10
23
25
35
45
31
-21
-14
-24
43
24
29
27
17
37
-30
13
24
31
10
-7
8
7
17
12
21
22
34
44
-28
43
-26
-14
22
27
-14
26
-1
49
48
75
-11
42
-29
32
25
10
-12
9
-15
0
26
9
24
26
25
4
10
6
31
13
17
28
17
17
12
12
-15
-16
-4
-3
-5
-8
3
-5
1
31
25
17
24
2
13
23
5
11
17
23
24
9
31
33
24
16
-16
10
0
26
0
14
1
7
11
-1
1
10
-3
23
20
20
23
32
1
13
18
3
11
26
24
19
34
54
30
8
16
20
13
7
15
9
31
38
49
40
61
33
58
61
31
-3
26
18
61
9
32
-13
55
53
67
37
49
72
-18
50
30
22
19
29
29
38
8
43
12
31
27
15
30
28
49
0
54
28
10
28
51
49
61
35
47
13
50
32
62
41
49
45
64
45
52
38
40
62
45
62
28
34
63
39
54
55
32
45
47
62
67
41
57
61
58
74
49
60
67
54
31
26
58
49
48
67
54
77
70
47
81
73
72
86
100
6
84
67
49
46
71
101
28
52
52
68
77
50
57
57
51
63
75
47
66
87
47
53
74
61
64
56
69
61
48
81
70
62
58
53
87
80
38
48
70
73
73
59
88
53
77
40
80
69
62
60
87
60
57
85
78
75
46
62
59
63
50
27
39
31
40
39
83
39
48
53
71
64
21
36
54
26
15
18
1
7
-12
12
-10
-5
-11
6
-23
-16
-11
-15
-16
3
-2
5
-1
4
-13
25
22
14
22
17
-8
22
36
23
55
49
15
13
-4
5
-15
-10
1
-14
11
42
3
27
3
45
54
2
2
48
9
34
31
62
69
85
72
90
76
-14
68
54
31
27
82
53
40
27
61
68
61
45
43
57
34
86
32
52
90
45
1
36
77
68
59
60
98
77
78
-25
93
78
74
114
-30
56
85
60
81
60
48
45
46
33
31
55
21
55
39
51
43
85
3
37
46
62
67
62
41
51
42
59
71
39
38
52
39
62
64
38
65
35
34
39
25
50
61
35
34
54
61
30
47
52
29
51
57
63
73
37
46
79
51
37
65
44
82
62
79
36
42
56
52
33
43
53
40
57
65
67
69
72
67
50
110
71
93
93
67
74
-29
39
28
62
41
28
59
17
33
56
26
28
35
23
54
52
36
23
24
37
12
35
31
42
29
23
18
25
43
18
10
-6
8
2
6
13
26
-6
31
6
22
20
8
3
2
9
7
15
15
28
34
16
16
32
19
22
26
23
41
34
53
46
57
16
44
30
36
12
45
59
23
36
31
35
20
17
48
46
33
25
34
25
18
29
24
37
34
56
53
57
81
81
46
81
47
66
64
56
47
61
62
62
76
50
81
-17
59
40
55
34
48
50
37
57
47
27
21
40
49
37
30
41
38
27
51
35
21
32
31
27
35
33
42
25
57
46
35
51
45
25
31
10
75
89
49
76
70
68
64
56
52
74
56
73
80
79
71
66
69
79
80
59
65
68
69
88
69
68
101
72
98
82
54
59
64
96
80
40
56
76
75
60
41
64
46
59
57
50
58
51
61
50
56
62
9
69
83
93
-5
80
46
53
56
24
41
45
51
36
43
21
41
26
28
26
33
61
49
72
57
58
69
65
50
54
80
71
89
73
79
75
70
86
83
82
85
93
81
81
68
70
84
8
69
-22
89
89
113
-7
-15
73
62
74
56
43
53
75
55
52
84
73
11
99
78
64
115
3
-13
83
84
74
92
55
61
73
65
93
98
69
49
108
91
115
-16
77
103
78
68
-15
20
62
-15
116
47
53
51
49
71
18
-25
63
-2
-17
46
44
50
19
58
64
32
85
-8
27
67
43
81
77
73
-22
94
62
80
75
59
55
83
75
75
97
79
42
-5
84
59
92
44
93
49
22
12
42
71
44
59
47
56
92
59
69
28
67
76
56
98
78
79
79
71
76
51
-36
48
79
84
51
54
57
38
18
59
76
83
48
25
43
33
38
34
23
-11
51
29
56
64
70
43
51
81
58
89
-7
64
-20
52
48
52
40
49
38
37
33
53
47
61
71
45
64
103
125
-7
70
41
47
43
50
63
34
53
72
64
74
37
63
62
88
62
54
61
59
67
63
71
85
115
62
61
80
71
58
97
87
74
69
69
7
71
68
90
63
81
68
70
69
78
50
46
80
97
74
76
61
90
-9
60
37
27
22
38
23
42
39
53
47
54
52
48
58
24
47
53
52
43
59
22
47
53
59
56
61
45
82
64
65
45
57
64
68
88
69
57
87
77
79
68
87
79
98
-14
38
26
17
29
12
36
33
27
30
17
26
17
21
56
36
41
79
59
38
53
84
29
59
86
-5
77
47
48
31
63
74
51
44
59
47
68
64
102
78
25
58
51
81
38
68
27
95
63
54
33
44
61
75
73
27
44
91
44
49
59
63
56
7
30
53
47
39
34
37
36
45
16
22
32
12
51
38
32
45
42
38
8
29
33
40
35
51
33
33
37
28
23
42
33
70
65
51
52
37
41
43
34
45
47
35
56
63
31
59
32
68
70
60
60
64
87
64
54
66
63
56
56
73
56
63
63
64
43
62
57
57
56
27
52
47
43
51
47
34
49
49
55
49
25
61
51
54
41
64
52
58
61
52
21
28
59
71
76
59
58
34
54
57
67
76
59
69
65
59
45
43
42
56
49
50
29
44
73
46
53
48
37
40
46
44
74
39
53
57
46
46
50
79
67
67
81
71
61
57
55
53
42
53
39
63
80
42
98
74
50
75
62
63
42
56
59
42
39
53
63
73
74
84
-18
71
80
71
123
57
71
164
-7
77
56
54
21
52
49
102
86
56
72
64
53
92
61
86
116
82
70
-25
45
96
59
76
106
76
76
63
64
100
81
78
96
77
80
63
79
52
7
41
65
74
76
66
37
49
75
25
87
56
68
39
78
72
63
78
48
64
63
97
59
76
50
55
43
32
24
90
50
54
48
32
27
36
63
32
27
55
32
48
37
58
46
41
66
45
19
48
55
64
34
48
36
27
51
39
29
31
27
41
40
18
44
19
22
16
37
31
43
18
26
43
8
20
40
1
20
6
20
29
17
35
13
31
11
22
30
36
29
31
18
8
43
60
63
52
81
41
34
66
33
48
60
47
51
66
60
53
65
43
49
30
46
37
-26
51
57
55
39
49
48
61
26
38
30
27
34
29
38
34
22
43
56
51
71
27
55
59
47
58
25
57
42
38
59
33
51
60
53
50
67
49
47
75
54
53
27
45
26
55
44
52
55
68
64
50
55
46
53
51
59
39
42
61
55
51
54
42
52
48
56
39
60
77
80
74
78
55
65
99
81
76
96
74
61
68
63
91
75
81
-16
47
35
56
72
33
63
31
48
62
45
37
56
64
64
44
54
46
66
52
60
34
83
46
74
61
52
63
60
49
57
62
51
46
58
65
73
48
56
63
49
49
62
44
62
68
42
33
35
33
71
51
63
57
49
55
56
55
49
37
45
52
57
61
26
48
48
50
75
46
26
62
46
29
15
24
27
7
8
28
46
64
41
54
29
71
62
44
63
56
46
69
52
-29
47
5
29
16
27
2
17
8
14
27
53
17
25
6
11
11
6
20
19
4
-5
6
12
4
-1
2
9
-2
-2
19
-15
6
19
6
5
-4
8
11
-23
-14
-10
-21
-8
-32
-25
-18
-11
-8
-4
-4
-21
-22
-11
-24
-15
-26
-9
-6
-28
-5
-11
-4
-22
-12
-12
-19
-23
-9
13
-27
9
8
-20
-6
-25
-4
2
-6
-10
-2
-26
-15
-10
-14
-6
-5
-16
-1
-18
-9
-16
-18
-1
-10
-18
-24
-3
-17
-16
-3
-22
-26
-22
-18
-11
-13
-9
-20
-21
-10
-18
-5
-10
-17
-23
-1
-29
-22
-15
-36
-29
16
-14
-4
14
-4
-22
-15
-10
-7
-20
-15
-9
-27
0
-18
-4
-21
0
-7
-8
7
-24
-24
-15
-35
-13
-18
1
-1
-9
-10
-15
2
-12
-14
-17
-31
2
-12
-19
-32
-7
-3
-5
-15
-20
-26
-5
-21
-16
-23
-23
-11
1
-16
-17
-15
-10
-11
-16
-18
-3
-2
-25
1
-8
-15
1
4
-2
-2
-18
-4
-6
-7
-31
-11
0
-2
4
-17
-9
-26
-6
-12
-11
-9
-19
-15
63
-20
-15
-11
-26
-23
-20
-5
-10
-19
-15
3
-17
-9
-22
-23
-27
-12
-8
-3
-29
-23
-14
-18
-12
-20
-28
-6
-27
0
-17
-8
-14
-1
-14
-11
-26
-3
-22
-23
-17
-20
-9
-11
-8
-18
-21
-30
-13
-22
-22
-16
-3
-9
-7
-15
-23
-8
-17
-34
-26
-28
-22
-13
-17
-11
-26
-24
-22
-12
-10
-14
-12
-13
0
-26
-20
-20
-17
-7
-20
-25
-23
-28
-21
-11
-13
0
-30
-10
-24
-11
-5
-8
-10
-14
-13
-22
-16
-4
-16
-9
-12
-21
-6
-9
-12
-20
-20
-8
-11
-22
-9
-2
-29
-30
-18
-11
-23
-19
-9
-30
-12
-12
-11
-30
-8
-13
-3
-6
-17
-26
-10
-28
-28
-13
-26
-30
-17
-1
-15
-6
-14
-13
-7
-28
-34
16
-4
-5
-9
-13
-20
-14
-23
-17
-17
-24
-7
-7
-15
0
-7
-5
-15
-5
-8
12
-8
-16
-6
12
9
-14
-15
-12
-31
14
-12
-10
-7
-24
-13
2
0
20
-9
-18
-17
-13
-19
-18
-1
-3
-22
-11
-21
-10
-14
-7
-23
-13
-14
-33
-23
-28
-24
8
4
-1
-6
12
-19
-12
-19
1
-4
-15
-14
-14
-12
-15
-7
-24
-15
-23
-5
-11
24
-35
-10
-7
-7
-20
-26
-9
-6
-26
-10
-2
-29
-13
-17
-11
-9
-11
-11
-6
1
-29
-14
-8
-13
-15
-22
1
-14
-23
-8
-12
-8
-28
-7
-4
-21
7
-9
-16
-20
-39
-22
-7
-14
-28
-6
-15
-14
-27
-17
-25
1
-7
10
-10
-8
-30
-20
-11
-3
-13
-22
0
-3
-7
-9
-7
-5
-8
1
-11
-28
-6
-7
-14
-29
-15
-18
-5
-35
-7
-13
-10
-27
-7
-13
-6
-25
-25
-16
-11
-20
0
-6
-22
-18
-23
-21
-10
-6
-20
-33
-13
-13
-15
-5
-20
-15
-17
-12
-13
-16
21
-33
-33
-14
-3
-12
-8
3
0
-9
-15
-14
-11
-4
4
-20
-11
-5
-26
-10
2
-12
-7
-16
-31
-13
-9
6
-14
-14
-14
-10
-2
-27
-11
-3
-10
-34
-25
-18
-21
-12
-3
-18
-15
-3
1
-17
-3
-9
-11
-20
-17
-4
-8
-13
-17
-10
-22
-24
-17
-9
-25
-5
-3
-23
-8
-23
-7
-14
-12
-29
-7
-6
-7
-11
-27
-16
-5
-27
-35
-4
-7
-13
-21
-8
2
-20
-23
-21
-25
-14
-17
-23
-12
-8
-13
-11
0
-11
-22
-21
-34
-18
-11
-7
-4
-10
-4
29
-13
-7
-5
-3
-4
-17
-6
-9
-9
-11
-36
-7
-9
-20
-28
-12
-14
-22
-9
-13
-14
-6
-7
-25
-8
-11
-21
-6
-8
-14
-13
-21
-4
-21
-4
3
-3
-13
3
-2
-9
-12
11
-10
-9
-32
-19
3
-22
-2
-26
-20
-32
-24
0
1
-18
-9
-20
-16
-29
-10
-9
-3
-10
-28
-15
-16
-17
-22
0
-9
-23
-8
-17
-8
-39
-6
-15
-19
-1
-21
-5
-7
-7
-6
-11
-16
-6
-39
-11
-18
-29
-2
-9
-15
-15
-28
-17
-16
-23
-15
-3
-11
-14
-11
-1
-19
-13
-19
-4
-19
-30
-18
-31
-16
3
-17
-30
-17
-16
-17
-29
-10
-13
-32
-15
-3
1
-13
-2
-8
-31
-11
-1
-13
-12
0
-37
-6
-26
-3
8
-9
-26
-8
-12
-16
26
-8
21
-13
-5
-10
-26
-6
0
-4
-5
-23
-23
-15
-4
-19
-10
-19
-14
-15
-9
-7
-18
-16
-1
-41
-12
-34
-3
-9
-11
-7
-7
-5
-7
-24
-4
-15
-17
2
-22
-21
-17
-21
6
-14
-11
-10
-7
-17
-14
-22
-21
-7
-11
-9
-22
-13
-15
-19
-6
-13
-8
-30
-17
-36
-20
-6
-38
-16
-32
-19
-3
-17
-14
-13
-22
-15
-6
-12
-12
-17
-16
-8
-21
-40
-25
-9
-19
-19
-7
-12
-29
-31
-13
-9
-1
-16
-23
-16
-6
-8
-1
-12
7
-23
-17
-21
-6
-20
-22
-3
-7
-7
-26
-6
-14
-20
-26
-21
3
-22
-4
-1
-21
-9
-15
-17
-11
-12
-7
-14
-9
-11
1
-22
-18
-5
-8
-10
-8
-9
-8
-31
-16
-10
-13
-5
-18
-30
-4
-18
-20
-25
-7
-19
-21
1
6
-19
-16
-12
-16
-29
-15
-16
6
-8
-4
-11
-9
-11
-30
-16
8
-8
0
-16
-6
-36
1
8
-21
-27
-1
-16
-30
-22
-8
-17
-9
-6
-22
-18
-10
-19
-6
-35
-19
-8
-1
-1
-10
-15
-7
-20
-33
-15
-10
-23
-14
-11
-6
-12
-14
-17
-20
-21
-29
-8
-17
-19
-22
-19
-24
-3
-33
-7
-9
-16
-18
0
-35
-12
-10
-4
-4
-14
-21
-18
-7
1
-15
-14
-18
1
-12
-9
-5
-20
-18
-16
-12
-2
-23
-29
-25
-24
-16
-10
-22
-1
-26
-18
-2
1
-16
-16
0
-22
-15
-8
-7
-4
-5
-31
-14
-18
-9
-2
-15
-8
-8
-17
0
-19
-13
-18
-38
-16
-29
-16
-15
-29
-23
-13
-21
-2
-11
12
-6
-15
-13
-13
-23
-14
-24
-7
-10
-7
2
-16
-18
-8
-19
-21
-13
0
-14
-5
-14
-18
-19
4
-11
-16
-31
4
-15
-2
-20
-5
-21
-21
-30
-15
4
-15
-18
-1
-19
-10
0
-5
-28
-33
-23
-13
13
-5
-10
-2
1
-14
-4
-17
-19
-25
-6
-11
-21
-2
-18
-12
-9
-2
22
-3
-29
-3
-8
-9
-24
-15
-11
-17
-20
-18
-18
-5
-18
-17
-15
-7
-2
-12
-13
-2
-5
-21
1
-19
-11
-28
-10
-10
-6
-15
-11
-21
5
-10
-12
-5
-19
-8
-3
-22
-24
-13
-33
-11
-17
-23
-13
-8
-15
-11
-17
-13
-10
-17
-16
-33
7
-20
-22
-13
-15
-15
-23
-20
-13
-19
9
-13
-12
-13
-16
-17
-7
-19
-1
-10
-4
-16
-11
-19
-33
-17
-21
-19
-11
-26
-1
-24
-12
-13
-9
-15
-4
-24
-28
-4
-20
-42
-13
-19
-13
-7
-28
-19
-24
-18
-14
-16
-17
-7
-6
-23
-4
-9
-26
-8
-14
-12
-5
-7
-13
-4
-13
-6
-18
-28
-12
-8
-19
-19
-30
-11
-6
-21
-19
-18
2
-15
-4
-14
8
-9
-12
-36
-13
-21
-10
-22
-15
-7
3
-8
-11
-20
-12
-25
-12
-8
-3
-12
-21
-9
-8
-14
3
-25
-23
-4
-14
-27
-12
-2
-1
-12
-16
-2
-24
-15
2
-24
-8
-2
-25
-7
-6
6
-17
-7
-7
-12
-10
-30
-11
-28
-12
-12
-14
-16
-15
-14
-19
-18
-22
-27
-5
-4
-18
-41
-4
-13
-14
-16
-10
-8
-25
-12
-28
-9
-9
-19
-25
-17
-12
-4
-23
-16
-13
-3
-7
-8
-19
-11
-12
7
-7
-29
-9
-25
-21
-11
-23
-20
16
-29
-9
-25
7
-28
-16
-5
-1
-21
-17
-14
-5
-18
1
-12
-6
-16
-30
-26
-20
0
-13
0
-29
-10
-14
-17
1
-6
-27
-10
-12
-26
0
1
-21
-2
-21
-20
-20
-7
-18
-19
-22
-8
-2
-6
-9
-14
-22
-22
-3
-9
-18
-14
-8
-9
-36
-8
-28
-9
-17
-17
-6
-21
-10
-11
-13
12
-8
-3
-15
-28
-9
-23
-11
-5
-11
-22
-16
-6
-17
-18
-19
-15
-8
-14
-22
-22
-4
-14
12
-13
-3
-19
0
-34
5
-5
0
-9
-3
-15
-20
-16
-36
6
-27
-19
-27
-12
-23
-16
-13
-24
-11
-13
-26
-15
-27
-9
-7
-1
-29
-21
-1
-22
-10
-19
-16
-9
-18
-13
-4
-15
-7
-31
-4
-12
-20
-10
-25
-28
-24
-8
-17
-18
5
-14
-4
-9
-21
-30
-11
-9
-22
-12
0
-14
-25
-12
-7
-16
-9
-43
19
-16
-21
-6
-31
-7
-26
-25
-7
-6
-8
-1
-7
-10
-7
-8
-12
0
-14
-16
-23
-29
-18
-12
-12
-11
-14
-9
-11
-16
-11
-1
-13
-27
-33
-20
-6
-10
-14
-17
-11
-15
-20
-26
0
-19
-16
-10
-15
-24
-23
-11
-9
15
-14
-21
-22
-1
-18
-6
-16
-8
-16
-13
-25
-10
-21
-18
-20
-15
-8
-21
-18
-22
-27
-23
-9
-14
-25
-21
-15
-21
-2
-15
-15
-18
-16
-16
3
-19
-26
-12
21
-6
-14
-4
-17
-10
-17
-22
-11
-18
-9
-23
-20
17
-26
-5
-8
-7
4
-15
-8
5
6
-19
-14
-22
-11
-7
-2
-9
-13
-17
-21
-31
-29
-17
-2
-18
-26
2
-31
-2
-20
-5
-31
-8
-11
-7
-18
-15
-5
-23
-5
-16
-4
-11
-12
-17
-8
-4
-2
-3
-2
-9
-28
0
-16
-17
-22
-30
0
-3
-16
-19
-14
-16
-19
5
-19
-10
-13
-15
-24
-13
-18
-9
-8
-3
-11
-14
-21
-11
-5
-27
-14
-16
-22
-18
-14
-8
-6
-15
-13
-12
-11
-29
-14
-21
-20
3
-2
-6
-7
-23
-19
-12
-23
-18
-4
-10
-4
-4
-7
-6
-26
-23
-33
-7
-11
-10
-11
-10
-6
-25
-21
-7
-13
-23
2
16
-11
8
-19
-21
-11
-1
-6
-24
-25
1
-11
2
-11
-11
-12
-18
5
-13
-16
-28
-26
-21
-15
-12
-11
-23
8
-15
-21
-6
-12
-26
-15
-9
-12
-27
-7
-21
-13
-28
0
-5
3
-5
-14
9
-10
-20
-11
-10
-20
-26
-17
-11
-13
-15
-12
-12
-7
2
-27
-14
-11
-20
-15
-24
-2
-16
-7
30
-2
-1
-24
-14
-6
-26
-19
1
-24
-5
-13
-31
-23
-32
-1
-30
-18
3
-21
-16
-5
7
-23
-4
-14
-19
-2
-22
-12
-8
-10
6
-13
-5
-26
-8
-11
-21
-24
-35
-27
-11
-6
-18
-15
-30
-18
-8
0
-17
-11
-32
-6
-14
-10
-12
-20
-28
-9
-20
-18
-13
-5
-18
-15
-14
-23
0
-17
-10
-28
-10
-10
-8
-5
-15
-2
-30
-15
-26
-9
-10
0
-8
-29
18
-15
-8
0
-14
1
-23
-9
-9
-3
-19
-15
-14
-17
-10
-1
6
-21
-8
-21
-7
-11
6
-21
-6
7
-3
2
-11
-14
-6
-16
-30
-10
-26
5
-36
-9
31
-6
-17
-6
-28
-19
-7
-4
-24
-19
-25
-21
-28
-7
-15
-9
-17
-22
-8
-20
-16
-15
-26
-2
-2
-7
-21
-11
-20
-11
-18
-7
-33
-12
-11
-30
-9
-21
-4
-18
-26
-14
-12
-2
-12
-18
-24
1
0
-6
-19
-22
-6
-15
-7
-4
-11
-15
-19
-25
-20
2
-15
-7
-28
-24
-12
8
-18
-12
-2
-27
-9
-12
-26
-13
-14
-11
-23
-11
-4
-14
-21
-29
-3
3
-16
-14
-14
-3
-20
-7
-7
5
-15
-19
-1
-2
-8
-20
-21
-24
-3
-4
-15
-13
-30
-22
-22
-23
2
-7
-13
12
-21
-8
-16
-8
-12
-13
-10
-17
17
-4
-5
-10
-11
-15
-21
-8
-10
-21
-12
-23
-27
1
-15
1
-20
-13
14
39
14
12
-7
33
5
24
21
18
26
26
19
40
44
47
79
48
70
54
56
42
62
-24
23
21
34
19
24
23
55
40
19
20
32
51
47
79
27
57
48
34
56
42
41
33
51
45
77
59
52
39
61
70
39
47
26
45
52
49
54
92
47
48
59
80
46
68
60
61
52
84
51
59
53
33
37
40
29
24
38
18
27
45
58
25
48
54
46
46
61
25
34
17
41
35
42
29
22
35
23
26
24
57
28
20
39
34
35
6
36
46
-4
15
23
36
27
5
25
26
28
16
23
13
25
37
26
52
14
46
63
26
30
41
54
61
54
38
55
49
38
48
60
55
74
60
65
73
45
87
100
-26
54
64
73
63
60
58
61
44
64
51
111
52
53
57
74
46
51
61
74
34
42
40
60
47
22
23
39
26
38
40
30
38
20
34
62
39
23
20
54
33
93
44
38
81
35
47
58
36
42
45
45
48
60
65
52
63
40
74
66
67
53
61
55
47
43
18
38
26
37
19
48
56
54
51
65
78
61
53
55
61
71
73
74
36
83
85
69
79
65
61
53
72
57
58
65
50
60
59
57
76
59
42
72
68
55
68
69
48
72
33
45
38
46
46
72
33
45
38
47
38
50
60
86
-29
38
51
53
32
64
53
49
55
28
43
25
42
56
35
38
47
28
32
53
44
63
37
51
59
38
29
48
13
34
33
17
-2
35
49
26
27
49
55
54
60
49
52
43
53
69
46
59
43
24
70
50
29
66
72
71
50
30
44
70
62
44
53
50
68
37
40
7
16
47
22
19
34
50
37
35
35
22
37
43
25
38
24
53
40
27
64
66
62
77
42
74
51
46
73
58
60
66
73
50
53
31
37
42
49
54
21
31
24
41
50
42
19
38
39
64
38
66
50
48
49
54
80
57
44
50
62
44
49
60
57
63
57
56
72
51
66
72
59
71
46
43
67
40
63
67
65
68
35
62
89
66
58
-8
59
51
49
63
31
52
51
59
53
60
45
55
48
30
47
41
35
50
42
44
55
60
45
57
54
49
67
78
60
69
67
97
109
-9
42
53
76
53
56
70
65
57
44
45
54
67
69
57
73
59
56
54
74
61
83
75
67
68
81
42
80
71
57
46
61
58
45
27
43
48
65
42
41
33
33
48
34
34
43
52
45
47
28
65
59
56
55
66
59
75
58
72
74
73
54
-22
53
65
52
-2
41
37
35
71
36
55
48
38
39
58
55
80
86
108
49
19
58
65
70
45
71
26
61
30
49
44
51
48
58
62
94
107
25
67
78
61
14
37
50
57
42
54
48
45
70
79
57
6
40
57
69
98
75
91
110
97
84
70
69
53
88
92
106
87
58
92
86
93
103
93
-13
54
36
85
42
59
34
42
49
50
93
50
44
70
35
64
40
45
74
66
62
63
51
48
66
47
111
78
43
56
50
65
76
58
41
53
76
42
53
52
41
43
42
50
57
44
51
61
41
45
37
58
40
40
29
41
42
55
45
58
42
29
60
46
53
61
60
32
60
43
68
78
54
80
44
80
69
67
65
65
77
59
67
63
64
84
56
82
76
78
75
48
62
44
58
54
58
31
69
63
53
44
50
46
51
50
59
61
67
62
74
62
65
63
55
67
65
85
50
80
58
58
63
66
55
42
33
54
49
67
44
27
33
52
44
31
42
35
25
18
47
36
30
43
51
63
66
43
58
72
43
58
54
63
92
64
74
-27
46
36
49
29
22
27
24
14
31
16
13
39
32
31
32
14
35
33
1
24
25
23
7
25
25
3
33
34
48
55
38
43
41
22
31
38
62
47
28
64
38
72
48
44
74
75
74
44
20
75
67
74
65
77
113
79
78
67
85
30
70
47
51
54
62
66
8
75
79
76
89
54
77
56
76
2
44
53
36
52
48
48
48
57
55
79
97
56
37
49
31
27
35
39
45
39
46
29
54
29
47
61
59
49
55
66
74
62
65
71
80
77
-16
58
76
79
62
79
85
59
53
83
0
45
66
64
78
91
82
86
77
93
48
73
78
56
72
72
62
74
78
79
69
95
57
79
54
71
69
49
84
75
76
65
54
61
68
54
59
52
38
37
44
50
38
54
75
42
56
30
60
68
56
47
69
64
68
61
52
70
59
69
65
51
51
63
59
58
57
64
41
42
60
47
48
28
49
57
36
52
42
56
60
55
52
41
36
77
26
41
39
44
63
80
32
56
84
68
-18
32
55
52
29
61
45
51
30
43
32
47
50
43
65
56
41
45
27
20
34
24
25
36
35
78
59
34
10
55
3
45
28
52
32
23
55
50
56
62
23
24
47
64
48
54
41
23
40
30
57
45
32
19
39
47
58
52
46
53
50
45
73
54
78
80
63
40
53
22
24
22
17
35
5
16
23
14
11
-10
-7
20
20
7
-11
30
7
24
1
25
7
9
10
23
23
7
24
42
7
39
24
33
30
6
35
44
30
13
30
32
37
26
38
22
50
34
44
48
51
54
64
53
52
80
79
88
73
-20
56
54
38
39
51
45
38
53
42
36
28
18
21
38
35
15
20
25
36
35
55
34
31
29
37
52
45
54
18
23
50
10
58
22
51
31
40
28
49
35
58
47
29
8
21
59
23
20
11
25
32
28
26
38
30
45
29
55
49
43
37
41
54
50
41
18
35
32
45
53
18
36
41
16
27
41
38
45
62
23
24
39
59
24
47
51
55
27
47
25
44
31
42
56
58
57
59
50
80
28
67
46
97
58
61
68
82
75
62
71
44
43
35
42
35
49
35
41
25
48
46
23
38
22
40
40
54
45
54
64
60
51
48
68
66
53
45
46
61
51
36
49
82
59
71
-13
51
58
69
71
91
3
72
55
42
81
39
73
55
65
79
65
60
74
67
63
70
59
84
76
67
62
76
79
80
45
77
91
-22
66
37
38
39
53
58
55
73
62
39
69
53
45
72
75
53
76
64
75
62
72
72
80
57
67
81
63
58
71
47
74
60
59
70
50
44
70
91
64
67
59
44
58
64
40
48
67
38
52
42
63
54
66
22
60
62
59
41
45
47
45
35
46
58
40
27
67
65
50
70
70
70
54
50
53
64
57
73
75
67
70
70
46
52
48
42
57
32
25
19
24
13
29
23
39
4
32
29
46
38
25
33
49
43
63
48
52
63
48
71
56
31
41
43
51
64
45
50
40
66
43
59
62
66
42
33
58
57
56
44
44
28
44
55
51
58
47
40
52
59
53
67
54
63
72
45
53
58
81
84
60
59
57
67
70
52
55
59
48
64
53
50
33
19
28
38
33
39
43
62
34
41
59
67
47
55
51
52
75
66
46
81
65
66
68
78
63
81
53
51
59
70
63
57
50
65
57
72
77
66
71
50
74
43
35
46
52
31
46
28
25
32
66
17
33
25
39
30
53
29
38
29
42
62
45
25
32
43
43
54
42
29
34
43
45
49
40
21
37
41
28
20
32
37
8
40
47
33
48
42
50
46
52
70
60
66
49
53
43
57
48
53
47
57
62
60
49
34
43
25
54
49
37
37
27
40
26
46
24
31
14
51
43
33
56
48
53
46
55
57
37
52
35
37
52
30
44
54
31
57
58
52
46
63
57
60
40
83
-16
60
63
77
67
55
58
79
76
-14
75
56
82
55
50
75
80
59
69
73
62
67
84
75
58
60
61
71
87
70
104
106
4
74
62
73
59
72
62
70
74
44
56
49
76
53
57
56
35
38
65
46
45
46
36
45
42
36
32
40
18
46
33
21
31
33
49
38
53
40
28
59
28
28
38
42
36
19
33
36
32
38
36
31
24
31
26
26
13
12
22
28
36
34
13
39
27
39
30
43
31
16
44
39
57
27
49
47
55
46
35
42
47
45
52
58
59
60
28
49
37
42
56
39
49
49
56
60
49
47
52
58
39
58
49
43
38
47
64
62
55
96
66
67
64
50
55
47
52
46
35
36
21
30
29
21
20
33
41
39
18
53
42
19
26
37
12
40
15
41
37
58
62
41
59
59
52
94
74
60
67
70
78
82
62
73
66
66
68
59
67
51
39
36
47
50
45
22
29
41
35
38
32
36
27
47
48
68
43
41
84
66
45
64
51
52
42
52
70
44
53
43
39
27
21
44
39
42
46
46
40
50
48
31
55
38
46
60
62
43
62
36
44
62
65
79
54
56
90
59
73
66
68
64
34
33
48
39
47
39
36
38
36
52
64
69
57
68
51
77
80
83
69
76
86
84
62
72
74
52
68
47
44
68
61
35
63
46
54
38
39
10
36
28
21
20
27
6
20
-5
-3
34
0
2
8
11
1
-5
-15
-20
4
-21
15
10
9
-11
-10
13
18
20
26
18
26
41
58
50
52
66
58
64
65
52
83
83
71
56
61
72
69
71
75
57
64
55
54
40
33
54
38
43
39
58
43
48
47
73
45
34
41
38
53
44
37
46
72
67
55
65
53
47
51
51
37
30
36
33
34
40
50
56
68
63
40
50
42
66
57
54
46
33
37
77
49
44
51
56
52
43
36
50
56
51
47
35
27
36
31
51
50
56
60
45
66
62
58
62
67
-20
55
40
54
49
61
53
29
45
69
28
50
59
52
30
43
59
57
74
63
71
70
55
96
76
-15
67
69
77
60
69
70
64
65
57
58
41
65
65
44
71
66
64
60
63
54
62
76
63
62
53
64
73
68
53
60
50
62
66
62
58
66
73
66
81
63
77
-14
69
48
57
73
49
52
70
55
59
63
28
43
56
40
89
63
29
40
18
40
43
25
36
37
38
16
34
28
47
22
20
21
27
7
29
6
43
6
34
28
47
25
24
37
18
29
14
15
16
13
26
36
17
35
30
31
20
36
23
36
35
41
54
61
54
56
67
74
73
67
67
46
67
62
56
69
62
48
64
54
64
58
39
43
61
52
62
61
52
43
68
74
67
75
66
70
86
-13
33
32
39
35
23
28
16
25
29
35
21
30
19
22
18
21
0
36
18
15
87
2
21
39
19
24
20
27
36
28
14
52
35
26
51
42
40
50
42
35
43
63
51
48
50
25
47
49
27
39
31
58
37
54
49
49
44
47
46
43
35
64
46
44
47
69
77
46
62
54
56
62
28
51
41
50
40
27
42
52
39
57
75
30
68
67
53
77
56
56
38
56
52
74
47
51
42
45
51
73
48
52
43
70
56
44
57
40
50
55
39
22
40
45
30
42
45
51
46
34
43
47
71
46
53
52
52
87
86
66
62
81
78
62
52
62
83
63
73
72
48
63
54
51
76
63
58
56
60
44
44
30
49
13
43
57
41
26
8
43
24
32
14
46
31
14
26
27
6
35
18
41
37
32
40
41
64
93
125
-11
64
-17
59
55
104
31
67
85
76
54
58
66
91
12
3
58
10
61
51
54
57
28
55
83
60
96
101
62
80
82
51
72
10
56
65
83
30
54
61
62
55
73
48
45
55
46
53
64
71
76
51
59
53
69
37
54
42
54
54
34
47
54
72
67
64
66
39
42
71
44
69
39
45
54
34
56
41
35
57
49
68
60
64
63
44
77
39
32
50
50
69
61
67
12
54
68
32
72
71
80
76
62
100
33
59
77
81
78
76
79
62
89
53
67
-22
58
62
52
53
83
73
70
47
74
86
57
52
58
90
72
71
-24
73
61
89
81
90
72
60
79
-9
64
84
69
74
66
15
72
93
69
68
63
64
55
67
76
61
44
64
69
43
66
64
68
67
72
61
73
48
54
44
59
77
45
67
84
48
34
53
71
72
60
68
58
64
51
54
63
44
40
58
52
40
18
41
40
42
38
40
42
63
45
40
38
40
52
46
67
35
58
51
65
70
46
57
63
69
81
65
49
86
67
109
-13
38
91
69
71
73
89
29
-13
71
72
70
80
79
87
82
78
125
-18
78
64
73
111
-1
72
101
-9
81
74
93
-8
95
107
94
-19
86
100
83
-23
69
91
17
73
87
56
70
64
60
87
62
66
77
53
80
72
77
66
67
81
93
49
71
35
78
88
71
88
69
65
100
88
75
77
99
72
72
76
60
65
75
74
62
49
50
65
49
80
4
63
18
60
46
57
63
55
52
42
55
56
56
53
54
48
101
70
81
56
42
49
44
48
41
44
78
72
70
51
77
63
64
97
10
87
105
43
0
29
65
15
56
64
42
60
70
86
68
75
51
54
94
57
54
74
56
57
88
64
88
64
58
73
70
63
68
60
64
41
52
53
21
36
53
38
32
51
28
45
40
48
28
43
37
58
48
33
45
62
34
50
31
65
64
83
83
82
76
-3
88
58
51
111
27
84
68
82
97
14
74
43
99
51
81
87
73
9
77
53
59
70
37
11
63
74
59
71
60
58
69
54
68
78
77
50
77
49
-6
71
50
58
27
49
32
25
32
65
49
41
33
23
8
20
26
27
21
22
29
14
25
34
31
25
36
32
33
21
37
34
31
24
15
52
43
36
29
31
40
47
50
65
23
45
25
66
65
63
56
81
59
47
14
32
54
57
38
50
57
43
48
17
52
39
34
46
39
77
57
45
45
65
56
25
34
51
56
44
61
70
44
27
114
51
