-16
-58
-63
-47
-31
-39
-75
-28
-53
-22
-64
-26
-8
-31
-37
-26
-16
-43
-23
22
-60
6
2
4
-21
-29
-22
-5
15
19
13
-10
-1
-30
15
5
43
7
-14
11
85
39
-4
-12
30
4
-23
0
-16
-5
33
1
14
-16
14
22
83
53
-17
57
34
36
7
57
60
48
79
-3
15
11
28
56
47
66
22
81
-5
-28
44
3
5
9
7
55
35
-3
6
40
2
43
21
37
58
20
78
71
55
30
41
31
-22
-6
27
95
46
37
79
43
80
34
68
102
28
61
1
14
50
113
46
-8
51
37
28
29
83
27
109
84
-2
73
-15
-12
54
93
35
76
26
47
37
61
68
50
81
44
16
32
78
94
33
43
21
64
45
49
82
59
52
62
79
42
39
51
45
-27
31
-2
-58
19
23
69
50
57
49
28
65
93
2
53
38
58
49
43
55
-6
56
56
29
67
46
21
37
17
45
71
60
49
48
51
24
41
-8
27
27
46
-22
28
-17
29
61
70
55
28
32
43
47
46
40
1
45
30
34
24
29
25
21
20
-5
16
7
22
40
83
-14
22
22
4
47
-11
3
-12
37
43
57
44
41
35
65
30
15
-8
13
17
23
27
50
38
48
29
30
62
54
5
43
79
36
52
36
14
26
50
47
13
15
59
88
51
-33
-24
50
18
87
20
17
35
41
48
47
66
48
65
60
61
33
10
54
60
45
40
55
43
71
44
31
84
35
66
53
50
93
54
45
61
69
-43
20
-1
38
-7
-17
35
43
27
41
31
31
61
45
38
47
28
27
45
58
41
69
63
58
44
42
65
-40
33
37
16
1
-19
40
28
-12
38
55
28
34
44
43
59
46
44
81
45
41
33
-14
30
37
44
51
51
72
39
-26
91
46
57
65
-2
71
75
-30
51
77
-51
79
41
51
-19
24
10
40
-31
32
20
25
33
42
39
11
41
67
20
38
49
45
69
35
61
62
-20
65
47
56
54
68
102
61
-36
70
76
0
51
45
81
49
95
7
56
33
80
35
77
-26
-42
52
76
110
-33
70
50
-18
53
44
97
2
102
58
-36
53
194
-22
74
45
37
-11
41
57
93
65
49
96
58
73
46
76
31
33
67
50
53
63
48
78
57
-28
67
52
100
100
27
46
58
-37
10
71
52
52
79
51
49
53
21
42
28
59
42
34
54
33
43
24
10
40
-5
19
17
0
-2
42
11
25
38
42
36
33
37
23
31
57
31
33
68
40
44
48
34
27
37
20
16
19
21
36
21
36
35
48
20
44
40
58
33
13
38
28
33
45
42
50
58
33
25
48
61
39
83
58
59
43
58
53
53
69
47
47
73
63
-6
30
51
64
49
48
10
25
88
28
80
50
77
82
21
45
33
92
58
34
-24
56
19
85
42
32
54
61
53
39
65
34
45
47
64
50
94
64
53
59
75
58
57
65
40
63
34
60
70
49
58
58
60
72
47
54
70
64
64
65
102
46
56
62
96
50
88
50
23
60
81
79
66
73
68
91
-26
64
44
83
58
82
60
38
67
0
39
64
34
63
55
39
51
53
56
50
31
58
57
54
54
80
43
49
81
65
103
64
89
97
89
43
90
46
56
42
71
68
-29
71
75
31
49
70
34
76
66
52
51
73
61
63
50
102
33
26
-2
83
87
61
47
64
82
45
105
83
-20
74
58
97
106
44
-24
47
66
69
72
-1
37
54
23
45
75
66
93
60
38
53
4
55
47
59
70
77
88
83
77
54
83
8
74
74
39
37
60
24
52
49
21
36
25
44
28
21
42
25
24
13
31
67
42
39
58
49
48
80
6
36
44
34
37
65
71
47
72
51
50
82
79
87
55
73
79
73
-1
42
82
42
22
-11
7
67
64
12
59
93
21
71
64
99
61
53
30
38
60
62
65
54
69
90
67
87
64
81
68
61
58
56
-11
49
-4
21
13
4
43
51
17
-1
49
60
74
55
40
84
21
71
99
52
70
100
139
76
57
69
-27
-15
-18
60
127
96
91
42
71
68
11
66
-9
48
38
74
94
115
98
60
52
125
93
71
56
38
75
63
72
30
88
42
80
63
75
66
64
49
76
93
102
78
104
85
98
88
93
-21
-26
74
50
46
31
56
10
66
55
64
31
62
86
73
99
112
62
107
67
98
23
88
86
5
-4
-22
20
132
18
95
112
68
94
40
-3
80
75
69
79
99
52
63
67
36
54
61
85
-31
70
44
64
67
48
56
46
39
67
30
67
58
54
50
58
68
-16
61
39
59
73
65
77
62
99
31
96
132
-15
67
92
74
61
57
81
74
79
65
78
96
39
78
46
35
39
75
89
79
70
57
2
75
-2
115
73
92
116
66
-3
65
76
106
89
43
51
70
81
89
55
48
115
55
80
74
83
50
87
109
84
75
60
56
54
74
54
93
52
70
51
45
82
45
49
51
66
27
47
59
53
53
64
74
50
64
18
49
54
47
46
36
83
51
54
66
76
106
89
55
73
-7
64
51
86
72
68
62
55
61
43
42
56
58
22
82
63
49
96
109
-1
109
131
75
5
109
97
105
29
24
95
52
96
85
95
72
-18
129
97
75
83
140
95
88
109
52
78
109
76
88
18
82
68
74
75
112
112
56
73
40
85
67
91
77
123
69
80
-12
77
44
13
100
80
108
-17
21
-13
49
64
61
57
24
32
78
66
85
113
80
28
86
69
21
53
84
-15
53
42
82
111
71
33
62
96
21
118
55
64
96
102
45
9
104
61
89
78
112
64
23
118
69
125
64
65
85
122
39
40
111
71
80
49
49
49
22
85
35
96
117
66
11
-18
57
94
71
105
116
132
69
91
97
71
45
72
85
117
86
85
77
94
110
122
39
76
152
47
108
74
104
34
75
11
54
35
84
147
66
-3
76
127
39
-26
0
40
27
29
134
86
150
59
91
84
5
-10
-2
-5
119
74
91
127
47
74
117
73
89
116
88
84
108
110
90
48
102
117
74
74
127
127
112
116
86
-23
12
109
27
98
112
121
23
92
90
100
151
101
33
76
88
62
94
41
129
78
128
86
75
85
3
59
119
97
77
32
1
123
123
78
148
134
77
15
86
97
108
133
28
22
25
43
52
91
77
149
106
110
130
50
144
80
71
79
111
107
93
97
47
56
24
43
145
56
74
136
127
155
138
-11
73
130
98
102
151
89
125
69
106
142
116
93
41
113
101
59
72
95
103
115
65
67
95
52
69
66
40
29
58
96
51
89
55
99
49
66
43
129
89
108
125
92
75
62
82
63
93
80
60
57
77
108
80
111
121
119
89
29
73
122
-7
-1
74
82
50
63
83
65
17
27
83
65
102
61
131
25
29
50
33
74
30
88
87
113
149
140
73
100
71
75
127
113
67
90
86
65
51
44
50
99
71
110
98
69
84
98
92
74
80
104
77
91
71
81
95
49
74
47
46
82
70
52
67
54
50
57
42
60
94
81
70
89
90
46
71
30
82
68
81
82
64
73
55
88
60
93
77
73
85
127
114
75
35
77
59
73
30
62
55
60
71
75
75
86
89
94
-26
86
107
65
145
-2
102
134
120
102
-18
12
53
-12
-6
-18
121
102
100
96
89
48
94
89
59
66
95
10
110
94
38
52
75
135
89
98
59
70
92
92
141
100
108
117
113
2
68
92
53
78
49
106
128
98
79
128
87
90
71
73
104
29
41
49
139
123
61
112
73
98
130
83
63
46
118
257
91
92
31
68
99
89
91
49
65
42
76
106
65
55
70
53
81
111
44
102
50
79
112
93
78
46
53
75
78
98
96
74
54
63
62
71
132
91
82
66
79
88
102
110
14
56
72
64
50
75
62
103
84
61
61
100
103
99
67
146
142
110
110
70
85
132
78
43
128
66
44
59
90
40
46
69
76
101
53
41
86
103
93
51
84
125
87
50
65
110
109
31
51
48
60
105
54
76
42
156
61
70
90
83
92
97
93
114
86
95
101
-29
99
105
133
126
78
91
90
101
94
-19
89
71
68
64
137
129
82
123
133
101
85
101
107
134
75
75
72
89
83
76
124
74
75
97
69
49
75
67
81
129
78
100
95
54
44
102
99
83
109
135
76
94
90
110
126
61
77
101
97
64
89
100
93
132
118
68
95
105
88
126
55
57
107
106
42
132
105
104
103
91
75
67
47
90
107
128
178
90
93
95
99
101
50
82
131
105
124
148
156
129
89
80
111
119
98
131
117
108
97
60
116
110
108
70
54
119
109
86
80
121
78
56
115
107
59
85
8
34
53
73
66
87
86
101
120
58
86
60
87
63
80
138
65
72
88
73
73
52
85
114
85
136
112
74
143
93
-34
55
61
49
85
85
60
99
78
80
95
110
108
162
95
100
105
87
63
115
114
127
89
159
99
128
151
157
100
-22
95
70
85
103
120
109
178
129
78
122
139
99
139
83
81
79
125
108
106
71
57
67
56
81
72
98
77
79
109
99
91
90
136
103
102
83
92
96
83
117
69
84
88
57
74
91
70
131
-14
99
-12
167
141
88
136
56
109
104
151
104
89
117
97
65
73
53
70
75
76
34
88
100
120
54
105
73
85
90
99
97
72
90
117
95
74
112
103
65
145
103
99
104
117
120
97
66
130
98
56
69
75
125
128
86
126
143
126
130
115
102
107
8
123
90
77
129
130
120
111
140
109
147
-6
103
105
121
104
133
17
47
96
100
149
166
115
129
113
71
115
100
89
100
138
150
95
167
126
58
-9
115
83
89
85
91
106
96
98
107
93
112
67
102
88
154
131
132
162
97
120
104
88
79
16
75
119
104
84
93
117
277
108
116
66
62
127
113
72
119
124
99
98
134
-25
69
143
90
102
104
87
135
111
97
55
138
158
27
120
81
68
119
117
80
86
61
108
104
110
126
145
93
93
106
94
97
130
103
138
58
87
118
88
99
141
126
113
145
138
102
69
96
97
63
141
68
61
89
73
63
77
84
32
93
80
73
79
63
54
65
107
100
89
102
91
74
73
69
68
67
81
86
68
66
103
102
117
99
104
219
45
40
79
69
47
100
68
67
63
46
62
93
74
63
63
67
81
15
53
36
51
59
55
38
51
103
65
65
72
81
55
60
81
72
80
105
113
131
67
67
115
64
82
66
61
71
97
65
54
75
63
67
110
117
101
110
105
69
111
139
82
52
105
69
62
118
107
104
77
-13
83
128
81
51
72
-32
67
77
70
65
111
85
68
43
99
102
105
100
71
95
98
87
106
98
114
85
46
92
94
97
133
162
150
77
77
94
141
138
85
118
105
149
157
140
145
56
93
100
95
114
83
92
81
98
127
114
-33
109
134
129
111
85
121
88
123
130
74
102
94
84
95
106
132
75
67
156
97
49
117
131
126
82
111
101
116
100
183
108
123
168
32
130
158
115
144
68
99
74
121
143
146
96
80
70
93
47
128
67
103
102
121
115
116
112
125
102
80
89
79
123
56
96
106
71
82
94
84
108
123
101
75
57
59
87
121
95
129
57
76
73
95
120
127
95
147
146
101
141
133
148
163
172
110
-3
69
62
86
106
116
72
95
45
72
103
142
63
49
68
110
91
77
132
75
100
90
89
118
74
91
128
126
105
135
128
109
100
134
114
125
111
78
68
103
90
35
98
68
106
109
108
133
84
101
104
90
80
92
80
57
113
70
98
92
105
61
57
68
82
107
118
81
91
112
115
99
99
77
41
107
92
166
127
153
113
127
101
136
121
142
142
52
127
109
117
100
91
118
90
75
114
169
168
-23
138
88
81
104
132
139
95
121
107
116
77
100
74
59
139
123
126
69
180
99
159
150
146
89
123
132
168
-20
97
105
71
106
106
128
55
129
115
112
102
161
135
150
97
135
113
114
102
133
86
147
113
162
150
133
144
96
133
110
144
106
85
118
119
131
95
134
95
100
105
124
72
108
100
128
103
99
110
126
129
116
102
126
110
118
127
100
130
128
-17
102
84
94
111
77
37
92
86
96
110
122
71
117
64
120
123
83
90
64
81
110
84
88
75
63
59
40
27
68
33
81
95
68
115
88
136
108
71
141
85
135
133
129
109
81
102
95
59
91
59
100
83
76
106
82
94
98
115
139
106
101
123
93
138
99
76
114
112
116
92
115
99
128
106
85
124
93
104
119
106
105
150
135
122
123
109
71
133
110
107
142
154
97
36
90
96
91
102
100
64
117
70
74
204
81
76
95
4
67
49
57
43
23
23
7
50
35
72
88
85
94
130
83
131
65
104
117
106
69
60
114
70
83
153
111
140
137
97
111
97
145
94
131
109
85
135
84
112
70
96
86
105
90
97
103
107
83
121
104
124
84
117
95
113
66
86
108
84
93
118
88
81
119
135
82
126
135
137
132
114
106
114
82
98
79
76
95
95
88
119
54
108
88
88
92
90
98
61
76
94
83
124
141
102
93
100
72
89
95
100
77
97
81
68
78
113
69
89
89
106
84
67
90
135
117
119
118
113
134
146
98
111
95
134
104
66
111
70
91
88
86
73
87
109
94
74
103
106
78
85
69
129
69
124
98
102
95
82
114
106
107
100
68
74
94
81
103
56
74
60
109
76
99
89
93
91
86
94
86
94
110
125
81
86
104
83
129
115
81
112
89
73
108
110
60
99
101
88
112
121
59
77
73
94
62
86
76
62
88
66
71
88
87
58
72
77
89
95
84
62
90
74
74
54
124
79
63
108
80
119
76
88
80
95
64
76
119
76
87
89
107
93
102
91
68
78
86
78
91
62
77
56
52
62
86
81
69
90
101
91
87
80
107
122
91
104
108
96
92
66
94
94
72
71
57
117
68
68
84
84
116
69
94
135
105
133
108
119
124
100
123
92
102
84
101
154
131
117
121
118
108
115
71
49
69
100
76
91
107
120
102
98
108
103
106
136
104
100
117
110
112
135
101
139
176
94
146
127
109
90
115
102
126
102
114
149
132
118
116
114
134
129
128
71
154
111
126
122
106
136
86
109
91
101
112
84
105
116
98
70
65
104
89
68
54
80
89
61
99
104
98
89
89
132
98
112
113
134
107
81
67
92
95
112
112
90
106
115
104
105
96
94
116
86
101
117
112
106
97
139
116
91
130
92
81
117
88
142
123
127
163
101
80
122
129
102
107
106
100
100
104
101
116
86
104
107
109
119
109
104
140
137
108
111
148
122
129
140
149
216
8
126
152
153
97
89
117
132
126
173
126
110
127
143
103
124
129
118
141
120
130
141
94
127
15
102
89
97
71
83
114
71
92
79
80
93
84
125
92
120
75
65
103
90
75
75
109
80
90
99
99
94
121
83
101
133
108
111
233
63
129
111
135
138
140
261
91
45
28
-16
-29
4
37
16
0
19
40
13
17
43
64
77
74
64
90
78
75
71
87
81
58
53
57
115
112
78
49
66
68
84
90
69
101
69
89
81
68
57
114
51
44
87
31
88
88
131
98
69
84
49
27
86
73
73
68
16
60
47
66
86
107
55
74
49
71
70
83
36
111
55
114
78
104
107
140
127
106
71
-1
85
154
109
98
94
68
75
83
78
125
71
96
132
-18
112
95
89
60
119
55
80
82
82
76
87
73
91
-20
57
59
59
35
54
71
70
82
64
55
70
55
66
59
67
73
71
63
52
59
79
79
38
57
61
64
78
65
40
64
88
98
73
65
74
78
67
103
76
78
79
81
90
143
134
103
115
107
103
122
88
-11
72
89
108
67
98
69
90
76
89
76
96
89
77
84
61
48
91
102
100
58
107
101
212
138
107
131
93
101
84
90
132
90
105
89
75
105
97
111
108
97
65
92
78
88
76
92
102
52
73
102
91
81
119
108
111
86
95
77
93
99
85
100
87
87
70
68
105
73
133
86
118
126
119
105
87
90
92
99
71
92
83
96
100
93
103
75
120
100
105
98
68
82
88
89
81
94
67
45
62
82
83
102
71
82
93
72
94
72
70
91
61
96
84
74
78
75
92
122
96
87
96
106
106
95
86
98
78
122
92
109
105
116
108
118
127
108
155
131
130
127
120
226
-13
101
114
101
119
121
119
94
113
88
64
100
88
84
101
79
122
89
114
80
106
63
124
74
100
89
95
78
108
109
129
121
125
115
152
123
131
58
89
99
95
106
111
95
99
116
103
126
120
119
117
118
73
103
122
101
110
89
74
115
79
232
73
116
74
23
84
94
96
94
82
109
101
84
89
118
117
99
101
107
91
158
102
99
95
135
135
105
75
89
89
88
116
98
80
102
75
113
92
88
88
87
103
112
59
98
146
121
106
107
102
111
160
119
156
24
92
118
128
119
89
112
95
66
81
92
88
104
118
144
72
110
119
96
154
117
107
123
102
137
137
122
20
91
84
80
68
86
88
82
109
127
124
117
105
100
136
111
129
18
112
122
121
149
96
85
131
101
114
110
115
113
86
113
80
129
117
109
84
120
98
121
99
112
99
110
104
84
113
124
123
118
76
91
70
91
95
96
96
71
68
115
85
105
90
102
103
88
81
81
73
112
87
103
96
72
95
111
86
92
103
92
69
88
89
92
79
79
76
82
66
73
106
108
84
86
96
85
80
106
81
99
78
72
76
112
75
63
65
98
73
82
90
80
85
106
100
72
131
78
94
145
77
106
235
113
79
97
99
63
87
109
81
69
70
109
103
107
86
92
140
116
94
105
102
119
123
92
75
92
61
89
88
66
59
87
80
71
94
77
78
65
85
66
57
67
65
78
110
82
71
106
78
53
89
102
90
108
83
108
110
95
133
112
99
109
89
92
87
103
82
80
97
86
95
110
121
114
75
91
78
60
73
93
91
68
59
120
88
82
102
104
117
82
96
97
94
104
92
101
95
82
87
93
69
79
124
88
76
85
85
82
102
89
127
130
117
102
119
123
108
-17
127
136
94
127
113
122
111
143
139
130
75
105
-22
89
107
79
101
83
84
94
100
104
127
94
254
149
134
140
33
124
110
101
116
127
130
139
127
130
143
33
120
132
102
122
116
104
123
127
107
114
136
129
139
103
145
145
115
127
137
118
133
121
136
131
95
104
131
107
102
94
76
79
90
104
100
95
97
96
105
86
91
73
96
85
100
94
98
119
89
112
92
95
111
89
85
86
112
119
66
100
73
75
63
77
115
96
105
122
105
99
100
79
75
83
91
90
88
83
69
78
105
81
94
92
72
62
74
80
66
89
99
107
119
89
99
81
96
87
97
74
90
67
89
87
101
79
109
81
131
87
123
115
87
105
103
79
123
117
75
87
89
119
108
103
-18
105
110
109
88
115
109
75
116
101
104
124
140
137
119
117
137
31
161
165
99
153
181
155
-10
115
123
114
-24
135
161
130
162
115
143
125
124
106
153
147
121
115
134
118
107
82
125
80
93
104
120
118
122
112
109
106
39
99
65
102
75
69
122
123
115
99
109
116
116
96
107
126
99
112
102
105
110
111
139
254
94
98
115
106
129
104
72
111
108
84
92
90
69
101
88
82
91
66
72
57
66
24
57
43
35
58
2
24
55
23
29
20
43
58
57
29
12
33
28
62
58
20
42
56
52
39
30
27
50
56
68
96
70
97
80
68
66
54
82
95
10
69
101
77
67
51
73
71
106
72
83
95
81
84
143
91
109
46
52
69
80
95
37
71
61
62
60
51
78
52
84
61
75
65
56
59
56
48
63
53
54
84
79
79
65
74
63
78
79
87
77
103
73
141
97
117
147
87
92
115
113
96
112
81
128
80
88
72
121
81
87
46
68
96
59
82
80
92
89
60
117
133
78
95
98
103
86
73
86
88
98
88
100
97
91
88
81
103
85
109
90
109
71
95
83
98
67
74
108
73
77
94
75
102
65
84
66
33
71
105
99
84
77
94
100
79
101
114
108
106
69
132
116
97
107
59
116
97
111
107
112
118
100
109
112
75
103
97
84
75
73
75
93
50
77
188
100
50
78
67
54
78
57
66
55
55
43
70
81
61
77
46
56
70
53
59
40
89
62
51
61
42
59
37
42
39
36
40
50
32
63
58
35
55
59
66
81
68
82
62
68
86
104
60
72
77
83
73
97
47
55
83
64
67
67
69
53
76
83
77
76
115
59
64
79
105
74
92
115
105
100
109
104
73
81
103
107
90
88
98
69
73
78
110
124
136
123
98
-3
88
96
136
114
59
89
124
118
120
105
124
129
106
101
101
110
107
89
93
117
92
117
104
79
131
117
76
114
107
106
93
105
44
81
101
112
101
102
88
85
71
103
107
82
101
128
115
103
97
122
118
103
151
109
159
123
123
139
114
136
96
88
112
96
145
115
120
120
106
116
122
125
62
108
125
133
124
94
118
103
87
100
107
109
84
108
100
99
102
115
105
103
85
90
99
77
116
115
64
106
91
113
98
99
123
97
96
58
125
103
114
98
123
92
142
117
82
105
103
138
92
83
120
128
139
120
144
120
119
119
142
100
142
114
156
131
150
137
96
95
132
90
234
134
123
115
105
111
92
99
100
88
100
84
102
82
52
71
104
64
58
69
68
75
67
40
53
68
61
75
76
90
65
54
55
91
79
86
89
81
93
74
106
59
90
108
94
101
93
80
97
110
79
93
107
116
26
91
90
83
119
128
79
91
97
97
122
135
141
112
95
89
80
100
102
113
122
78
132
130
119
91
122
109
110
104
126
92
80
118
118
133
127
116
63
108
108
112
109
108
94
131
123
131
87
90
85
105
88
96
131
108
112
118
110
87
125
107
102
95
100
95
113
94
66
116
87
119
114
113
108
145
226
105
132
122
94
94
119
102
61
131
111
77
96
121
99
89
98
81
120
108
122
125
109
124
115
112
107
129
118
153
158
132
114
106
115
106
105
120
168
137
134
140
71
111
116
105
84
98
127
73
108
129
126
68
102
108
138
116
100
79
91
108
214
117
116
138
103
86
86
121
109
89
129
115
105
128
128
113
132
87
147
131
119
141
97
145
137
79
130
128
106
22
115
116
140
133
110
146
120
133
92
-12
123
130
88
134
122
106
146
84
85
86
111
77
110
91
85
61
68
111
88
46
116
87
225
97
89
60
94
88
112
105
108
107
102
104
136
104
84
95
113
124
100
99
110
66
119
70
105
79
72
108
112
114
87
113
142
85
94
92
89
89
110
68
109
55
106
124
109
214
116
114
96
83
97
108
115
73
39
53
65
58
52
74
48
71
84
92
60
81
85
97
86
74
89
94
61
142
80
83
114
125
50
95
73
118
102
89
132
134
145
159
135
130
73
85
103
104
89
100
82
63
53
165
121
120
128
73
108
64
119
133
112
120
93
138
109
116
99
111
119
124
125
120
131
100
95
120
113
136
77
110
108
130
99
126
93
133
133
124
79
78
138
108
117
140
135
103
97
133
105
92
116
128
141
102
106
137
102
130
115
178
143
91
126
100
122
47
115
126
132
127
123
134
66
132
124
133
131
141
108
145
109
143
98
113
145
131
80
107
133
120
126
95
211
116
132
147
102
110
134
112
111
144
95
108
131
92
114
59
94
80
89
104
82
101
116
103
143
107
87
108
59
101
83
125
116
75
105
104
104
102
81
94
99
97
73
85
80
100
120
141
106
89
115
130
136
93
90
114
73
108
85
73
75
82
139
111
87
76
61
120
87
111
96
93
92
83
77
72
73
96
134
111
85
87
108
69
113
133
-27
94
156
123
128
104
113
109
136
131
115
112
105
102
112
60
94
92
65
102
108
96
95
93
103
77
142
95
110
114
61
103
111
115
109
89
105
109
115
121
112
126
125
99
167
128
137
120
103
121
112
119
144
109
93
103
133
161
141
159
122
117
137
164
112
169
99
85
239
136
108
125
113
164
99
113
135
124
143
131
122
226
26
128
138
97
97
102
98
105
124
114
110
99
134
110
111
143
129
99
138
118
104
84
118
115
106
140
80
126
114
147
120
134
79
133
120
125
98
82
107
151
101
126
166
139
95
106
129
144
110
105
99
109
104
119
94
104
102
102
59
111
143
92
79
107
113
113
89
122
57
122
89
127
91
132
127
115
97
60
118
55
81
89
70
81
123
87
144
89
116
107
75
87
88
118
94
93
76
83
100
83
41
79
120
96
120
86
93
69
116
124
77
116
99
112
101
95
89
92
88
88
64
82
74
122
114
103
97
121
110
117
109
87
119
109
84
79
95
69
96
122
90
93
99
78
91
115
106
130
57
103
105
118
101
101
111
106
105
90
92
112
102
91
76
74
126
94
110
85
84
79
88
68
123
100
105
80
80
84
103
86
95
109
120
71
139
91
101
139
94
99
122
105
111
94
98
145
70
102
135
120
104
130
103
135
107
108
98
105
118
111
80
77
78
86
81
