-39
-51
-53
-51
-37
-51
-50
-52
-46
-31
-60
-29
-34
-43
-40
-44
-27
-45
-50
-30
-47
-33
-36
-34
-29
-31
-46
-34
-21
-30
-34
-33
-31
-34
-16
-16
-18
-30
-34
-10
0
-13
-20
-11
-10
-11
-13
-23
-22
-15
-6
-23
-4
-16
-2
-10
16
3
-25
-3
0
0
-7
1
-5
-6
9
-18
-8
-7
-2
-5
-4
9
-9
7
-21
-15
2
0
-2
-10
4
7
-5
-10
-8
-5
-2
-3
2
-3
34
-2
10
11
17
2
-8
11
8
-14
3
12
23
-3
4
7
6
3
17
18
-6
23
-13
1
12
30
30
7
24
34
40
15
49
62
45
61
38
6
4
14
55
29
24
0
10
33
26
9
42
45
30
49
22
27
37
35
46
20
47
34
48
48
22
35
38
47
35
40
25
40
34
27
53
6
7
42
26
43
31
65
24
40
24
46
30
30
28
51
60
47
40
42
51
33
22
38
75
31
72
63
60
63
32
70
84
32
61
38
54
52
21
45
41
43
19
44
47
62
44
52
31
44
66
53
53
39
58
35
64
40
45
39
40
65
52
56
47
24
37
87
38
58
62
58
59
40
70
45
62
81
69
61
62
69
83
73
60
94
56
43
60
71
73
55
41
40
31
40
31
24
38
30
43
40
50
54
37
45
70
40
41
46
70
51
21
31
47
42
60
31
37
42
30
54
71
80
43
56
49
53
39
31
51
49
59
42
45
45
74
25
40
52
46
50
62
43
78
71
77
66
63
40
52
26
47
30
36
56
51
31
40
67
42
46
51
42
35
36
20
31
50
30
60
72
74
58
39
66
57
68
65
47
56
51
54
58
63
67
46
63
61
47
52
71
68
55
58
49
59
56
44
60
70
51
69
51
60
52
38
52
61
58
73
46
47
65
49
69
57
47
59
56
63
39
57
61
55
43
45
44
45
44
60
54
53
28
54
39
54
49
44
53
42
53
54
34
40
53
44
48
55
46
49
27
51
46
45
50
44
47
55
59
35
52
39
56
54
46
23
32
52
51
60
40
70
57
50
75
21
54
39
53
65
37
66
94
51
68
48
36
51
38
46
65
62
63
51
57
61
56
66
52
42
71
57
42
64
47
56
56
36
50
46
58
66
40
21
50
32
17
25
46
57
67
56
54
63
47
55
57
46
40
40
44
50
52
35
47
52
44
38
42
37
43
42
43
47
46
33
45
50
34
38
41
57
45
52
58
64
70
64
45
49
44
50
40
55
49
64
58
57
71
63
57
50
52
54
16
28
50
39
60
59
52
54
63
72
46
36
69
62
70
72
68
53
67
72
74
67
69
55
85
82
42
69
63
75
82
41
64
55
78
60
70
59
72
57
61
50
58
70
55
50
43
62
50
70
55
40
68
61
43
53
59
39
55
52
62
35
64
76
62
66
62
51
59
40
59
56
54
55
58
60
62
54
71
72
53
68
66
58
64
63
67
61
61
59
64
58
67
60
62
60
79
62
59
52
64
65
35
58
52
71
58
67
47
48
48
42
36
35
44
38
46
46
37
59
59
49
36
38
41
38
30
27
26
38
34
35
46
33
41
41
46
40
52
26
41
37
37
37
20
35
44
40
43
56
37
42
53
41
42
49
50
51
52
55
49
49
21
53
60
54
49
53
39
48
65
41
40
46
51
54
57
41
28
48
46
48
60
45
56
55
43
50
65
66
71
70
57
66
39
52
55
40
51
46
58
58
69
66
63
34
58
59
48
40
58
42
44
49
45
23
37
41
41
54
44
42
23
42
43
59
46
47
47
48
41
38
30
40
55
39
52
44
39
41
50
47
38
56
53
54
71
68
60
68
52
21
62
55
52
52
35
49
68
46
56
48
41
56
48
62
59
58
44
43
51
54
58
56
60
67
64
63
70
67
73
60
62
63
63
56
39
51
42
57
50
39
42
45
71
50
69
73
65
80
56
83
59
71
71
74
86
57
39
73
61
61
40
69
76
73
80
70
66
81
35
31
45
59
71
72
69
88
65
59
80
90
80
86
58
43
68
53
85
57
65
61
66
45
73
58
62
57
61
68
55
53
71
59
66
76
66
37
42
59
53
67
62
60
58
59
57
44
54
42
51
62
65
74
77
76
61
70
58
68
72
46
60
54
48
79
56
64
78
52
41
32
34
40
45
53
35
52
46
50
54
55
51
50
35
16
50
38
47
54
37
45
36
46
44
35
42
42
47
34
35
39
30
52
55
48
57
36
56
30
54
30
48
61
27
35
47
32
30
46
48
38
43
34
46
44
35
56
29
59
44
34
53
48
40
48
38
42
20
53
35
47
51
46
32
45
46
60
39
57
53
50
60
60
34
44
71
52
44
60
37
50
48
53
57
44
39
55
47
56
53
63
51
63
40
32
53
43
47
56
50
39
40
41
45
46
58
56
56
60
35
52
48
55
40
48
59
49
25
43
46
51
51
51
41
19
46
35
53
47
49
56
32
45
54
44
44
42
36
52
49
54
43
63
39
50
60
48
35
55
52
44
28
39
54
41
60
52
40
46
34
65
51
46
57
59
55
57
43
33
49
69
51
53
48
62
43
57
46
52
54
61
53
56
56
56
67
53
66
31
59
25
42
45
36
51
42
53
39
51
52
44
63
51
61
66
37
54
61
59
76
69
73
55
71
46
45
51
34
46
56
52
56
61
49
56
56
32
49
50
42
55
55
42
42
68
54
62
70
48
52
43
62
55
60
53
51
58
74
64
44
71
61
59
56
36
44
50
53
48
53
64
62
53
28
53
61
45
66
58
81
61
57
66
48
46
39
51
64
53
61
50
68
59
75
52
57
72
56
59
59
54
53
43
20
38
56
38
69
55
50
63
60
60
31
65
55
61
70
68
62
80
62
75
59
38
42
51
57
83
65
73
81
40
64
70
73
64
70
67
73
41
53
33
44
53
62
54
45
73
62
64
78
37
34
48
62
42
52
69
50
43
60
48
60
76
51
60
59
49
43
59
52
67
54
70
58
56
57
40
71
70
43
52
47
35
58
65
51
62
65
48
32
50
52
50
62
36
39
37
44
41
58
60
70
67
64
71
52
77
44
50
56
57
50
51
71
50
55
40
59
67
52
64
72
62
74
83
44
67
81
67
73
86
67
72
56
70
78
69
78
65
75
77
77
84
78
82
80
71
66
78
60
70
65
35
42
61
72
56
66
60
49
51
61
47
72
50
65
64
58
50
54
52
42
54
42
49
44
46
65
63
64
62
69
60
41
56
59
40
36
43
60
44
45
35
35
15
33
43
36
44
53
70
46
45
54
47
48
39
48
61
57
59
62
53
68
68
56
57
64
57
55
53
48
54
39
42
53
55
67
58
53
64
54
50
57
43
55
51
48
61
61
61
45
59
39
51
49
51
41
58
60
37
44
45
52
64
49
48
62
65
72
43
60
60
63
48
65
65
70
74
55
63
67
57
39
64
79
90
83
47
76
71
61
43
68
69
48
69
58
62
72
65
57
48
81
62
59
73
54
82
85
85
82
46
60
36
44
59
38
70
73
72
69
69
44
69
66
57
60
61
46
66
68
52
64
70
76
70
69
64
67
74
47
81
67
73
75
73
38
62
68
61
68
70
63
65
74
69
58
71
74
65
62
79
58
60
60
87
74
69
74
80
81
70
65
52
63
82
108
70
59
73
41
62
53
63
63
52
52
57
73
57
49
60
51
56
66
49
65
63
57
58
57
66
50
50
40
57
54
50
42
45
39
54
44
60
66
69
59
60
54
56
65
44
49
53
53
52
55
42
60
61
51
53
61
77
68
60
69
67
52
69
54
64
74
63
53
71
64
51
58
80
64
60
63
70
71
35
55
55
65
63
64
63
79
63
58
56
78
72
55
65
61
69
70
76
60
50
91
71
52
68
62
64
50
65
68
60
65
68
33
58
45
54
58
55
54
54
57
55
36
69
59
56
45
73
63
61
56
68
66
63
64
80
66
49
43
60
61
68
62
69
61
63
62
67
64
62
61
73
78
60
70
74
65
74
73
77
80
66
86
70
69
86
83
94
72
75
64
77
76
76
47
60
81
77
74
51
90
71
91
53
45
70
83
79
63
105
79
69
77
87
74
60
82
46
78
105
70
90
74
82
69
69
71
84
76
71
67
64
79
81
67
86
80
83
75
75
76
74
74
97
85
78
70
84
95
86
65
84
81
74
78
88
76
88
68
61
44
68
83
77
72
60
84
84
71
74
73
75
53
69
73
64
67
51
73
61
63
67
56
48
76
75
64
87
60
43
67
62
70
77
73
62
84
73
91
54
86
84
93
72
67
60
65
42
88
69
71
71
84
73
68
58
96
69
42
81
73
79
77
101
89
92
106
39
72
81
94
95
75
49
61
92
52
69
66
67
57
74
66
66
78
61
59
52
65
65
69
62
73
69
53
53
62
50
63
52
49
70
63
53
52
45
66
34
55
47
75
72
63
70
62
67
54
77
79
76
80
77
77
74
72
77
67
56
48
62
79
71
58
79
59
53
71
54
57
67
70
66
69
83
77
82
50
96
56
75
74
73
63
74
52
76
78
67
79
72
89
75
66
82
107
71
79
78
82
75
59
84
73
85
71
92
80
82
101
81
93
63
73
81
66
84
87
69
71
85
74
82
92
85
74
84
72
89
84
87
75
92
86
64
90
79
70
53
85
54
71
74
76
84
81
77
73
87
60
67
69
66
70
74
81
81
66
74
70
61
60
56
61
69
75
42
51
64
102
68
58
64
66
71
73
66
64
65
71
71
77
39
61
91
74
69
81
85
89
55
72
59
69
56
44
54
48
58
54
67
48
54
44
61
64
56
62
65
60
55
68
62
46
64
75
65
54
66
59
56
57
57
62
72
74
65
59
51
55
59
65
65
55
43
47
53
65
46
58
30
63
53
58
44
55
51
52
60
56
33
63
51
56
55
52
52
39
47
52
56
53
53
60
56
57
59
83
48
40
56
47
52
59
68
60
45
40
61
52
57
55
48
49
50
34
49
39
41
55
62
50
47
55
53
53
31
56
43
34
54
50
49
58
66
67
59
52
69
56
60
47
50
59
52
50
53
55
55
48
65
57
54
55
67
56
81
60
63
51
65
49
58
66
59
64
51
27
48
65
50
45
52
29
55
49
57
38
42
49
50
43
59
48
50
52
41
49
65
57
63
58
70
65
53
56
70
68
77
80
52
51
55
52
64
54
42
53
52
54
63
56
58
41
52
48
61
65
54
59
47
51
55
56
24
59
56
58
55
53
51
43
62
63
48
67
58
53
49
52
64
43
42
56
58
50
62
70
41
45
54
59
69
63
77
88
43
65
49
60
62
64
65
56
66
44
72
73
82
69
53
65
84
52
73
37
49
39
53
63
63
62
64
56
58
65
47
65
48
62
58
46
56
60
41
57
59
62
52
44
44
46
57
50
67
45
60
42
60
61
68
56
60
71
57
76
62
74
75
76
67
35
50
69
55
61
71
58
48
53
64
75
77
68
58
61
66
62
61
73
68
52
51
44
67
71
64
73
81
56
79
79
52
69
87
73
82
71
48
54
69
63
70
76
67
58
76
76
75
49
73
51
53
45
56
72
56
68
51
61
56
60
61
55
54
66
58
73
54
69
56
64
76
51
53
61
55
64
86
74
61
72
74
65
79
61
70
76
46
70
58
70
69
58
66
36
53
76
70
72
52
69
50
61
70
72
73
74
83
57
72
63
61
73
52
64
58
70
47
85
65
63
68
86
66
67
71
81
53
72
74
67
69
72
54
68
69
81
76
75
76
75
82
63
83
71
73
71
53
48
68
60
80
72
69
74
65
74
71
76
63
68
70
64
71
76
76
67
68
67
72
63
67
72
68
71
59
59
57
79
74
63
71
67
80
69
47
72
50
39
60
45
60
61
58
64
72
69
67
66
77
69
75
57
67
68
58
70
60
59
72
67
78
63
56
58
50
50
68
48
68
65
56
64
62
67
76
45
73
62
70
69
64
61
58
57
54
55
59
55
50
56
56
64
68
57
58
81
77
60
64
66
67
62
52
55
71
70
65
60
67
60
63
65
73
72
62
67
58
56
61
50
67
52
63
46
47
51
60
63
70
55
48
36
48
51
48
56
35
39
50
40
43
65
41
43
38
29
31
42
34
44
54
37
23
39
49
42
44
51
55
57
61
62
52
74
65
71
60
48
59
33
49
64
53
54
54
57
53
50
63
52
55
54
46
55
46
52
44
42
53
66
42
58
41
60
61
64
59
60
52
50
50
57
44
52
51
55
58
74
59
60
64
69
59
65
58
64
41
60
57
42
44
44
41
41
52
44
45
62
40
55
53
59
56
57
46
45
44
47
57
70
66
56
62
59
41
56
51
63
48
50
50
42
49
53
54
66
62
69
56
55
58
57
59
55
53
56
62
73
63
57
52
64
55
51
50
46
51
41
48
33
55
56
52
48
55
42
48
50
41
52
34
52
54
47
36
53
47
50
46
46
45
54
46
51
53
40
50
44
52
45
47
56
48
50
44
60
44
55
61
60
51
52
57
53
73
71
56
70
42
51
59
68
44
67
57
41
55
66
41
59
48
58
44
58
28
56
50
37
49
43
32
50
40
46
48
59
53
47
61
49
57
48
66
37
30
73
64
55
61
63
50
67
48
49
59
35
49
51
44
57
43
60
41
56
56
43
52
44
42
50
39
48
57
58
43
47
61
58
67
63
74
63
59
56
59
43
56
50
69
60
49
56
49
63
56
55
56
59
51
57
69
79
85
45
55
55
41
59
65
57
46
52
49
67
64
56
64
67
62
51
53
52
43
64
32
64
53
61
52
52
52
52
60
59
59
57
65
68
59
64
45
49
63
42
61
57
47
57
66
56
58
58
58
67
56
67
42
59
61
56
67
51
93
63
60
65
61
67
58
62
65
70
60
53
62
65
64
57
54
64
72
57
46
53
54
62
58
59
55
54
62
65
46
75
64
63
61
46
40
62
56
58
59
59
58
56
64
53
60
58
67
55
55
62
64
69
64
73
59
52
66
57
51
69
56
59
53
62
72
60
52
65
67
54
65
62
63
51
57
65
65
52
62
60
55
58
63
59
56
67
60
55
61
53
55
56
59
74
32
52
66
68
55
60
60
69
62
68
58
59
68
75
59
58
60
50
58
54
66
69
58
60
51
46
36
50
42
47
65
59
53
52
51
51
52
62
53
57
51
51
61
51
47
52
48
39
50
60
49
55
54
49
50
57
56
46
72
40
65
58
58
58
62
85
47
36
31
28
27
30
28
31
34
35
39
35
30
47
38
47
38
44
48
41
46
44
48
45
45
48
34
46
42
42
38
35
53
52
47
40
56
57
56
46
37
39
55
32
47
58
37
25
46
52
50
44
56
50
20
45
52
49
48
44
40
32
53
36
60
49
42
51
41
50
50
52
57
49
68
50
45
70
71
78
72
63
50
72
60
63
67
67
68
58
59
71
45
42
59
64
38
54
63
69
66
75
42
66
46
59
54
64
51
51
35
53
50
40
42
37
56
53
57
48
59
52
45
50
53
46
52
53
51
56
53
59
61
57
73
56
42
55
51
50
51
55
60
45
42
44
59
53
62
52
61
43
35
56
68
46
63
59
45
43
49
45
35
49
52
58
38
49
39
51
56
48
23
51
54
55
48
59
27
79
50
59
60
43
65
69
55
60
64
58
55
50
36
59
43
41
60
43
62
46
51
50
51
50
52
41
55
44
38
57
46
46
59
59
24
67
53
64
71
63
62
59
44
62
54
53
58
47
55
65
53
66
57
75
44
49
59
56
58
63
60
62
37
57
56
68
57
45
42
65
58
65
58
45
57
62
56
53
56
47
33
58
59
69
62
50
54
49
61
65
56
60
57
39
59
49
49
60
51
52
49
52
58
36
53
65
58
53
57
56
65
57
58
59
54
59
69
67
60
73
61
70
66
61
96
38
54
64
53
60
67
61
62
66
59
17
61
50
49
66
49
67
73
59
56
35
37
64
57
58
54
66
49
64
57
69
59
79
62
72
46
45
52
69
46
49
54
71
38
51
60
42
59
59
57
58
69
55
55
53
52
63
52
50
68
72
89
61
65
59
54
62
59
60
57
69
77
71
31
72
50
70
62
69
69
74
87
68
66
55
68
80
64
64
69
63
72
68
68
56
61
55
68
68
67
74
66
63
64
55
66
73
63
62
59
67
67
69
62
72
43
62
73
74
63
65
56
58
66
71
62
58
58
74
72
61
61
65
59
65
59
61
57
50
60
61
55
43
55
41
57
58
64
59
68
67
73
78
68
35
51
51
51
68
40
55
54
68
62
52
57
61
62
45
53
56
54
51
54
58
74
66
63
58
72
62
65
41
49
56
53
61
63
57
58
63
64
37
55
43
50
50
50
50
65
51
67
48
65
50
55
61
57
55
41
47
60
62
58
58
48
56
52
56
54
61
41
53
63
53
86
55
60
40
50
47
53
52
58
46
49
48
49
50
66
49
56
50
55
58
62
59
54
55
61
49
53
58
54
65
65
63
59
70
66
66
66
61
73
85
76
58
69
60
56
68
40
37
36
37
61
56
63
56
48
65
60
58
58
46
59
61
57
59
58
45
50
57
46
59
60
63
56
59
57
59
59
60
59
50
45
61
53
66
51
52
56
56
45
62
57
55
67
45
63
63
64
70
55
54
62
66
62
56
60
54
55
59
67
63
58
73
65
50
62
53
63
58
30
55
54
46
68
57
62
58
52
58
58
56
50
57
64
59
65
66
52
59
64
52
58
75
65
59
61
56
52
69
44
65
61
51
58
70
64
65
32
64
72
61
68
65
58
71
50
66
75
58
61
42
62
70
56
71
56
60
52
58
57
64
55
91
74
61
67
39
56
63
57
53
61
60
57
59
57
64
36
54
48
48
55
59
46
52
57
57
61
70
56
71
65
67
70
67
72
72
62
67
67
67
57
66
60
63
55
52
48
53
56
54
65
67
57
63
56
60
55
53
50
67
55
65
53
51
65
51
48
50
56
59
46
62
45
61
56
49
55
51
52
49
57
63
59
58
55
55
51
58
42
58
71
56
59
59
48
54
56
59
67
58
47
52
48
53
46
59
53
59
55
66
53
71
59
67
69
56
59
56
44
53
49
64
71
60
58
66
64
70
73
57
67
63
50
56
68
61
74
45
69
59
65
39
50
62
62
63
68
63
55
78
65
67
53
78
77
58
63
74
52
80
78
60
73
52
67
29
41
66
60
49
79
70
52
59
81
82
62
75
67
66
67
71
64
82
58
71
57
75
61
54
67
68
61
67
57
71
45
53
60
53
53
64
51
67
84
68
43
62
69
56
41
60
70
58
66
82
60
68
75
71
102
65
67
68
54
82
66
52
67
79
58
61
61
57
66
73
71
72
61
64
52
37
54
61
54
51
39
42
42
52
47
42
41
53
51
58
39
49
38
41
51
46
42
42
53
39
43
38
36
38
53
50
57
51
71
53
51
51
45
52
49
44
53
66
56
71
47
54
58
53
50
47
60
44
51
70
50
57
41
41
47
52
50
39
51
50
53
54
47
51
45
64
53
55
59
42
48
46
44
51
43
47
64
34
53
46
48
51
54
51
53
51
46
53
51
51
48
59
54
49
55
64
59
60
54
63
58
61
43
69
59
53
62
56
63
46
51
57
56
59
52
71
70
62
63
43
71
52
54
45
49
53
66
60
58
51
57
48
59
56
64
62
50
53
46
63
67
61
71
73
61
64
79
63
65
45
58
51
33
54
53
56
68
54
57
58
59
62
64
65
67
55
65
68
60
60
52
61
60
63
61
52
73
50
60
58
50
57
45
46
42
49
52
51
44
42
73
61
36
41
46
52
56
44
45
45
56
48
50
59
54
71
53
36
62
62
42
53
69
47
51
35
54
59
47
62
54
36
49
57
62
72
64
36
51
46
58
61
57
56
57
32
63
69
51
57
60
64
70
58
49
63
61
57
51
64
50
57
57
66
55
54
48
46
53
55
67
58
65
60
59
60
63
39
48
47
60
61
55
64
61
50
54
53
71
73
56
63
61
39
55
62
69
63
49
60
63
34
65
56
58
59
46
48
50
57
56
55
50
47
58
58
57
66
58
62
54
47
50
43
43
50
45
53
56
62
51
56
37
51
49
54
65
45
52
48
59
60
48
66
61
47
65
57
57
54
63
63
50
61
69
47
68
56
67
57
62
76
51
51
51
61
43
52
60
58
51
57
65
53
55
48
49
50
45
61
58
55
53
55
61
60
57
43
51
50
63
59
42
55
45
32
66
54
55
43
40
31
53
54
55
46
50
45
48
44
47
49
44
52
51
40
45
54
54
56
56
50
58
54
65
44
46
48
64
59
61
54
54
48
44
51
89
63
62
68
52
65
51
56
57
51
53
54
47
46
31
42
50
42
28
44
50
48
44
43
51
33
51
62
47
61
56
52
53
66
71
63
60
59
46
45
36
42
54
67
56
55
78
55
77
63
42
57
72
59
40
39
52
52
71
44
56
57
59
49
80
50
65
65
56
58
51
53
53
52
60
44
59
58
56
75
61
64
59
53
62
65
69
63
67
64
57
71
50
72
59
58
70
58
44
78
57
67
61
58
49
57
45
58
64
52
56
60
54
60
53
65
58
55
50
58
62
48
47
61
51
80
59
71
55
64
74
59
63
51
52
59
52
30
49
60
54
50
53
40
64
67
48
49
53
65
62
69
67
71
60
69
57
61
68
78
79
73
73
67
63
39
53
64
83
66
63
70
61
55
48
65
45
62
67
57
55
62
56
54
53
57
71
69
66
55
60
58
92
67
63
74
38
55
52
64
63
56
55
63
60
66
41
55
43
38
63
63
57
56
58
65
52
56
56
59
51
31
74
51
65
52
53
56
52
59
56
30
65
57
58
63
55
61
66
48
40
63
68
62
65
69
44
52
70
69
49
47
75
75
84
62
64
51
79
71
71
54
76
62
58
54
66
58
62
56
78
58
89
70
63
58
53
61
75
83
71
73
85
70
68
71
63
75
48
51
74
52
62
60
72
64
64
77
68
97
73
57
70
61
75
52
78
52
49
59
60
47
59
66
57
64
64
40
50
51
53
65
60
56
53
67
58
68
71
50
77
73
56
55
52
67
68
62
56
69
64
69
61
62
51
69
75
58
60
67
66
64
61
61
56
54
74
61
54
43
61
76
63
75
65
77
72
80
70
78
61
70
87
70
75
70
75
71
88
100
56
66
82
96
87
94
90
82
97
79
71
70
105
69
76
93
102
95
91
92
88
89
67
103
97
73
83
99
87
90
87
102
104
68
74
77
94
73
74
84
94
86
61
70
64
78
78
72
76
78
75
76
78
95
84
73
90
117
74
87
85
93
91
75
108
91
102
91
62
85
84
92
88
78
82
96
70
76
88
64
79
77
89
82
78
92
73
80
90
76
73
86
72
74
69
100
81
70
79
83
85
92
85
100
86
73
61
75
51
65
73
81
77
51
55
74
76
85
67
82
87
93
63
55
69
64
86
78
66
52
57
53
65
69
56
67
76
55
64
62
73
68
69
70
82
62
61
73
74
66
30
51
75
76
63
77
68
68
84
76
76
74
60
69
75
42
70
71
69
56
78
78
67
53
80
72
77
74
70
71
60
63
74
73
73
60
58
76
74
77
76
72
76
67
84
87
98
85
84
79
70
80
79
75
75
66
86
79
70
88
78
46
70
79
82
71
62
46
86
63
62
72
69
85
57
60
76
69
74
69
82
92
62
88
93
86
81
70
72
59
75
82
80
62
74
70
73
78
60
64
73
75
78
59
70
76
69
81
71
86
87
83
68
76
63
77
82
74
59
71
71
86
67
86
84
92
68
73
69
80
85
64
87
83
86
85
84
93
82
73
43
71
78
68
52
58
72
74
69
77
53
72
68
73
72
79
69
74
78
62
113
68
55
60
61
66
72
73
78
67
85
75
100
89
48
68
50
78
40
69
63
61
61
67
79
40
68
55
63
68
94
81
52
67
60
