65
54
554
55
378
179
658
184
256
595
49
175
1000
505
234
135
36
169
158
695
736
631
762
114
403
239
248
1000
178
41
57
23
14
850
50
1000
17
1000
19
229
57
72
1000
50
599
621
40
292
195
104
32
161
253
352
360
437
1000
33
803
514
754
678
9
144
113
1000
342
18
300
13
310
63
13
339
1000
332
1000
314
184
1000
737
157
217
30
356
33
1000
194
205
21
109
14
1
147
460
587
1000
309
685
298
928
1000
633
1000
1000
1000
1000
79
622
17
579
1000
1000
17
98
100
260
86
1000
412
285
1000
1000
350
77
420
851
1000
121
315
49
638
386
29
183
298
160
364
137
1000
61
28
355
184
586
40
51
96
504
190
51
536
152
93
293
484
1
593
1000
272
69
126
1000
786
271
198
29
274
75
99
263
470
687
144
709
66
544
661
165
254
598
953
19
52
320
35
571
1000
554
449
297
443
22
305
863
143
547
1000
91
359
192
37
157
179
226
799
406
39
1000
54
306
671
671
429
128
42
103
436
571
401
468
78
488
61
229
80
151
260
33
289
27
23
142
82
239
202
58
257
598
180
94
17
104
15
34
219
127
101
150
52
233
638
550
295
803
577
94
400
116
84
973
19
146
30
1000
258
1000
16
22
931
7
908
39
43
1000
1000
96
705
