65
54
554
55
378
179
658
184
263
27
1000
778
905
652
352
551
919
158
500
203
335
8
2
58
35
705
484
162
45
40
1000
1000
1000
1000
22
72
79
41
71
136
2
239
175
106
172
749
999
546
216
535
62
103
17
476
133
257
21
171
205
7
95
200
954
754
171
1000
151
604
668
749
1000
129
996
250
250
386
146
542
229
34
31
626
34
126
104
665
112
24
466
125
52
201
529
1000
182
184
3
327
8
60
402
107
306
11
597
40
52
88
82
55
108
231
107
27
187
1000
215
155
154
2
772
20
217
259
670
528
511
43
176
193
614
117
393
264
115
87
502
465
252
145
585
289
109
96
117
77
328
3
254
6
79
250
25
286
48
572
875
64
115
119
5
158
343
594
220
99
354
326
267
334
322
435
312
197
318
353
1000
132
121
479
61
274
49
193
370
30
91
1000
20
15
1000
154
648
41
207
1000
1000
114
1000
1000
231
382
1000
1000
595
125
126
69
53
38
80
1000
35
717
995
17
861
191
28
4
53
1000
165
746
104
36
116
216
224
366
701
167
475
86
11
371
760
76
180
34
574
5
396
4
62
38
1000
28
64
129
206
253
364
7
47
1000
261
711
384
13
84
96
81
273
104
1000
76
90
614
1000
80
352
73
272
22
864
622
81
174
150
304
352
225
352
68
162
58
36
572
578
489
132
172
243
480
53
29
264
43
30
297
954
238
513
94
14
19
968
839
38
133
62
219
270
4
225
25
1000
481
51
289
97
229
