65
54
554
55
378
179
658
184
263
27
169
22
1000
226
184
260
63
640
116
725
217
846
376
1000
437
111
894
443
225
255
83
6
30
24
208
881
1000
16
234
745
6
76
52
250
13
670
684
478
147
185
116
925
26
177
524
66
683
313
67
111
570
121
254
1000
91
594
99
1000
56
489
25
826
40
13
865
245
949
148
206
564
203
742
1000
215
330
1
356
180
344
200
172
98
191
813
437
319
355
177
370
85
787
251
242
232
53
1000
74
45
318
1000
121
802
714
31
8
267
126
9
304
381
680
232
127
171
421
173
15
27
51
809
25
268
542
386
85
18
88
129
131
72
23
4
124
38
549
441
385
40
1000
194
26
926
640
10
776
1000
41
8
19
17
51
180
186
691
137
105
181
137
49
1000
357
737
1000
1000
1000
11
190
41
833
1000
370
467
182
84
1000
53
269
302
113
47
1
116
404
1000
677
1000
281
53
520
12
40
1000
118
599
304
510
256
455
55
488
959
228
131
1000
89
341
100
337
68
1000
917
101
399
331
1000
85
235
129
149
11
174
793
81
210
218
263
142
484
58
280
21
199
46
214
317
14
25
978
111
40
172
312
646
1000
800
1
104
183
13
248
413
515
324
42
125
177
129
496
67
564
10
136
684
7
951
10
965
76
163
449
361
886
249
559
67
239
245
73
26
387
403
126
530
168
434
49
468
463
524
19
79
394
