-59
-28
-70
-36
-39
-62
-67
-9
-49
-70
-36
-59
2
-45
-69
-74
-59
-65
-69
-62
-60
-77
-43
-56
-58
-63
-60
-62
-31
-22
-74
-55
-81
-64
-52
-53
-57
-60
-59
-6
-69
-28
-36
-48
-59
-43
-61
-6
-70
-39
-81
-61
-42
-10
-16
-24
44
-20
-24
14
-41
-38
38
1
47
-19
17
12
39
3
-6
-11
57
-4
8
-19
-7
9
-76
-6
-27
59
9
24
25
-42
23
31
2
25
-48
22
0
24
83
56
21
68
52
17
38
26
11
48
74
43
46
37
-13
50
29
102
62
43
44
29
70
74
35
26
41
29
23
34
48
67
72
71
90
77
37
90
35
77
42
26
61
101
64
91
3
-20
-23
64
-5
113
-9
74
18
35
60
39
71
85
31
24
82
64
5
49
19
53
92
96
81
68
61
38
98
77
54
56
50
52
71
71
40
29
57
55
70
75
58
69
63
52
46
36
36
77
48
50
27
92
116
131
35
67
74
95
57
53
137
54
63
73
64
119
78
90
70
108
-13
54
79
-18
36
77
33
35
74
56
40
137
28
44
47
55
78
62
49
61
58
47
91
94
17
24
92
14
45
142
15
127
-8
96
44
25
65
63
115
92
78
52
36
99
62
67
67
32
109
56
99
87
2
93
90
79
71
77
73
60
107
104
101
65
38
63
1
88
62
109
90
60
70
30
28
71
51
126
95
68
56
64
77
75
87
82
105
60
47
111
106
68
77
40
88
70
28
56
70
38
53
50
-17
198
31
75
100
119
76
102
69
114
86
98
60
108
136
87
99
88
133
73
57
126
74
162
92
94
113
113
158
92
157
79
38
68
62
78
30
116
83
90
53
69
121
62
81
126
163
62
112
73
122
109
106
54
120
143
83
143
48
55
66
20
102
74
99
209
70
72
78
92
98
17
34
100
72
122
105
64
61
108
74
125
98
111
119
112
40
67
74
104
85
73
19
116
101
114
105
97
110
38
43
34
97
60
83
69
110
95
93
41
66
110
74
66
91
67
102
93
92
88
124
105
114
89
96
150
130
35
47
45
116
53
88
52
26
36
86
37
94
110
135
59
85
69
89
84
72
80
86
69
102
58
100
90
107
63
110
86
70
131
23
79
68
39
43
103
109
120
130
56
73
116
23
16
69
15
88
91
6
105
32
125
95
104
103
64
125
79
96
113
52
88
-24
131
68
75
107
26
92
122
21
34
70
128
68
105
111
127
100
82
101
93
99
107
40
128
107
108
93
78
71
164
142
140
118
122
162
89
81
65
121
111
73
44
102
157
117
167
116
139
130
165
53
170
124
146
88
88
97
120
87
102
119
114
74
132
117
150
43
107
142
135
165
114
73
87
114
66
104
63
27
4
77
118
-36
48
108
95
67
55
94
57
93
107
112
65
114
109
60
123
90
48
72
65
72
148
109
41
50
27
53
86
83
61
89
86
107
90
107
36
96
57
16
25
66
161
102
9
101
127
23
74
151
158
135
149
108
123
105
128
106
81
114
85
71
100
73
51
133
111
112
87
54
134
94
142
64
155
76
130
81
91
82
118
135
135
94
113
146
80
132
162
23
79
134
110
84
-7
99
120
82
95
75
51
113
115
133
148
115
86
127
95
66
113
85
151
65
106
77
102
135
63
78
157
36
68
61
60
69
80
131
70
112
97
72
111
60
145
84
114
50
76
125
76
71
102
127
89
95
85
122
121
85
110
83
99
101
133
144
75
112
80
85
97
46
74
80
97
92
37
180
47
82
55
91
82
62
83
52
99
77
100
129
50
56
126
105
63
131
122
114
62
122
127
64
71
67
91
64
64
146
99
48
61
101
138
58
83
64
143
117
105
94
65
97
54
121
86
-17
103
92
138
99
111
96
94
140
49
135
55
128
104
31
99
55
98
152
150
121
65
84
123
116
110
116
81
86
80
125
78
86
149
45
85
159
128
135
138
137
107
75
133
128
150
107
53
84
82
68
35
74
126
179
123
93
113
113
88
68
91
120
65
104
104
94
84
97
149
36
95
66
113
157
98
128
57
19
63
125
158
79
101
155
90
88
21
104
69
140
-22
107
69
134
84
135
81
68
130
108
128
84
36
113
104
112
92
80
133
42
93
66
82
125
53
89
87
143
44
103
132
91
90
111
159
99
43
72
95
73
141
87
41
145
103
153
102
123
92
153
106
74
63
91
110
98
121
102
72
100
74
87
103
92
75
115
88
99
101
47
153
128
134
137
98
133
82
118
58
137
168
145
93
112
72
85
107
30
265
103
103
90
55
92
22
94
111
77
99
116
49
54
78
91
131
97
82
43
102
86
66
128
139
58
86
75
136
100
121
112
78
139
107
93
142
71
99
90
55
88
60
111
39
99
53
99
29
133
85
-1
163
133
120
99
157
122
85
73
111
145
59
44
104
10
113
74
37
133
98
103
45
112
81
147
84
41
120
53
113
125
125
115
143
57
117
109
128
115
73
75
65
68
113
74
16
131
81
61
82
81
102
100
113
32
98
10
68
122
68
62
85
154
29
97
42
117
90
102
121
61
94
88
67
48
7
131
141
71
88
80
82
132
56
42
83
71
72
79
80
86
81
126
99
47
69
108
101
147
103
142
