-50
-36
-60
-61
-30
-63
-65
-59
-14
-71
-74
-36
-46
-40
-40
-73
-51
-49
-37
-37
-6
-36
-17
61
66
33
61
1
0
-9
79
60
-6
39
30
62
61
101
50
62
37
74
44
61
43
69
74
38
102
116
52
50
65
-1
89
33
75
56
47
34
62
40
-9
48
57
154
-3
32
98
65
21
46
3
54
28
75
26
52
83
77
109
95
95
-16
123
100
97
52
24
17
-34
-26
25
0
5
1
-8
94
17
45
-11
42
92
7
60
-9
-21
27
65
5
-8
-27
-33
14
30
25
39
-5
24
15
1
35
15
3
-12
-8
16
91
96
72
42
7
82
80
125
129
25
91
66
63
97
30
125
27
51
38
30
181
50
49
167
93
60
111
44
14
23
54
14
44
44
57
30
-6
42
64
97
49
45
29
-11
-19
48
38
-32
44
-18
-6
88
62
73
73
91
60
84
68
53
159
92
72
131
79
67
45
144
120
67
58
17
37
50
12
93
68
147
90
120
93
53
17
97
70
88
106
68
4
116
100
127
59
74
108
91
46
133
91
91
110
154
100
74
32
114
110
52
72
129
104
65
45
71
124
36
-13
70
58
115
77
85
133
46
121
48
24
104
57
134
63
139
71
82
37
65
50
-2
49
115
74
143
164
120
163
62
90
79
36
145
106
2
205
94
48
99
121
160
78
74
150
71
61
144
103
105
40
44
86
106
31
11
115
68
77
87
57
6
1
76
90
57
72
56
81
53
58
88
132
76
71
75
18
108
26
54
55
101
133
123
97
89
145
78
64
107
117
56
118
164
116
93
73
103
69
140
105
84
77
87
151
75
94
83
124
124
140
123
73
99
97
65
117
146
98
107
84
130
122
110
136
115
94
87
114
100
80
34
128
77
109
41
132
69
71
116
95
161
88
81
126
94
50
75
125
114
96
55
75
144
103
121
92
121
61
102
84
74
90
85
107
114
200
75
88
63
83
94
77
85
158
145
67
81
79
129
129
85
86
152
173
44
99
68
110
106
81
99
122
44
66
144
87
132
152
136
142
128
94
54
130
150
186
101
122
120
136
113
63
94
169
160
156
159
134
148
170
108
123
123
27
121
99
97
118
166
90
104
67
128
156
26
118
110
113
160
102
110
127
127
142
140
144
132
132
-6
153
83
145
68
90
112
91
159
130
104
122
116
81
113
99
129
111
91
62
151
112
134
85
117
136
172
130
145
81
131
95
94
90
135
134
99
93
122
60
85
169
121
105
92
119
108
133
91
67
131
79
71
51
89
114
113
95
151
123
139
127
66
132
47
118
139
139
130
89
103
143
74
128
56
192
133
77
135
114
93
87
146
91
96
185
85
129
84
115
109
112
88
123
108
161
121
125
117
117
104
76
113
112
128
120
80
145
111
52
82
92
104
125
133
127
127
157
146
169
91
93
88
103
48
118
122
93
55
104
76
107
143
98
144
98
140
121
100
109
98
15
109
108
120
186
155
96
100
71
149
117
76
102
52
105
124
96
113
88
111
121
154
100
148
102
49
72
143
115
114
185
90
153
69
76
96
39
59
173
121
122
77
92
175
131
127
101
94
141
114
102
133
107
46
163
113
134
128
80
120
99
146
89
75
103
112
116
115
186
79
34
15
72
152
83
124
132
103
149
127
77
157
90
156
197
96
127
157
80
158
115
86
106
170
117
103
145
101
95
74
105
126
100
107
65
62
80
105
98
95
67
128
100
96
123
114
121
97
80
85
117
138
53
81
83
126
162
80
10
102
158
146
92
91
74
168
117
156
103
76
129
71
65
97
120
121
116
81
80
126
114
117
100
147
-9
107
173
170
124
105
156
153
126
157
95
124
195
142
225
181
124
127
84
65
119
119
148
176
113
153
144
164
110
49
80
119
73
69
94
81
107
228
92
43
117
89
141
100
120
85
177
102
136
84
132
190
99
116
141
152
155
125
236
85
54
109
138
115
129
188
67
89
154
131
130
147
114
118
186
132
73
130
116
155
92
113
54
57
121
52
131
130
144
36
133
79
122
183
24
71
175
153
123
149
148
90
63
135
141
140
115
121
133
123
105
107
78
87
127
106
154
134
46
68
73
104
89
131
105
155
138
94
111
61
108
130
143
140
65
100
148
109
80
102
95
97
108
154
100
117
70
127
59
129
89
109
115
104
119
157
104
73
77
152
101
95
144
154
93
119
119
96
95
138
57
127
101
110
134
127
92
120
119
135
103
118
71
31
172
69
225
115
72
102
73
116
149
104
54
139
108
136
110
138
132
195
82
85
100
112
127
132
107
59
126
176
154
139
84
132
113
102
105
94
125
110
118
93
25
95
118
124
68
81
64
100
96
121
37
144
118
91
56
141
57
62
98
128
151
98
78
