-61
-59
-43
-78
-27
-22
-42
15
-41
-36
-14
-11
-61
-46
-66
-40
-48
-44
-45
-55
-72
-66
-48
-70
-50
-36
-71
-44
-51
-65
-59
-59
-37
-22
-38
-58
-58
-28
9
-3
15
35
-18
47
-46
2
-25
-5
-51
-32
0
-31
-4
-11
1
-2
-36
-14
4
-11
2
-34
-15
-25
-16
-55
-9
-42
-6
8
9
-7
-20
9
21
-4
-28
25
32
-20
71
2
22
-2
-10
35
13
10
20
47
64
47
-32
52
10
76
11
8
5
33
17
-6
20
-38
-28
2
69
-11
-5
-6
0
-2
5
-11
21
45
31
0
-5
54
8
0
-22
0
5
-15
53
-18
82
74
111
21
21
-1
-55
82
33
52
79
37
32
21
44
19
-15
17
0
-1
60
63
90
83
-17
-23
-32
-36
-34
-69
36
20
13
55
87
2
-35
-43
44
-50
-35
8
-8
110
68
26
14
-32
-4
39
39
47
10
28
-2
62
76
64
88
67
125
34
8
137
71
42
125
41
18
98
89
53
123
91
25
120
60
113
96
116
93
113
96
118
95
145
63
13
126
7
-9
-13
40
-9
-20
5
32
90
83
37
77
65
45
33
-8
52
50
54
93
108
178
82
37
44
82
22
44
90
65
141
84
102
22
34
75
97
93
138
111
189
125
125
96
159
119
113
40
110
95
64
56
86
95
156
94
75
72
141
110
37
5
55
101
56
54
2
45
145
138
76
59
78
22
69
119
104
123
74
101
121
138
109
56
141
126
109
126
46
87
126
67
104
90
115
-14
33
58
62
156
99
124
107
146
106
5
78
102
96
115
118
94
113
86
71
92
112
128
76
114
112
72
12
74
82
126
142
133
147
1
76
8
118
81
69
139
125
70
89
49
117
127
91
99
116
88
106
68
76
53
147
64
88
43
65
139
92
103
100
-20
165
105
45
102
112
102
113
112
134
111
141
87
151
126
95
128
114
117
151
92
138
89
165
91
405
125
145
97
138
136
138
36
92
57
89
59
155
111
100
104
138
100
154
101
138
75
112
96
95
134
112
29
63
54
112
103
54
133
115
98
123
46
102
95
85
88
91
167
87
68
63
94
108
122
88
78
104
79
84
100
149
111
107
58
290
183
99
51
25
53
62
90
110
16
58
153
65
116
138
128
89
122
99
155
91
110
80
98
139
125
113
114
125
147
154
48
1
115
166
90
64
94
112
161
133
47
62
67
134
106
117
92
96
135
94
122
139
134
85
108
104
80
97
176
90
93
47
63
85
82
102
132
107
143
122
84
100
93
82
101
133
56
127
110
197
60
137
127
106
108
126
20
9
114
120
100
108
137
103
71
67
104
150
106
135
80
113
87
145
122
124
175
86
172
76
30
90
77
183
52
7
75
158
75
93
56
104
98
99
78
147
58
55
149
130
54
95
94
72
134
59
136
105
78
74
138
112
63
118
133
90
48
97
120
111
83
59
118
90
116
164
162
72
129
116
134
115
81
27
24
83
68
112
177
117
118
124
-25
84
144
76
91
104
116
106
-2
179
103
139
53
91
109
52
112
120
104
103
105
186
82
125
189
91
16
72
128
143
75
78
51
90
70
81
77
67
64
136
72
152
138
87
112
125
105
130
160
91
70
115
104
100
125
194
90
61
118
113
168
117
78
73
125
173
89
149
123
142
148
176
76
128
115
105
124
108
127
102
102
113
130
81
141
93
48
84
132
133
86
48
144
156
120
130
92
174
118
219
133
12
157
118
35
140
115
161
18
141
127
87
94
118
150
44
100
137
94
148
131
146
119
76
122
112
125
132
140
104
106
93
78
130
93
95
97
101
93
120
98
138
131
154
139
40
148
70
65
113
117
53
109
93
138
55
118
186
98
108
107
108
113
148
170
109
102
110
106
107
144
95
89
80
105
96
141
30
147
101
101
124
130
102
88
120
75
123
45
102
104
122
101
67
120
164
122
71
92
104
41
118
132
108
121
93
156
131
66
103
62
180
100
59
75
133
153
55
74
76
107
84
123
166
107
154
124
144
156
136
54
102
88
58
78
104
91
129
71
76
67
106
125
99
111
64
107
97
86
121
119
124
160
130
131
146
88
127
87
34
62
115
128
152
70
128
101
114
103
98
79
159
122
67
85
60
76
46
108
143
125
59
30
93
97
141
67
71
95
95
135
129
92
128
62
84
105
91
102
120
106
107
94
117
173
130
156
77
121
82
60
42
79
103
129
111
99
172
136
189
-15
110
138
51
100
100
133
47
94
115
39
107
114
94
72
219
67
105
47
80
44
129
122
73
122
104
21
60
79
166
144
-16
94
80
156
106
120
114
105
134
88
104
39
64
89
121
89
128
130
132
118
128
133
146
109
123
130
123
134
102
37
168
33
72
127
97
82
98
32
-11
96
58
100
75
83
87
85
117
35
87
89
83
79
33
146
157
312
158
140
56
142
62
120
152
143
133
112
121
119
64
107
131
199
164
130
131
125
137
28
76
148
156
101
65
139
107
117
111
136
119
77
109
37
157
127
92
161
161
113
109
179
124
115
79
