-56
-44
-55
-56
-42
-42
-62
-62
-41
-47
-80
-62
-71
-83
-43
-72
-55
-76
-77
-80
-81
-75
-74
-78
-70
-66
-76
-74
-67
-74
-65
-81
-81
-76
-89
-72
-69
-60
-76
-71
-62
-62
-86
-74
-50
-58
-77
-73
-84
-77
-71
-74
-64
-55
-62
-36
-66
-64
-72
-51
-70
-36
-31
-25
-45
-63
-66
-62
-62
-73
-75
-80
-72
-64
-66
-76
-38
-42
-67
-60
-61
-49
-9
-55
-52
-51
-27
-11
-59
-49
-34
9
-45
10
-46
-31
-50
-18
-22
-48
-48
-28
-28
-26
-26
-11
3
-67
-50
-47
-76
-59
-31
-36
-49
-8
-55
-73
-28
-75
-48
-43
-37
-23
6
-71
-30
-22
-57
-47
-47
-48
-16
-24
-64
-45
-53
-2
-11
-53
-27
-59
3
-31
-60
-19
-20
-60
-31
-18
23
-27
-14
-51
16
-19
-12
-31
-60
-45
-30
0
-69
-43
-43
-44
-9
-29
-37
-36
-28
-21
-25
0
-28
-61
-53
-32
-31
-23
-9
-51
-17
-52
-31
-48
-23
-44
-27
-19
39
-33
-6
-22
-9
-24
23
-18
-9
-31
-29
31
0
-10
-17
-26
-10
-32
-3
-12
-18
-20
-35
-18
-37
-9
-11
-15
1
-36
2
4
2
-44
-42
-32
-11
-35
-26
0
5
-21
-18
-50
54
51
20
9
43
-10
-34
11
39
-4
-6
28
-17
33
-26
13
-25
53
4
13
-14
44
28
27
53
47
44
12
21
28
8
45
49
52
52
34
62
13
54
146
46
18
39
21
66
6
54
29
39
63
25
53
43
47
46
44
-27
97
14
46
59
25
66
66
57
40
77
16
41
24
58
48
54
70
97
93
61
52
42
34
95
76
-16
78
-7
25
112
113
60
-4
49
71
10
84
94
37
80
19
5
32
102
-1
14
53
105
79
59
22
51
77
71
57
26
-14
47
142
77
-26
82
15
50
67
39
94
27
60
93
49
79
-11
72
130
99
81
69
41
52
41
61
57
-12
81
45
75
16
157
199
91
58
67
-6
70
9
87
62
86
95
75
151
70
66
81
21
37
57
69
68
114
24
67
45
28
-6
55
60
55
151
102
33
98
86
70
103
130
8
85
44
37
96
73
74
86
1
91
30
78
107
70
64
66
113
36
120
136
91
66
100
73
51
76
53
104
95
128
103
53
77
28
75
143
-15
45
6
-2
61
93
142
46
132
175
61
110
86
47
54
88
125
102
87
92
61
137
80
110
136
50
68
52
134
74
84
56
82
49
84
74
96
85
70
81
35
124
129
103
125
168
133
142
110
101
143
63
21
116
28
-2
82
67
35
70
58
82
70
4
89
69
34
28
86
50
55
42
58
92
99
83
138
68
52
48
62
91
85
151
141
128
155
33
56
80
139
70
122
47
62
129
101
69
82
76
108
113
127
118
119
85
108
76
34
41
34
70
94
13
111
163
72
102
84
93
86
81
87
35
58
69
75
56
103
113
88
56
162
69
52
75
15
160
117
107
120
172
93
45
81
91
64
71
92
71
17
80
86
77
98
114
68
-12
-30
50
103
54
239
111
-8
113
101
90
85
92
65
73
82
69
79
174
51
47
104
51
82
219
25
8
59
51
78
89
95
58
8
31
60
155
104
85
136
76
117
98
52
61
38
95
64
67
124
77
105
122
83
83
95
66
19
93
172
123
32
79
96
77
89
73
62
122
245
86
158
121
152
87
129
135
69
46
58
92
152
46
83
10
99
86
144
113
90
104
129
98
90
79
25
101
67
18
-28
93
67
122
79
174
49
107
101
61
71
211
15
47
168
52
73
129
50
71
114
109
119
237
139
102
44
87
89
38
58
115
51
155
104
75
132
131
41
40
93
104
80
86
95
74
108
-24
104
47
122
65
17
116
83
111
48
34
122
161
69
96
83
102
19
65
114
92
135
125
87
91
4
76
109
75
132
146
24
122
61
106
108
120
88
125
71
116
132
107
127
131
102
130
160
76
86
106
126
123
64
144
55
38
68
106
63
82
82
112
109
43
56
77
45
122
95
57
23
104
29
78
-18
100
84
28
112
85
174
121
115
117
77
47
127
138
77
127
25
140
136
94
142
100
72
177
134
176
96
110
107
87
28
69
77
129
61
102
76
94
58
126
186
39
55
146
88
119
78
107
94
89
20
126
135
68
123
70
96
81
82
100
217
47
108
72
93
121
106
49
94
126
80
100
92
86
121
131
87
94
67
36
34
83
106
11
101
76
50
85
48
75
131
120
207
95
136
87
71
81
129
70
116
69
68
89
72
114
115
154
90
54
70
74
111
171
195
100
106
93
68
165
103
79
57
108
75
102
40
113
96
101
107
84
73
68
79
107
112
85
53
73
91
99
140
84
109
140
72
103
104
111
160
127
57
36
99
112
78
160
54
117
158
111
110
78
56
101
94
65
274
100
67
81
71
91
146
122
142
145
145
119
110
141
104
42
68
41
74
132
79
-5
65
68
114
97
137
86
100
47
107
70
71
113
120
61
91
115
105
91
96
52
18
144
131
106
121
92
130
88
135
80
84
81
143
69
131
16
32
115
106
147
70
116
116
119
131
128
130
85
147
83
61
172
197
85
149
82
105
48
138
129
60
60
81
94
114
37
93
107
84
147
87
84
82
158
67
58
66
88
129
75
131
90
55
92
114
128
139
130
94
70
97
38
138
73
79
130
161
43
122
89
85
77
171
22
43
51
76
131
77
60
43
117
21
61
69
90
55
76
88
80
72
127
130
132
115
36
137
111
41
109
123
53
182
72
114
66
62
97
89
101
136
97
109
99
118
51
99
128
62
125
70
109
62
82
92
114
112
74
153
93
141
62
100
142
80
121
131
107
166
95
142
138
77
151
83
109
68
98
63
129
-14
-19
102
125
83
94
171
46
79
97
118
131
116
71
71
98
15
158
102
114
118
108
118
80
95
139
110
126
76
7
18
102
90
79
47
135
54
88
114
44
139
78
91
136
87
127
152
