-58
-20
-64
-47
-49
-70
-65
-55
-45
-37
-75
-37
-67
-45
-4
-44
-43
-89
-46
-2
-25
-12
-16
-43
-63
7
-36
15
13
14
1
77
-1
52
38
86
5
58
65
44
92
19
34
124
61
31
58
-5
46
-42
-36
-37
-41
-32
-4
-25
-51
12
-17
36
107
11
-5
56
53
64
69
81
30
76
73
90
50
86
21
-16
48
-2
162
44
83
60
26
94
100
98
119
91
86
99
97
78
68
65
60
49
17
107
50
35
103
80
103
84
81
79
107
36
105
26
33
95
89
117
87
62
84
129
118
59
56
87
103
68
97
121
123
121
33
70
73
88
76
136
69
-2
55
104
57
108
125
117
97
94
84
65
144
77
15
109
94
-21
43
75
73
90
40
83
-13
61
47
129
50
96
178
115
117
65
108
71
37
81
115
29
23
71
53
101
86
105
103
104
74
122
142
53
32
93
157
75
91
124
58
56
38
44
143
23
93
79
47
75
88
111
59
86
123
-7
136
60
91
117
137
46
95
171
128
118
42
132
105
191
160
10
120
106
134
81
119
117
100
99
80
120
87
112
13
67
67
50
64
29
10
92
97
112
91
82
75
121
93
107
109
104
113
152
96
116
74
96
129
85
78
100
139
72
83
86
34
105
37
108
113
76
98
76
82
-8
93
103
95
86
124
77
55
91
66
123
73
121
66
84
136
138
80
113
109
59
99
149
149
59
102
119
75
131
98
97
146
129
173
155
108
116
117
61
103
71
64
87
139
86
146
98
122
63
170
59
91
107
62
81
73
119
118
110
157
151
132
141
149
90
56
100
93
75
47
75
138
74
88
126
84
118
109
116
67
39
74
144
147
105
59
112
79
110
81
103
97
88
95
55
18
52
151
106
92
63
141
60
53
32
98
71
98
138
100
100
82
60
124
168
151
-13
-18
85
160
118
93
71
120
108
86
65
105
72
49
88
144
36
133
29
110
28
122
96
115
117
165
45
146
168
128
158
83
87
74
142
127
156
116
68
124
118
64
130
74
74
132
68
64
43
55
87
87
71
46
83
83
82
90
206
86
165
70
122
115
78
70
131
115
128
96
107
145
110
123
144
65
83
138
139
181
129
67
161
98
91
80
130
138
62
118
119
85
135
79
71
130
176
141
121
123
133
110
191
88
31
119
80
90
137
134
108
155
123
126
99
90
128
144
124
112
81
73
97
147
93
160
75
124
118
180
245
100
160
105
137
53
104
123
149
103
88
112
133
112
144
143
94
136
90
88
108
122
116
145
136
82
62
99
203
134
163
93
80
158
79
104
91
47
82
77
82
135
136
124
135
121
106
115
197
45
105
107
52
73
103
58
264
108
89
164
139
63
155
119
88
121
77
96
110
104
70
120
111
290
127
90
146
147
85
87
97
114
103
132
110
69
135
95
119
90
14
27
180
72
20
76
165
47
81
88
127
151
47
135
104
145
118
95
93
142
93
100
104
165
52
114
120
145
50
78
119
34
125
123
152
154
91
124
121
133
82
137
91
23
174
91
74
115
81
157
64
117
115
117
144
101
87
127
110
107
132
153
125
128
106
98
79
62
100
49
86
91
112
283
93
139
142
161
130
39
74
81
122
62
109
209
102
141
68
113
71
64
158
96
117
159
147
99
91
78
102
102
142
173
77
82
239
125
156
151
18
105
133
134
82
130
113
147
141
131
96
174
126
74
88
118
131
77
109
128
6
169
150
158
134
114
146
62
120
177
114
49
133
140
92
95
117
119
67
126
109
118
215
195
178
142
116
113
114
86
121
125
74
148
124
97
69
127
117
123
82
166
127
76
142
55
81
108
186
158
133
159
71
117
112
144
175
132
122
112
105
100
126
105
56
116
117
114
139
132
112
143
146
108
105
104
61
161
76
57
141
110
152
117
155
105
191
12
66
142
103
102
113
122
149
163
90
109
57
137
155
175
102
93
137
168
84
60
71
137
86
108
79
113
106
191
130
106
103
160
129
137
171
153
137
88
112
126
122
131
117
118
164
110
132
66
128
128
60
59
88
159
133
140
173
88
134
79
80
132
95
132
150
111
45
148
34
67
128
147
105
153
118
106
118
132
122
154
124
67
147
142
102
124
134
164
144
96
165
70
105
67
94
64
144
144
115
121
86
126
129
124
137
120
134
149
101
52
106
105
89
85
113
84
133
117
102
135
133
69
165
161
158
54
117
1
118
181
83
39
137
85
113
120
138
145
126
132
121
47
110
60
80
75
103
62
116
141
59
111
167
142
32
110
74
116
142
83
88
87
178
27
95
114
84
83
168
136
167
85
116
137
129
94
310
92
140
98
95
141
137
