-56
-37
-58
-55
-37
-51
-60
-34
-38
-52
-55
-41
-48
-51
-44
-60
-51
-64
-54
-47
-48
-53
-39
-37
-35
-25
-36
-32
-27
-31
-23
-11
-41
-14
-22
-7
-23
2
-2
5
2
7
-12
22
-10
0
-6
-10
-11
-14
-27
-30
-17
-21
1
-10
-6
-6
-12
4
12
-11
-4
11
19
16
1
4
19
15
4
7
3
16
2
-8
0
8
26
7
35
33
28
9
37
28
45
34
14
27
9
26
3
30
22
30
-1
51
20
16
19
22
39
15
32
20
40
4
20
5
-4
21
18
25
26
30
33
25
28
15
11
21
16
16
28
18
46
48
48
49
43
31
39
53
23
38
24
69
51
49
46
17
49
34
11
42
29
54
22
47
86
33
28
39
26
14
19
20
-3
25
18
58
38
29
44
32
62
14
35
29
8
41
51
29
9
18
3
26
47
49
49
45
40
52
66
37
39
62
76
47
63
71
43
42
82
62
57
45
52
46
49
52
68
68
62
67
78
57
71
53
67
78
54
66
53
32
79
57
38
35
59
70
54
30
54
59
68
49
80
68
54
40
45
55
66
76
54
62
89
36
36
70
36
44
39
76
59
71
56
86
50
81
62
58
66
98
86
92
91
74
92
69
76
75
37
73
86
71
71
93
77
100
86
98
79
67
82
43
33
91
81
65
81
64
71
79
69
93
60
86
60
84
86
78
76
74
93
71
82
94
79
80
92
75
68
53
80
90
79
90
90
88
48
58
68
105
70
78
71
71
116
86
66
68
92
92
95
93
100
97
81
64
82
90
92
85
104
118
98
79
99
75
106
103
107
87
39
71
66
101
71
81
102
97
81
82
75
81
74
107
129
86
89
72
94
109
89
104
93
90
72
83
73
67
68
87
59
97
80
120
98
75
90
87
92
89
67
110
79
93
105
105
121
75
58
103
103
101
95
101
88
151
82
93
81
80
56
100
91
99
104
81
75
80
91
75
100
120
100
84
96
103
104
102
80
92
87
116
64
92
89
90
97
81
106
101
90
97
101
94
104
77
75
88
110
81
70
91
91
93
95
96
90
131
76
74
80
92
98
114
109
135
129
124
93
85
97
74
87
88
97
100
131
101
74
116
100
97
81
100
116
87
130
86
90
114
87
78
107
106
120
116
48
94
75
150
94
78
110
103
133
124
98
101
106
97
68
112
81
81
111
74
102
104
84
76
102
93
113
95
118
88
118
103
82
94
95
114
84
103
126
101
83
96
91
115
106
137
113
120
130
95
83
93
116
90
107
93
75
90
116
136
114
122
106
118
91
110
118
122
95
94
78
99
83
116
103
115
122
112
122
127
59
96
111
108
94
88
69
141
91
83
107
106
72
87
108
116
63
76
97
122
89
80
108
104
147
91
99
110
102
78
91
99
77
94
111
93
82
130
107
85
56
48
77
102
111
94
88
105
87
96
98
95
107
60
80
75
99
137
105
75
112
82
57
117
121
96
110
104
109
87
85
120
65
95
80
117
112
84
111
91
119
103
112
105
69
126
97
89
92
100
116
128
89
104
82
98
84
87
105
117
94
109
106
121
110
95
106
107
118
90
116
104
105
103
127
108
111
126
114
102
108
83
121
86
76
96
135
131
100
122
104
89
90
109
85
117
100
94
71
100
93
96
114
117
124
111
98
126
92
135
108
85
99
83
129
112
94
112
116
121
107
148
138
92
93
93
77
97
91
123
87
88
128
98
113
120
93
85
86
107
105
100
118
90
106
56
107
104
101
71
87
117
106
122
108
93
116
123
108
95
93
118
85
80
122
123
111
84
102
89
76
89
131
90
102
86
85
113
103
137
106
132
124
107
110
107
133
128
124
134
96
113
124
103
88
94
112
115
127
95
124
90
120
118
76
93
89
92
113
97
72
98
114
122
94
101
90
136
69
83
85
112
83
108
99
111
161
106
126
116
113
113
112
157
96
105
96
109
109
86
121
72
90
124
136
140
126
124
113
121
108
99
103
116
112
98
89
89
85
129
95
91
87
134
103
116
92
95
106
66
72
133
129
109
145
122
98
89
97
103
143
53
106
107
117
101
113
74
83
125
108
117
108
89
106
98
104
91
101
88
81
120
106
73
88
92
106
120
98
84
99
120
121
97
101
122
94
86
116
88
106
105
102
86
112
111
139
120
105
89
121
91
80
93
120
109
109
114
111
127
105
125
77
114
99
80
76
104
123
93
82
116
89
108
117
108
116
116
80
105
78
136
100
91
104
92
91
115
80
109
118
134
113
43
106
84
127
120
83
103
115
119
82
92
71
101
107
118
136
116
100
101
111
118
105
157
105
132
113
96
118
115
