65
54
554
55
378
179
658
184
315
1000
40
147
1000
179
637
1000
1000
1
1000
307
1000
190
188
109
1000
1000
88
1000
529
1000
1000
335
1000
635
565
716
340
120
1
1000
122
395
179
579
1000
4
817
1000
1000
21
1
120
315
1000
1000
208
8
71
1000
39
1000
541
11
1000
24
1000
1000
165
1000
1000
159
14
186
654
1000
1000
1000
1000
821
1000
548
1000
1000
414
1000
286
1
28
535
190
79
792
790
1000
288
1000
325
17
680
260
18
709
185
16
163
1000
530
1000
1000
1000
3
631
166
26
21
122
958
545
51
613
839
170
784
125
64
316
188
262
5
49
478
443
212
1000
7
155
1000
548
66
59
65
568
1000
202
404
2
12
556
242
88
252
223
20
38
208
832
1
392
736
265
286
478
583
69
421
42
365
17
196
1000
78
213
733
13
1000
1000
650
1
257
19
36
462
53
1000
22
57
132
1000
914
847
695
199
697
110
132
832
22
256
1000
47
1000
111
2
166
346
275
162
121
236
188
56
308
8
57
412
12
438
279
55
53
103
312
156
488
334
854
380
15
182
479
20
87
176
26
583
33
219
913
