65
54
554
55
378
179
658
301
175
299
135
933
485
295
35
39
49
161
61
560
92
300
168
1000
279
120
870
396
49
35
1000
569
1000
1000
110
1000
1000
606
904
643
358
64
579
1000
286
1000
1000
108
214
100
678
1000
37
11
34
119
52
743
34
273
1000
131
1000
22
436
46
74
642
477
1000
1000
879
176
242
4
70
5
1000
1000
982
32
38
1000
499
42
1000
1000
357
1000
31
1000
116
1000
1000
12
711
207
1000
21
1000
753
32
112
34
3
149
98
671
266
188
67
727
832
312
150
375
511
122
489
2
325
301
149
397
35
305
159
50
41
691
281
55
324
192
269
412
198
184
14
79
176
250
34
159
89
78
249
137
52
819
348
163
121
46
93
75
399
1000
195
69
210
361
43
91
916
7
1000
204
7
1000
1000
12
78
195
805
523
353
678
501
131
88
348
29
17
93
26
147
23
70
296
906
282
946
1000
157
25
280
63
186
22
24
214
51
184
1000
706
399
63
785
571
1000
18
52
36
643
188
54
1000
236
503
24
187
804
162
238
1000
311
139
499
96
256
278
5
138
16
999
876
1000
15
150
202
233
1000
260
891
318
343
169
1000
30
4
71
261
308
1000
317
1000
58
66
328
92
278
112
175
904
28
783
192
572
670
