65
54
554
55
378
179
658
184
121
135
1000
227
688
303
335
911
60
1000
1000
906
496
260
12
320
73
100
72
1000
82
1000
223
58
485
792
1000
229
38
1000
17
10
41
80
219
196
454
64
31
358
4
111
121
494
128
29
858
60
140
343
79
102
1000
84
663
184
906
220
34
563
218
141
335
288
62
192
588
374
236
113
1000
89
138
230
1000
398
34
668
77
17
146
89
734
1000
1000
354
75
196
384
487
708
27
144
77
879
51
200
39
587
56
458
284
176
181
617
739
587
497
25
372
377
297
155
195
470
91
15
120
595
1000
169
1000
640
1000
266
737
149
510
950
1000
1000
258
115
102
1000
230
360
286
248
16
619
136
1000
978
462
323
806
158
67
38
303
360
453
144
432
547
747
317
499
281
44
51
99
141
163
371
1000
158
123
557
720
482
512
40
16
1000
762
538
298
778
277
1000
125
38
85
43
723
376
1000
25
570
17
290
784
174
422
1
158
220
22
183
306
690
172
579
287
99
282
622
17
164
179
197
17
44
1
558
129
282
144
387
311
154
16
240
410
94
390
522
119
372
38
103
347
64
285
976
7
91
244
762
58
219
430
136
71
517
193
99
729
60
413
19
508
9
374
147
489
140
170
515
385
513
128
285
1000
58
657
12
154
5
264
759
7
137
104
114
87
18
1000
13
674
1000
