-53
-36
-52
-48
-81
-27
-58
-65
-12
-66
-14
-47
-49
-11
-49
-59
-60
-20
-41
-29
-69
-36
-48
-71
-66
-15
-40
-64
-2
-19
-55
-62
5
-71
-70
-46
-60
-63
-50
-19
-65
-71
-27
-64
-63
-60
-22
-11
11
-36
-56
-62
-19
-33
-26
-11
-6
33
-60
-8
29
-13
27
33
-46
-20
3
40
-4
50
-5
-23
-18
-57
2
0
27
-36
-15
-2
-8
-14
-27
1
-23
-16
2
6
-17
-27
5
-4
-8
13
-5
-13
43
38
-15
-17
-10
2
14
44
44
64
-14
70
1
-18
-7
57
51
26
-1
23
9
56
41
4
16
18
7
63
50
-14
61
101
41
3
19
11
86
69
44
28
69
8
80
18
-9
41
-34
-2
27
44
2
73
48
30
62
34
24
-4
12
0
-44
8
26
26
13
-12
-16
-6
38
3
10
35
1
18
-4
23
4
8
74
23
-2
1
98
33
93
88
39
72
70
89
45
109
26
-3
60
129
56
51
-15
110
66
35
74
15
49
60
24
31
18
52
21
24
2
88
54
67
62
73
44
57
25
42
72
56
61
22
62
75
38
24
76
-39
77
72
56
5
84
103
62
52
56
52
72
79
69
23
57
17
45
60
42
74
57
-16
23
31
-16
90
111
68
10
146
86
93
49
100
59
108
78
25
31
88
23
12
-13
119
24
55
20
30
92
88
61
58
16
38
70
73
87
58
58
75
100
86
119
145
71
41
111
52
72
40
109
54
47
78
74
128
81
102
65
52
49
125
53
78
111
52
119
30
105
67
34
44
47
71
90
70
48
122
37
19
-3
95
77
92
84
68
89
52
110
100
84
79
105
93
24
56
120
55
61
55
93
77
56
119
123
36
57
115
83
17
103
96
99
72
67
84
59
53
7
25
80
59
102
36
66
83
96
83
77
76
92
139
84
92
144
44
71
120
76
116
52
65
106
71
76
97
62
110
89
33
114
120
91
92
57
73
89
92
107
43
115
21
147
74
100
37
92
54
71
90
88
119
58
54
49
83
43
82
57
51
45
106
119
76
80
125
37
61
56
41
73
75
103
115
102
71
58
108
115
44
88
121
146
28
59
34
111
63
110
117
78
60
34
56
111
33
53
84
105
29
138
107
122
112
96
40
109
-1
128
72
78
125
82
81
57
75
46
41
44
68
147
133
41
70
129
81
89
73
129
81
63
74
111
106
109
81
46
72
63
81
80
118
63
62
73
72
84
135
134
57
124
28
73
84
98
114
97
73
39
29
78
50
86
80
92
63
100
56
78
146
97
84
87
62
122
88
91
61
86
54
105
84
57
106
121
102
50
23
125
96
20
91
41
95
128
44
88
110
119
172
96
104
118
106
129
121
91
115
84
107
107
115
94
76
137
121
128
138
98
85
115
90
55
133
106
116
79
46
74
28
69
131
48
114
109
131
99
42
133
63
93
114
34
122
102
109
96
110
73
102
96
119
112
101
88
90
68
151
83
136
73
162
140
96
142
162
115
69
145
98
39
130
47
82
64
50
104
91
103
30
66
86
109
56
119
90
97
86
56
126
123
119
103
177
118
118
104
170
105
27
134
85
129
93
107
128
98
94
109
49
93
62
107
114
95
58
68
185
134
30
90
95
119
184
62
59
60
81
107
157
117
144
41
107
143
73
114
93
141
97
148
134
95
98
91
88
85
80
75
107
39
95
122
94
87
85
106
57
98
42
94
62
128
96
68
142
19
51
95
123
77
78
118
67
60
69
145
110
95
109
146
65
113
88
129
141
95
53
63
57
97
189
101
94
46
101
117
90
107
81
90
79
94
103
104
318
69
116
116
73
81
87
260
57
94
77
60
62
53
100
37
84
106
72
63
100
143
97
125
167
61
116
104
104
101
107
132
93
117
44
132
119
101
52
85
155
117
122
116
105
104
58
111
105
108
99
116
176
97
153
91
176
65
63
92
148
42
8
96
95
100
128
84
104
103
18
86
71
119
131
157
73
88
111
60
44
80
108
126
66
115
121
97
135
94
71
54
109
100
104
114
47
135
101
72
102
12
108
109
101
110
100
95
144
88
94
130
106
95
124
117
127
69
143
88
82
76
130
145
136
103
126
58
68
129
100
140
110
141
37
128
90
94
132
37
117
134
100
84
135
89
90
83
48
108
55
116
133
110
138
158
154
160
131
44
131
103
98
121
71
123
98
144
134
100
63
139
238
118
116
147
82
166
77
98
131
145
158
73
130
161
94
6
158
128
121
103
77
131
125
152
160
120
141
128
123
35
134
131
77
101
60
86
148
85
132
113
41
98
122
154
112
136
107
115
109
89
85
109
102
66
75
70
87
154
86
84
145
70
113
78
76
89
80
125
45
69
119
76
71
117
63
81
117
123
135
64
130
89
98
94
95
64
87
102
47
39
143
68
113
67
137
92
100
143
29
132
43
139
72
81
159
147
81
132
130
51
137
101
108
132
96
43
99
106
73
53
72
113
114
86
59
182
104
68
101
127
95
138
122
74
78
125
112
42
51
170
110
107
117
109
77
102
66
140
89
62
142
104
128
167
91
65
52
110
98
105
102
78
97
93
122
148
146
101
144
53
125
123
66
114
82
94
155
86
142
87
136
56
122
265
70
84
141
58
58
60
125
162
86
82
87
97
69
89
67
108
87
90
63
129
110
24
98
90
95
103
115
88
55
81
135
102
123
111
105
114
71
78
77
100
127
79
126
35
85
114
105
103
39
29
123
45
94
156
77
34
37
74
138
27
66
26
47
111
69
135
74
71
70
162
42
126
57
127
91
108
73
96
52
79
135
117
70
102
34
93
104
80
94
107
148
130
155
79
32
110
22
87
131
82
44
141
44
55
111
143
91
152
60
109
96
116
105
74
109
120
76
124
107
114
152
148
83
93
83
120
62
172
139
57
105
170
77
65
112
102
78
103
140
54
80
88
26
53
112
92
96
120
67
172
107
116
132
132
119
109
148
165
106
74
117
142
126
114
91
75
118
127
115
114
88
135
91
159
117
142
77
74
84
108
134
105
143
95
86
131
91
79
117
44
111
70
112
65
67
120
83
117
123
99
97
90
137
112
59
170
111
87
44
108
139
116
100
143
83
41
58
130
162
86
69
53
113
137
157
144
142
124
82
116
83
22
-4
135
82
99
68
178
128
149
151
66
128
139
91
89
65
131
35
140
89
68
124
110
87
113
57
115
103
149
26
110
109
81
67
157
111
89
107
157
97
88
80
151
141
92
86
168
108
101
98
146
108
129
111
83
141
110
62
157
139
77
116
79
117
80
61
135
118
121
62
58
100
71
92
117
96
87
107
131
144
114
157
45
84
109
67
100
104
164
134
138
98
90
146
98
90
37
132
126
80
139
122
62
166
144
82
178
102
123
146
111
148
199
166
99
90
95
54
96
89
105
60
120
89
145
127
94
114
56
146
42
96
115
59
95
98
140
176
72
109
132
93
76
92
45
133
153
106
257
156
112
167
110
127
124
43
124
157
146
129
69
102
63
169
95
117
61
110
60
87
149
84
162
92
96
61
146
112
62
79
110
128
87
122
91
129
134
82
144
43
186
131
135
71
146
111
154
83
108
212
169
106
131
94
81
101
34
42
112
83
89
128
108
108
27
45
107
126
80
36
168
104
138
81
136
43
130
111
69
142
64
132
91
98
143
93
105
133
182
48
119
101
100
107
140
113
162
128
103
189
36
18
48
71
139
123
119
51
141
24
113
160
32
25
82
98
131
56
79
63
174
134
158
111
129
124
131
129
138
95
169
110
117
86
119
103
138
126
92
122
102
147
118
169
137
102
105
114
73
142
51
99
96
91
140
112
142
87
112
153
134
86
62
93
123
131
109
81
54
128
128
57
142
130
154
61
141
118
102
149
114
173
94
122
142
85
123
105
119
166
78
115
149
107
93
80
124
79
66
137
157
131
158
108
124
123
118
98
81
126
119
114
113
20
59
160
68
78
142
105
157
144
110
72
91
83
130
207
288
23
141
134
96
130
76
141
186
101
109
86
152
167
84
95
63
129
119
166
99
137
110
102
144
188
205
148
88
151
80
72
138
100
89
57
86
127
136
124
131
114
118
126
127
112
96
143
98
102
33
150
310
104
141
138
132
120
172
116
66
160
219
94
66
81
120
168
76
112
144
105
117
142
156
124
71
138
139
35
98
145
117
101
163
92
82
144
155
130
147
105
121
128
137
144
117
123
98
118
102
124
104
128
124
103
128
113
88
90
133
119
113
124
138
97
129
143
126
114
109
123
148
150
115
133
150
29
100
102
153
77
112
125
57
90
142
104
124
90
139
86
151
110
132
128
53
119
121
90
147
133
56
157
89
119
134
92
115
95
127
139
129
127
132
65
136
124
41
127
135
92
80
161
106
78
150
159
137
112
166
103
117
78
111
30
101
106
124
90
55
97
125
60
97
120
72
103
178
101
103
77
113
142
116
146
96
130
133
116
191
97
124
104
141
97
58
168
53
75
123
92
144
112
108
116
153
54
264
83
155
100
119
140
115
87
85
116
91
208
131
145
177
95
134
123
148
162
140
123
150
127
130
84
142
168
136
81
74
121
109
151
135
116
94
134
141
172
86
115
126
104
107
140
107
70
100
95
110
101
72
88
69
114
71
122
74
82
122
71
99
78
124
124
113
76
64
93
124
84
99
128
47
110
166
132
110
98
158
104
110
134
149
81
88
146
56
106
83
120
91
123
116
104
136
71
145
62
142
62
121
105
148
138
90
119
134
121
124
118
98
133
101
123
129
93
138
77
107
135
133
158
94
96
122
123
121
44
108
172
142
96
99
105
149
122
110
143
152
127
121
31
145
105
116
166
161
77
156
130
152
137
47
149
120
127
111
170
133
47
177
137
149
145
109
130
109
119
136
79
87
86
147
92
121
101
105
115
120
136
96
136
115
146
128
110
144
104
80
97
130
81
92
129
139
125
133
127
107
67
99
136
134
117
121
100
146
103
91
94
118
90
113
152
158
128
78
99
102
161
105
205
118
139
76
106
86
171
120
131
144
121
84
122
93
106
71
137
112
151
118
95
165
119
151
113
152
114
128
101
81
113
78
78
92
123
68
145
161
42
147
138
132
101
290
90
106
153
103
114
113
97
175
120
101
152
53
103
131
100
80
102
105
129
79
125
120
93
110
130
104
121
266
95
107
154
122
96
105
110
157
131
166
115
122
116
114
92
131
115
83
98
109
145
67
138
132
109
142
132
106
115
99
148
127
145
184
113
150
124
117
114
116
93
95
88
91
50
142
87
81
43
83
93
113
119
112
110
105
88
120
141
113
89
117
103
134
99
88
93
100
64
120
96
110
131
112
103
125
125
99
97
138
216
160
120
129
112
112
86
149
85
136
191
146
128
87
144
143
80
96
76
115
41
71
97
38
128
74
127
142
293
132
122
165
151
125
64
97
163
153
105
182
116
148
115
188
81
115
118
139
92
85
109
121
114
131
129
92
146
148
96
135
93
100
78
142
154
50
96
64
63
120
129
147
82
97
132
129
113
122
183
131
59
187
128
80
102
76
159
104
100
126
103
95
126
54
146
142
122
129
138
135
115
147
163
64
108
112
123
133
174
97
156
82
124
119
139
133
143
154
84
141
132
138
76
149
173
78
74
123
139
116
105
117
92
145
133
131
134
92
96
94
101
145
87
25
140
131
123
94
120
135
138
141
96
128
135
108
204
134
133
77
97
76
83
144
129
158
113
92
65
84
199
148
98
128
85
152
107
132
164
134
165
218
142
30
128
97
142
91
109
130
91
94
68
94
161
109
114
138
112
94
111
125
145
180
93
126
105
73
71
114
126
84
51
141
118
117
78
96
93
98
152
71
91
129
140
127
140
107
95
146
87
132
94
95
97
100
138
141
172
120
116
126
153
121
158
156
104
113
138
118
140
92
191
128
175
111
158
123
112
109
60
167
137
111
95
140
203
103
119
119
92
128
189
88
163
269
140
146
116
85
65
139
124
104
98
166
140
111
93
146
150
95
172
110
123
107
140
112
132
87
108
155
149
124
118
107
83
157
257
145
133
132
77
124
167
92
146
127
91
138
136
102
107
138
145
176
139
114
186
167
76
123
109
134
144
114
111
115
90
114
108
127
121
104
129
112
71
188
120
152
108
148
129
141
123
125
72
161
158
138
182
126
126
101
133
126
137
166
148
138
68
136
109
150
104
106
135
39
104
94
121
108
79
84
103
95
120
113
95
74
59
94
118
78
57
120
123
117
118
69
139
123
94
138
111
117
127
69
106
129
76
104
119
134
78
164
77
118
154
124
105
138
45
145
145
132
75
54
140
134
128
127
74
141
123
133
118
146
121
130
82
117
145
151
118
162
104
125
113
103
111
91
139
131
99
101
132
127
90
157
115
121
97
75
161
121
84
162
149
122
169
169
119
117
129
48
88
140
142
136
125
130
107
108
109
138
87
134
126
144
103
83
68
118
109
129
139
109
113
84
91
99
84
77
152
109
201
108
159
139
134
81
121
128
127
151
142
69
144
117
114
115
92
79
150
158
76
70
129
118
85
104
141
72
109
137
82
156
99
154
294
94
136
130
84
94
70
66
109
97
140
151
64
95
111
63
118
142
119
182
133
80
114
107
91
163
184
104
39
125
108
92
132
117
109
121
112
76
101
78
109
134
139
69
140
91
99
133
150
72
189
153
149
106
126
136
163
119
109
154
93
75
131
127
191
140
157
116
153
90
123
125
102
161
138
80
129
101
129
46
164
134
82
57
128
125
132
76
137
103
141
145
110
105
155
125
80
154
132
100
137
134
184
137
119
129
139
180
90
130
162
128
114
87
139
68
116
166
103
111
127
90
129
118
142
153
137
120
108
160
97
101
149
126
180
128
88
143
152
141
107
63
128
100
96
128
133
158
132
92
139
43
105
103
133
100
139
112
158
160
119
100
121
156
139
91
106
115
82
84
122
109
104
62
115
137
91
150
142
140
113
104
120
270
91
138
143
135
183
86
116
116
106
147
66
91
76
-19
295
205
123
103
145
88
145
123
55
77
111
143
87
125
164
111
66
83
113
77
171
135
183
95
103
115
85
93
145
140
109
96
129
83
117
92
121
122
108
153
168
96
97
93
157
150
106
74
131
155
155
112
131
99
53
170
90
137
109
77
171
93
153
103
197
119
140
173
108
89
87
123
121
117
53
283
111
147
114
161
115
99
83
93
115
84
129
126
137
86
116
145
94
86
142
143
125
113
164
62
103
154
109
124
160
164
145
171
158
136
149
125
70
74
111
126
134
140
129
92
106
75
147
127
97
123
132
128
67
121
118
104
127
106
113
152
94
24
146
133
116
133
144
128
152
89
99
138
162
55
141
165
99
141
120
104
109
90
143
139
146
136
101
117
164
137
135
99
92
126
113
67
176
115
165
122
132
104
146
117
79
128
151
123
104
158
143
118
112
103
145
145
127
125
156
101
111
71
109
131
71
91
72
69
146
164
92
123
112
76
107
165
174
110
127
165
149
131
190
89
115
130
146
81
112
106
113
94
143
166
141
130
90
116
86
109
83
93
111
104
138
97
84
115
100
117
60
109
162
91
95
130
120
109
112
111
108
56
130
85
122
108
163
145
139
115
154
180
105
76
151
153
105
110
83
79
200
131
164
147
111
67
108
90
200
113
147
167
141
123
131
88
150
136
116
146
120
175
106
119
101
136
114
151
171
113
105
160
141
130
114
99
64
133
155
109
70
89
116
131
129
98
106
179
141
59
133
100
207
127
114
157
116
86
103
139
117
102
94
91
161
135
152
117
131
104
105
140
153
121
136
135
118
34
103
111
95
108
95
175
111
124
106
68
196
151
80
127
198
115
117
109
110
125
126
79
112
144
117
118
133
112
100
172
136
115
122
192
60
107
130
37
126
130
87
170
72
158
131
103
84
120
106
142
97
97
170
71
55
118
133
62
90
58
77
38
114
108
102
94
160
165
74
85
295
61
128
103
105
146
132
36
59
89
97
112
132
135
146
131
129
85
149
49
195
145
120
132
151
131
71
78
124
84
127
70
85
123
156
160
154
86
87
96
133
67
85
82
147
176
106
76
107
108
144
98
63
68
136
154
292
145
114
100
153
88
91
113
198
73
125
119
138
129
137
135
121
84
122
144
80
92
299
142
82
139
111
83
113
97
121
158
152
114
152
67
150
91
148
126
137
79
94
103
130
99
95
95
118
103
115
111
120
126
137
89
132
122
115
165
124
101
61
175
68
127
183
131
111
152
123
97
123
116
137
172
129
131
146
134
106
135
137
163
102
104
126
142
67
91
83
144
118
164
78
115
70
136
128
157
103
92
144
113
156
122
123
92
119
120
65
471
113
95
75
102
160
152
124
106
158
162
132
108
143
106
122
137
171
98
123
297
108
124
66
123
130
111
161
153
120
72
145
183
177
105
147
107
139
98
137
155
151
120
141
118
38
104
113
106
114
136
35
128
80
119
108
138
129
139
90
305
103
88
113
114
144
114
115
137
137
131
150
71
172
145
150
150
115
111
164
165
117
139
155
107
97
113
114
123
110
114
127
159
77
116
144
115
153
160
118
96
94
143
149
118
186
114
122
102
98
119
142
132
141
259
149
102
115
94
114
109
176
91
161
130
127
148
113
181
105
59
116
104
116
103
151
163
97
74
151
118
115
129
112
91
142
170
131
114
147
145
179
137
124
101
149
111
136
148
169
105
101
198
118
122
150
199
136
168
143
132
185
82
138
89
152
90
116
197
169
97
125
172
133
134
88
158
113
94
76
162
116
117
93
152
105
138
106
124
142
125
53
104
150
126
155
27
136
131
156
196
150
86
82
129
138
146
137
124
186
152
64
96
105
148
146
123
104
298
126
166
85
124
138
72
135
123
91
149
101
86
102
117
121
158
108
89
148
60
151
56
143
116
138
124
146
159
106
140
82
140
163
53
121
100
109
97
134
101
131
165
117
123
121
117
109
145
149
139
138
145
128
136
77
176
78
98
261
140
147
193
137
87
128
121
129
118
163
148
125
156
149
99
90
158
162
90
150
126
108
82
138
149
103
81
60
119
119
141
102
191
170
133
103
134
142
134
94
155
112
124
117
142
98
153
94
68
82
164
188
143
200
136
116
128
97
112
104
160
149
143
162
135
181
157
126
149
109
106
120
125
172
87
122
145
124
135
133
135
97
139
149
179
70
93
165
183
106
152
115
443
93
133
142
161
306
113
117
132
136
130
124
113
192
122
166
126
125
108
165
170
139
109
129
155
145
104
159
105
148
109
159
191
107
100
89
120
88
162
124
114
117
124
119
146
86
126
98
104
153
134
120
111
105
111
152
107
156
104
145
90
144
158
113
132
124
97
90
126
116
115
83
262
121
148
142
281
140
147
96
135
135
129
164
138
106
116
128
118
120
120
150
176
144
131
172
126
122
88
136
140
109
169
137
98
71
94
133
133
172
151
92
109
97
121
188
98
143
128
140
121
144
147
156
168
164
113
147
87
141
147
113
108
138
105
143
86
138
106
123
96
176
98
123
137
140
105
119
86
107
129
103
121
162
121
143
108
144
137
161
175
105
144
122
110
139
116
121
104
123
166
102
105
154
74
135
149
132
210
119
122
108
120
136
123
152
118
110
105
91
170
159
145
114
131
156
155
101
131
133
126
134
97
153
119
147
166
128
127
117
143
142
125
103
137
143
136
173
152
118
115
126
88
118
78
111
105
149
116
119
131
82
124
100
129
78
110
128
156
121
140
182
117
102
132
123
121
177
133
112
182
129
143
117
117
142
100
159
130
102
49
90
131
124
167
103
80
157
154
111
99
171
146
121
159
98
115
90
155
129
150
99
105
167
156
111
113
156
133
177
117
121
112
124
106
138
72
75
154
129
119
112
107
63
102
179
157
91
134
164
176
139
111
63
141
134
172
169
142
152
146
140
125
149
155
244
96
166
93
112
141
117
119
120
141
153
91
165
146
94
127
107
139
117
167
133
82
142
109
176
161
87
116
98
155
123
160
102
148
123
118
179
178
155
133
138
136
82
92
122
267
162
165
122
140
118
104
143
133
144
107
163
134
109
161
119
117
103
166
154
135
120
126
91
75
120
158
87
89
89
102
138
138
124
134
152
94
123
127
110
125
106
119
140
142
124
124
138
134
76
153
143
120
110
143
90
144
169
139
156
103
121
152
125
149
122
121
89
146
140
122
200
128
135
77
130
120
163
169
70
103
123
151
127
140
135
147
119
134
68
147
190
97
170
157
137
168
122
104
151
143
147
85
129
92
136
137
137
94
92
116
117
131
112
124
91
116
116
90
99
145
90
115
150
107
139
99
103
159
153
142
183
108
152
106
84
125
134
156
128
143
97
165
116
131
115
134
126
89
138
132
138
103
136
139
239
150
185
148
118
99
83
161
88
128
132
81
130
196
119
147
109
99
142
120
128
131
145
141
127
125
158
117
123
114
173
109
135
157
186
147
117
134
130
169
174
149
120
135
173
120
153
148
122
117
112
133
130
148
162
122
159
125
127
162
173
133
144
170
75
85
179
122
155
161
79
90
121
182
160
114
147
153
137
83
168
172
115
125
114
116
163
142
150
106
159
73
114
105
124
88
123
155
115
105
136
201
114
131
131
186
112
137
119
168
83
100
99
133
104
112
123
104
109
93
128
155
192
138
148
190
188
162
124
167
76
127
98
114
129
155
152
147
125
186
145
129
102
138
105
152
126
135
131
185
95
140
82
121
141
102
158
140
126
97
123
150
124
125
118
134
92
107
161
138
166
89
122
160
144
265
125
156
71
152
176
150
162
108
158
125
108
102
184
150
140
146
92
85
149
119
124
185
69
142
