-58
-54
-67
-67
-18
-57
-70
-79
-45
-60
-31
-59
-14
-67
-38
-40
-64
-67
-57
-20
-53
-48
-72
-68
-56
-73
-72
-29
-29
-48
-44
-18
-62
-58
-38
-20
1
-10
-44
-14
-32
-66
-54
3
-18
29
8
-5
-16
-32
-3
12
-23
-32
-3
1
-17
-17
-21
2
-6
-1
20
-31
-10
8
-29
-33
-8
6
-10
1
-33
-1
9
7
16
6
-28
-2
6
20
-17
34
14
27
-37
-24
30
31
-18
-36
12
24
37
63
37
1
22
48
67
23
10
5
14
12
46
18
28
80
65
26
64
62
0
47
3
16
8
18
-7
-8
-10
7
-17
12
-14
12
-12
-1
-2
48
-2
-12
18
8
-16
16
-1
38
33
6
8
11
34
8
27
45
-7
49
69
29
74
8
28
40
-24
17
32
17
-5
65
52
14
50
77
51
29
37
9
40
48
81
100
5
12
14
35
86
-8
52
-29
24
-2
54
55
9
-34
38
-7
-19
16
40
1
35
10
13
2
30
53
58
-27
24
6
17
46
-12
3
-10
24
-11
53
62
14
36
23
30
21
5
-14
31
38
4
5
-12
53
-20
59
-22
34
1
-23
-2
-30
-37
60
5
-6
37
45
62
37
14
52
7
24
24
21
29
93
44
21
107
46
48
65
30
58
101
48
-14
-3
72
40
52
36
26
13
42
-18
46
20
60
53
72
50
16
81
70
25
93
48
43
68
55
56
61
44
-16
40
56
71
5
1
-14
71
-5
27
75
73
54
60
36
19
33
48
20
-1
-11
-18
57
-10
-27
4
33
17
74
19
101
111
97
81
62
78
35
5
25
46
43
73
85
87
80
48
-1
81
36
60
130
-9
138
5
56
38
27
42
102
-3
-12
32
17
38
21
89
35
39
101
70
38
114
46
50
60
74
101
77
13
49
58
49
66
52
61
85
33
92
49
51
41
83
99
74
60
92
35
44
57
42
59
21
23
92
21
76
58
74
115
43
71
110
65
6
32
20
75
-12
50
78
86
59
15
47
93
74
100
0
52
92
24
40
13
48
64
65
57
92
91
85
86
66
61
69
25
70
64
-34
92
77
80
118
55
125
142
100
58
56
125
93
110
3
15
-34
52
10
38
31
20
48
34
32
92
73
85
62
113
90
98
86
80
124
9
151
37
57
50
66
43
123
45
63
48
75
60
75
78
99
85
54
94
96
99
104
121
10
110
79
74
60
-1
82
62
46
86
75
56
126
75
46
67
87
108
54
81
98
105
81
109
87
95
17
75
34
85
103
34
56
82
68
95
92
69
69
37
84
121
78
104
129
86
97
72
30
122
174
98
54
22
106
92
64
17
110
26
88
-3
71
60
67
104
77
58
88
76
58
32
75
122
60
66
110
102
98
123
101
126
90
80
77
148
36
93
103
86
40
85
48
106
157
126
3
76
73
110
94
68
91
99
107
59
117
-8
25
54
63
112
132
164
115
126
82
45
90
120
73
64
81
100
57
106
16
-3
60
50
77
84
152
118
86
76
-13
21
37
108
54
122
77
86
94
145
60
87
112
115
60
128
75
54
124
121
88
147
45
43
109
71
99
69
74
43
45
19
73
94
131
134
59
113
93
86
110
20
25
99
65
103
80
117
108
34
72
56
76
40
120
59
28
121
68
111
102
85
57
38
123
42
70
78
20
30
86
99
152
49
119
94
131
65
12
66
53
150
86
106
24
83
49
96
59
156
85
99
60
52
79
123
93
65
68
64
136
52
84
86
75
105
122
93
76
126
35
72
33
54
31
48
39
17
82
92
50
74
36
135
64
139
52
144
30
75
52
110
75
126
84
29
101
96
121
53
142
110
12
19
56
63
57
28
62
51
66
60
12
100
68
19
79
134
38
56
20
84
101
138
91
57
127
78
151
120
92
94
162
-2
116
89
118
96
57
78
68
134
99
104
41
110
265
87
73
88
102
85
93
114
90
131
35
118
71
144
92
61
104
65
23
99
117
102
57
133
155
112
145
178
41
76
120
124
88
25
105
117
85
98
21
50
60
116
114
92
42
74
51
125
155
39
68
49
67
105
85
90
62
115
73
196
76
83
13
65
-15
130
114
165
125
85
102
60
151
123
84
22
63
135
129
121
74
73
87
103
116
88
132
146
161
78
127
103
89
151
57
125
68
58
115
112
67
97
104
96
99
116
30
94
90
107
116
129
95
148
99
65
129
86
62
69
74
98
137
122
132
18
65
61
113
100
48
65
95
109
80
108
87
73
78
100
110
129
103
105
56
115
114
84
126
105
87
144
139
60
104
132
58
100
125
36
128
67
50
136
60
97
93
105
13
140
145
141
75
105
91
152
71
115
93
128
153
46
86
86
27
103
46
129
62
110
101
86
134
42
47
98
102
141
104
148
123
45
158
42
82
137
124
49
120
100
61
148
153
74
69
14
86
82
177
111
118
123
112
71
64
124
90
90
119
97
114
112
169
88
92
117
100
68
33
68
125
138
130
36
32
137
39
93
105
63
132
78
52
119
141
164
84
125
81
110
131
143
107
113
48
15
109
85
81
74
19
151
50
53
111
62
55
67
49
109
118
115
111
12
53
90
99
39
47
53
66
119
134
51
82
38
75
64
89
50
116
49
88
90
77
139
48
139
103
71
77
92
89
46
22
76
78
70
132
43
94
140
188
98
57
84
-13
28
70
98
119
97
52
146
107
102
104
147
54
155
116
43
26
81
101
40
38
88
95
26
126
65
109
116
98
110
106
27
93
105
124
90
121
60
138
100
64
101
97
42
157
146
119
30
105
188
68
94
96
116
67
142
67
81
97
31
37
93
103
87
102
249
78
92
83
61
137
68
54
71
45
13
-26
14
8
-33
28
61
22
27
45
19
5
-21
79
57
112
54
81
49
39
33
81
22
130
172
70
56
84
52
84
73
137
68
124
135
78
81
120
137
71
64
92
121
80
50
165
39
14
142
58
103
108
30
86
118
36
90
47
55
145
157
53
41
111
82
84
102
92
96
144
95
50
117
99
47
59
57
100
123
1
66
96
148
96
101
124
118
12
123
69
52
144
63
95
108
83
122
118
75
54
88
146
168
100
104
32
122
103
102
87
98
91
122
141
97
126
109
109
130
145
86
117
122
124
70
130
138
40
80
161
108
75
134
85
65
69
95
102
155
124
128
109
165
77
102
119
128
114
123
118
94
137
135
130
95
63
61
159
173
117
108
153
174
156
119
25
151
44
55
135
82
153
79
141
124
57
89
127
150
107
122
102
63
133
182
92
103
96
43
65
123
93
183
119
66
109
107
165
122
133
102
126
116
44
163
130
120
111
89
150
83
117
74
135
38
155
86
166
158
99
116
215
153
100
87
111
165
128
96
102
181
157
129
128
97
111
81
107
81
142
119
97
121
121
71
105
121
101
77
91
121
129
95
88
98
73
93
96
87
76
120
189
140
108
130
153
23
131
100
98
76
92
102
115
117
85
91
134
148
84
113
86
98
123
71
66
94
121
128
77
133
147
109
94
144
167
179
97
129
92
122
105
54
143
136
100
152
144
111
116
102
151
47
116
102
103
57
101
20
145
126
62
87
97
237
159
154
84
109
148
128
135
133
118
93
116
109
74
157
139
93
133
107
129
157
72
111
131
148
85
85
107
145
136
105
133
156
80
150
94
129
113
207
158
150
95
145
139
142
84
129
50
137
160
168
53
76
131
97
131
83
102
120
103
103
98
96
112
104
165
71
91
144
126
112
175
119
152
96
89
128
133
163
129
148
115
76
69
109
147
145
102
84
59
132
107
122
171
127
68
68
151
106
109
131
82
108
116
80
149
133
102
69
154
131
91
107
96
40
60
143
115
124
99
100
127
112
122
90
129
137
51
144
100
53
128
89
36
114
116
74
171
125
72
166
154
137
139
65
126
101
93
83
61
203
107
158
148
117
97
118
139
109
60
91
161
112
46
105
114
126
115
149
122
115
103
105
151
116
104
121
147
99
149
130
130
145
169
96
125
108
141
146
134
123
122
103
126
109
116
72
120
105
89
70
85
158
184
144
109
101
165
117
132
117
140
149
107
137
109
81
132
104
176
281
141
116
139
135
114
135
142
149
53
111
54
103
97
86
85
127
69
130
115
143
65
133
100
136
123
142
96
92
138
94
143
159
147
76
241
132
164
168
78
103
131
106
98
165
169
127
156
131
72
132
157
104
231
154
156
98
80
137
147
70
123
163
61
120
120
137
90
165
141
103
138
57
112
162
141
98
184
84
100
160
119
179
101
111
121
265
152
97
132
120
73
119
146
85
83
119
177
97
111
163
139
100
174
145
117
180
97
157
119
138
132
72
139
203
184
142
152
138
79
140
148
134
127
100
124
156
116
115
155
145
118
89
137
75
156
137
153
138
104
117
159
135
143
131
154
92
124
146
94
108
182
134
119
108
114
182
116
138
162
144
105
121
90
179
198
138
143
128
115
153
79
98
114
138
147
149
102
100
75
171
116
79
109
111
184
135
171
90
159
116
128
120
137
159
255
79
155
122
133
156
59
309
173
102
126
131
162
149
191
135
142
160
187
124
194
128
93
109
87
155
120
123
140
137
115
111
143
135
138
130
102
121
112
152
183
107
86
120
128
147
134
123
106
144
146
124
137
113
135
131
99
101
167
128
76
131
157
139
134
198
124
158
162
174
128
91
147
122
67
128
173
160
114
199
138
172
179
136
117
162
150
125
127
122
93
112
131
139
82
100
144
147
131
171
150
69
98
139
112
164
107
77
138
148
74
82
145
137
176
125
252
110
125
121
160
108
92
75
127
160
140
156
110
136
99
94
89
173
91
128
98
128
148
160
153
84
102
175
111
175
140
81
85
77
185
147
126
62
147
72
159
117
121
116
75
178
130
103
144
179
111
130
136
93
107
306
104
140
122
136
104
135
80
104
153
120
178
165
41
132
211
157
168
129
110
152
64
127
88
96
88
177
140
140
130
156
171
166
104
146
152
142
166
175
149
147
143
126
182
173
42
82
81
52
122
140
114
141
101
161
113
150
148
80
121
147
64
107
165
166
121
130
145
128
120
124
128
96
136
179
129
99
153
50
116
118
41
156
136
158
166
155
145
130
162
116
114
84
96
179
77
116
146
132
127
292
79
135
103
127
161
72
193
125
126
99
150
158
92
141
105
163
129
70
135
177
121
113
152
153
135
146
179
135
93
96
145
168
153
117
108
151
71
124
178
130
159
143
95
168
120
131
163
139
163
123
117
90
112
142
149
175
172
167
116
151
136
118
163
184
108
98
155
319
106
128
99
131
119
142
140
93
97
174
136
107
125
139
130
171
117
131
68
69
127
156
107
100
157
180
141
87
116
157
107
147
93
119
116
145
94
132
130
131
164
146
132
103
90
120
242
150
168
133
176
115
190
263
168
173
142
134
98
139
244
128
153
28
108
124
91
85
116
124
117
141
131
123
96
124
140
122
143
139
139
106
123
127
109
132
117
145
97
162
127
179
143
163
142
137
131
131
169
164
125
111
321
128
114
147
143
122
183
140
81
95
156
139
130
174
210
117
147
146
115
198
149
96
80
264
165
159
142
191
134
214
96
145
163
110
154
149
150
171
179
192
140
136
169
137
132
90
135
71
153
180
144
100
151
166
208
162
104
143
172
100
123
210
159
160
164
149
133
144
134
134
292
152
129
153
170
132
106
154
166
146
99
153
177
177
175
159
132
144
140
145
178
111
146
122
159
114
163
118
208
167
115
144
124
148
136
134
140
130
139
145
81
150
146
124
166
107
128
140
124
134
130
119
179
93
140
110
137
154
207
164
139
155
156
286
147
160
86
88
57
170
140
170
269
177
184
118
145
92
127
167
125
201
171
131
155
200
175
157
137
144
128
129
105
145
155
158
122
159
162
114
133
133
137
109
151
145
116
138
154
145
155
183
137
137
175
156
169
128
163
139
167
142
106
173
116
106
437
148
164
96
148
180
134
199
92
152
143
126
167
180
54
160
167
179
146
141
116
141
162
159
176
153
88
122
116
141
224
168
169
156
128
124
70
142
168
144
160
114
168
137
279
173
140
173
145
162
158
158
69
173
126
103
113
145
192
175
123
110
162
165
118
163
167
180
149
191
133
158
139
143
122
97
157
155
174
181
89
158
149
109
194
128
158
129
133
178
134
131
157
112
165
185
118
138
131
152
138
175
147
166
153
162
140
136
173
147
221
114
164
144
117
106
150
151
152
141
124
116
138
277
180
154
110
117
139
160
130
154
146
164
166
121
95
142
117
105
134
187
179
134
171
126
149
165
155
262
163
80
88
117
131
112
168
128
110
169
126
139
139
140
166
79
158
181
154
101
166
161
130
89
121
116
146
130
175
181
157
158
119
155
157
160
99
91
177
160
174
160
193
152
176
97
182
123
192
112
137
179
166
106
205
119
163
101
168
161
124
102
212
129
167
158
185
137
162
183
109
143
191
156
197
130
127
158
172
153
157
142
110
136
130
192
110
165
105
174
176
121
162
150
185
147
161
100
168
126
162
162
162
120
305
122
165
99
171
187
188
402
158
167
177
131
176
120
144
120
155
161
150
123
91
193
132
133
118
127
99
112
128
84
116
132
115
166
186
141
175
141
140
158
324
147
125
104
201
133
111
152
126
102
135
155
156
149
128
97
150
68
139
135
138
120
130
147
170
72
159
97
182
173
164
117
142
104
170
157
140
153
161
166
120
173
145
206
136
98
156
149
115
323
170
114
185
120
124
115
170
139
133
135
111
122
113
126
152
150
159
110
138
146
175
105
105
148
156
168
172
163
176
174
144
142
138
131
147
132
118
156
162
147
140
189
165
126
154
172
193
133
133
147
139
145
119
145
212
131
156
161
149
143
158
169
132
109
114
123
140
134
210
157
250
130
141
116
198
113
166
147
177
150
180
181
163
161
159
165
187
183
102
168
164
152
166
121
148
173
170
168
167
159
171
139
147
180
194
116
230
150
154
164
110
103
155
162
100
141
266
143
121
263
93
87
148
132
127
136
173
126
122
124
159
151
131
124
156
175
149
162
151
120
164
120
176
157
121
143
211
139
121
183
162
143
201
132
150
59
180
124
146
187
149
137
133
59
168
142
153
134
140
97
169
117
136
107
148
126
118
177
147
148
177
160
153
171
167
103
159
191
70
154
159
199
134
97
158
135
130
149
192
131
163
140
156
87
152
149
159
93
121
124
138
155
145
122
77
124
136
148
305
122
173
125
167
142
169
150
105
162
107
165
145
296
153
149
111
294
151
156
169
146
167
162
135
139
110
167
151
143
179
189
150
205
150
180
142
163
72
181
174
129
144
139
173
131
164
181
140
134
290
185
127
165
181
64
177
122
145
101
177
136
115
157
107
98
138
150
123
106
181
131
94
121
183
143
135
137
139
165
132
132
137
112
162
143
106
172
140
180
129
155
122
191
158
118
153
124
101
259
92
76
124
152
130
82
150
107
106
124
79
96
150
142
128
140
126
131
167
124
131
170
143
108
123
121
71
99
155
76
110
139
106
160
130
146
169
65
142
141
145
160
130
83
110
160
178
132
88
88
135
162
141
113
126
200
128
94
143
195
145
147
88
141
133
145
129
113
126
148
130
103
188
155
141
116
18
292
162
179
165
148
76
154
170
156
97
135
124
179
201
185
167
297
97
119
159
112
108
164
146
149
132
144
120
175
146
106
190
171
142
152
166
136
139
159
158
108
135
138
130
165
120
139
143
107
130
169
185
124
114
161
147
148
126
95
149
135
201
176
194
161
305
162
178
127
106
175
245
141
181
138
144
114
190
174
176
345
87
137
144
148
158
151
179
176
134
129
176
125
129
102
164
165
165
141
175
130
190
165
110
167
138
118
166
139
163
118
150
115
182
156
125
118
163
113
179
153
151
195
117
121
127
161
133
146
145
114
107
137
164
184
197
147
184
143
124
131
126
169
117
205
107
125
184
148
160
145
153
127
177
280
163
177
141
178
137
132
137
171
125
123
189
143
171
182
181
136
177
182
92
139
133
152
174
171
181
147
150
175
120
128
184
161
166
163
134
139
103
193
125
103
177
118
134
163
146
116
263
137
178
118
60
107
191
118
155
149
100
97
152
145
156
134
171
116
282
172
147
172
104
120
313
159
161
166
153
150
124
163
177
168
154
159
152
185
186
179
172
161
178
171
165
170
136
148
176
173
114
133
152
147
137
112
126
201
170
153
162
134
191
105
151
146
156
159
147
166
173
211
178
140
148
161
123
178
142
170
135
157
106
181
177
129
144
173
191
152
147
160
122
95
144
145
135
303
114
183
137
182
78
125
159
132
119
177
146
75
108
92
102
124
162
148
204
139
88
172
176
164
140
149
123
149
141
183
160
152
156
189
160
161
115
172
184
134
161
126
158
209
179
105
189
159
138
186
159
147
153
138
138
156
245
131
147
115
140
151
120
155
155
134
108
171
176
174
139
152
248
134
133
150
138
146
151
95
110
137
177
118
130
99
159
118
109
173
80
105
114
157
114
124
125
149
132
134
156
163
155
119
123
115
133
135
138
150
109
158
175
150
94
107
145
99
135
203
143
115
139
187
142
143
123
208
130
147
169
149
121
172
127
158
166
121
146
118
120
121
188
165
126
112
174
166
118
108
147
127
166
154
143
177
149
144
155
163
134
76
167
96
107
151
123
145
134
171
139
170
170
174
134
141
137
161
126
203
178
144
119
260
142
155
150
84
194
418
277
152
148
165
137
316
182
140
151
129
146
121
160
178
134
114
149
195
163
144
119
127
173
123
150
156
155
135
101
188
135
146
179
161
191
128
137
137
146
154
135
130
145
132
119
164
116
105
168
185
137
149
150
149
172
98
100
170
161
165
146
144
156
121
110
146
97
189
168
144
149
154
150
138
108
199
143
162
170
133
156
147
171
169
115
156
177
129
100
132
186
142
139
130
126
155
155
120
140
145
130
154
117
147
171
183
97
103
197
76
161
174
106
134
152
112
144
166
182
167
181
174
260
150
144
154
163
164
178
164
171
203
144
179
103
132
188
154
96
181
163
83
154
159
114
158
165
103
109
140
187
167
149
142
126
122
176
123
192
142
152
118
138
152
134
126
138
162
99
154
119
196
129
141
144
138
150
178
188
171
113
132
113
144
135
165
172
177
178
130
199
124
129
94
154
140
154
162
136
170
126
172
153
119
163
100
153
138
85
161
135
146
155
157
172
283
152
149
160
154
150
121
149
141
140
147
154
114
217
163
163
264
148
147
179
110
130
155
142
164
123
114
126
137
147
165
120
145
114
163
127
128
128
156
129
132
80
172
174
173
168
86
197
187
196
151
145
188
288
182
137
123
140
127
140
138
153
176
110
152
133
192
294
128
164
112
187
142
169
156
123
154
172
164
163
166
152
154
71
121
135
147
144
117
147
108
134
104
116
107
119
130
123
117
167
63
74
145
126
125
139
117
76
170
121
134
122
119
179
97
104
111
104
102
60
129
99
114
120
114
127
50
117
111
122
128
129
90
102
140
143
101
135
88
142
91
172
95
151
63
129
151
270
159
97
167
127
165
169
176
139
128
139
118
149
163
169
175
148
187
144
155
128
143
128
196
175
138
124
140
180
185
153
160
153
141
119
169
79
161
182
163
152
159
202
131
136
152
106
164
139
201
133
131
179
189
131
131
132
293
150
185
168
298
113
152
179
107
155
144
184
153
124
140
91
168
113
85
163
191
176
188
138
113
145
183
157
150
168
132
141
138
119
124
184
158
180
168
124
163
136
132
148
146
151
136
169
106
134
144
158
127
182
158
148
173
108
148
157
171
239
154
173
173
193
135
169
142
158
113
100
155
179
160
121
169
129
183
136
159
194
117
116
167
156
132
128
153
130
142
160
138
168
176
190
127
170
150
129
129
101
158
148
153
124
121
146
171
153
153
162
168
170
137
111
134
157
160
152
130
134
270
140
110
160
172
121
141
145
135
156
128
189
143
174
127
138
209
142
101
175
169
195
162
166
116
128
178
191
140
180
145
163
142
183
157
122
149
176
178
189
143
142
187
145
165
135
122
148
112
116
155
104
180
152
124
187
191
137
133
93
187
121
117
125
89
137
178
110
115
129
127
174
153
166
174
180
156
103
167
164
158
124
163
144
244
197
143
249
97
163
158
171
149
175
205
132
101
158
138
167
172
154
173
171
151
155
152
137
133
151
194
111
126
136
141
184
136
166
182
159
173
157
162
179
147
148
115
132
132
151
144
135
250
165
153
86
312
164
170
133
101
139
183
142
158
137
183
119
152
185
125
148
199
156
172
132
150
136
119
164
144
129
117
232
141
149
109
195
112
159
180
169
128
157
147
141
161
157
184
121
166
159
151
153
104
139
166
137
80
130
133
167
147
151
152
182
201
130
162
117
107
184
102
148
124
165
155
161
112
157
155
178
161
166
194
95
128
175
158
149
132
118
144
141
171
111
173
