-60
-35
-52
-34
-54
-44
-72
-51
-15
-39
-58
-39
-46
-74
-46
-64
-60
-47
-72
-36
-55
-64
-21
-69
-69
-42
-67
-56
-59
-51
-32
-22
-54
-28
-9
-35
-48
-41
-49
-43
-12
-33
-22
-7
-39
-3
-18
6
-74
-23
12
18
-25
14
28
-14
1
2
-10
0
32
8
-57
-11
-12
-26
4
-25
-34
-9
16
-12
0
32
-23
-7
-36
19
7
-27
-1
-36
12
2
12
-4
9
-1
8
4
-13
23
20
12
25
10
15
-15
33
11
0
-17
-20
-8
9
22
-3
-13
-20
-6
-3
-30
-20
9
-10
-8
-26
-7
-18
22
-23
-17
-5
-10
-14
-22
3
-5
-15
0
7
-7
-6
13
-16
27
21
55
42
16
44
31
21
16
23
0
3
57
5
-1
22
31
-4
-6
2
-1
11
-1
15
-4
-8
-22
9
-9
-17
-15
-22
33
7
32
29
29
55
33
-12
40
23
50
22
20
47
39
36
41
-8
85
103
31
28
33
82
44
111
41
60
76
20
46
38
19
15
0
7
74
25
87
63
101
44
75
75
59
72
49
53
86
45
15
95
98
54
56
60
29
9
106
76
106
58
52
81
77
80
54
29
73
28
44
32
70
51
57
29
61
54
48
71
74
28
72
22
59
34
51
69
109
74
75
90
29
-22
6
32
50
68
13
78
69
55
28
154
111
147
97
152
73
38
41
31
50
57
67
47
60
39
102
82
3
75
65
93
103
33
49
93
45
45
82
71
103
48
76
60
57
26
17
39
85
79
58
65
79
78
34
36
41
44
27
-6
26
22
30
38
16
9
48
111
25
73
94
122
63
75
108
82
54
91
40
25
83
57
113
60
111
76
24
43
64
53
35
107
56
57
124
43
46
93
62
105
21
94
88
57
42
82
-28
10
32
94
117
79
88
72
83
68
97
49
74
97
74
118
88
62
15
87
48
18
86
74
35
113
74
57
37
33
80
95
115
31
31
-16
58
36
106
82
86
93
47
81
70
60
86
121
108
74
113
36
88
41
104
105
45
101
125
60
44
103
23
160
51
110
121
60
4
52
79
26
54
118
56
117
101
87
60
17
44
79
106
145
128
142
35
78
62
126
63
49
58
48
119
72
80
151
61
96
81
17
54
81
75
29
80
28
20
104
92
56
110
126
105
77
86
57
51
101
70
96
73
140
108
73
75
78
47
59
51
101
59
53
75
88
27
89
72
77
99
117
127
115
80
30
13
124
81
78
143
105
56
49
123
59
24
90
106
56
77
58
83
90
119
144
86
45
98
34
43
105
86
65
76
109
47
132
62
130
93
91
44
118
66
42
100
160
77
98
41
110
86
106
90
47
156
105
101
103
156
74
90
31
67
115
127
118
127
104
141
113
72
106
84
68
65
122
133
141
68
70
75
35
95
103
43
95
58
92
57
68
169
91
52
107
74
137
85
49
90
57
81
107
83
117
145
62
124
50
96
91
50
90
106
113
73
56
62
79
84
50
58
94
65
126
67
117
80
58
112
46
91
104
106
80
109
128
109
113
130
206
66
65
128
141
109
85
108
118
121
53
122
141
144
103
116
106
94
133
150
132
97
149
93
93
80
83
93
41
62
171
47
108
77
109
137
71
71
121
171
70
26
115
108
119
176
83
122
134
95
143
57
109
115
86
77
83
75
73
66
153
95
80
71
77
123
85
99
117
52
75
90
146
99
99
118
113
145
102
129
85
107
66
125
26
110
55
95
137
51
98
131
96
125
119
97
86
129
103
82
77
101
95
150
112
150
140
106
151
39
124
74
144
102
155
139
84
130
151
138
48
98
97
67
107
87
122
56
59
64
139
73
138
65
154
102
109
85
133
75
113
91
95
112
145
118
126
120
122
80
171
81
105
145
177
75
114
130
59
114
39
69
124
143
81
135
98
54
136
108
127
86
113
135
82
123
152
232
144
99
33
96
81
77
81
64
106
94
136
73
73
136
95
116
105
83
129
129
154
108
106
33
75
79
157
138
79
155
141
124
158
147
133
72
56
116
92
72
130
96
116
83
85
153
148
127
158
158
147
136
125
139
139
105
66
127
160
128
131
142
125
138
141
113
163
150
135
125
125
118
102
114
127
287
108
130
64
118
122
102
113
126
157
140
165
110
136
122
163
101
115
82
129
107
89
148
125
108
162
143
111
101
139
92
108
125
150
164
125
130
86
141
149
135
102
172
148
116
132
135
132
106
143
129
127
113
115
116
142
79
190
146
129
99
77
163
97
119
87
92
130
162
142
156
146
134
200
162
150
178
98
141
80
129
145
72
74
127
148
128
145
143
140
141
151
117
102
109
153
90
112
129
100
119
137
174
1
115
146
124
143
79
163
55
102
165
146
107
166
174
142
123
98
130
144
129
91
134
163
159
125
180
107
109
121
119
182
129
130
151
147
125
120
159
147
134
156
117
163
185
100
132
80
101
84
129
147
120
177
150
127
154
140
119
143
144
59
160
261
123
94
88
143
235
107
157
157
121
165
122
100
120
106
295
111
145
139
229
95
117
132
130
140
151
96
165
137
182
151
159
128
127
96
133
83
112
113
105
124
78
110
155
120
125
133
118
122
145
55
155
98
141
164
129
65
139
108
78
107
130
110
137
146
178
92
106
154
111
102
102
131
168
152
185
85
111
117
143
150
164
113
165
144
121
75
133
158
122
150
115
188
115
135
153
122
120
98
66
127
155
130
128
137
113
127
119
137
159
121
109
262
93
87
90
155
137
101
109
278
53
122
95
67
127
91
162
122
93
56
112
156
115
135
130
142
77
84
103
136
120
143
95
101
148
141
137
137
105
139
122
127
111
127
96
147
118
151
108
144
161
153
121
119
156
89
125
94
115
84
99
113
260
118
128
133
157
140
113
146
121
120
133
136
120
162
168
130
109
103
186
95
97
111
111
150
197
154
164
162
78
106
110
141
126
104
157
184
120
125
99
182
112
138
16
120
146
173
108
133
139
95
121
139
162
157
163
134
142
150
155
101
126
107
152
153
119
160
108
157
105
148
77
57
94
160
136
105
73
90
87
292
117
121
136
137
98
107
155
134
156
168
100
118
157
139
82
171
114
107
110
102
107
149
123
87
140
134
161
123
141
95
133
147
154
131
132
150
156
157
157
129
171
104
135
167
112
116
131
107
160
93
152
105
140
97
67
144
117
139
142
138
144
139
160
134
120
145
159
196
132
127
105
127
126
149
159
146
100
135
120
116
136
125
136
135
143
118
100
96
103
128
118
104
129
145
151
126
81
141
112
59
33
122
24
64
91
152
112
67
143
145
97
136
140
129
79
104
134
112
148
135
104
156
120
134
76
107
89
131
158
101
151
93
119
99
88
124
102
165
127
132
144
84
151
126
131
108
162
162
139
267
152
138
143
133
107
126
109
108
84
78
145
120
130
89
113
115
107
169
85
96
106
120
129
97
124
127
140
104
156
107
118
128
111
142
157
154
123
124
99
116
164
103
139
182
94
68
111
91
120
131
99
99
114
149
197
136
45
100
74
128
161
149
118
134
118
110
141
158
152
156
104
109
138
134
122
158
108
105
204
78
130
47
117
74
178
142
110
81
130
123
178
113
98
108
131
105
128
136
148
109
116
106
105
97
135
96
118
161
132
90
72
124
158
80
114
126
118
84
126
106
135
157
147
103
154
153
143
131
148
111
130
157
111
142
116
152
72
169
129
80
93
127
74
45
99
130
111
139
154
148
132
140
128
113
157
169
138
185
111
101
108
140
142
105
143
175
167
168
148
106
48
172
92
147
135
146
157
137
93
136
93
99
145
112
119
159
77
121
171
142
130
101
147
123
192
172
86
138
128
115
111
113
157
83
145
125
138
164
149
97
87
153
132
164
99
99
151
121
163
147
100
142
182
116
243
167
67
138
154
125
151
120
152
111
101
147
152
139
169
120
93
136
151
75
128
146
152
107
101
171
76
153
159
126
116
142
63
112
76
139
138
144
70
153
99
144
147
148
126
119
139
144
117
119
164
96
215
143
77
157
141
172
147
118
110
265
125
134
61
90
134
223
135
122
136
84
157
130
163
105
153
81
109
121
159
97
120
129
113
129
124
68
147
129
151
169
103
155
129
141
131
166
127
124
171
119
108
221
128
122
162
145
99
94
160
155
140
123
194
119
160
130
108
73
155
105
191
136
157
138
138
129
120
71
147
169
156
73
157
132
134
131
176
66
139
154
110
136
77
115
290
110
125
69
134
102
152
102
156
162
154
128
93
143
164
143
122
155
173
156
176
194
108
146
140
153
109
152
98
111
187
168
133
120
124
78
105
168
140
128
124
126
166
112
136
68
137
149
83
91
132
135
120
125
238
124
152
175
181
145
164
97
121
127
108
132
40
125
169
138
185
141
152
147
122
88
180
37
48
105
138
132
161
98
150
99
272
174
154
85
81
117
155
161
105
170
109
124
84
135
121
109
176
127
127
121
171
128
140
112
146
104
60
113
110
114
116
149
94
155
146
124
141
140
108
168
150
147
113
140
104
174
114
149
235
131
161
92
145
113
129
138
110
126
111
112
109
127
84
124
245
121
76
127
133
130
130
92
120
170
190
137
142
78
115
140
146
125
143
105
170
150
159
130
192
104
130
178
139
167
130
86
90
146
128
51
99
146
147
143
170
170
285
159
140
172
82
120
153
71
164
86
119
96
131
159
155
98
95
154
102
137
101
184
138
123
78
148
70
79
120
77
160
135
149
169
190
182
111
124
137
178
127
123
151
20
119
128
148
161
127
122
138
121
87
97
120
153
155
128
123
155
137
102
112
143
277
71
93
103
161
125
107
169
125
145
120
146
193
93
167
103
161
140
65
130
133
80
108
93
79
95
82
165
73
125
71
73
106
111
101
97
46
130
58
194
123
83
110
133
125
120
267
59
136
102
121
72
80
147
110
124
92
149
94
95
115
132
132
86
92
157
111
89
159
116
143
134
239
110
114
125
70
36
135
127
209
116
138
123
79
112
141
90
108
122
134
119
154
150
129
195
138
130
109
130
150
144
142
141
161
163
68
127
245
84
122
95
126
159
136
158
144
121
138
73
125
114
117
107
133
147
140
134
189
177
127
100
166
102
173
86
146
134
114
104
81
243
155
174
150
141
101
132
97
306
83
131
124
149
192
59
104
168
149
136
135
129
154
73
166
125
157
186
147
122
135
103
103
126
161
149
144
107
115
132
100
152
141
245
258
112
137
138
126
63
95
169
149
136
139
144
88
169
131
108
136
141
177
140
125
131
167
95
175
110
151
132
123
82
104
141
96
141
99
139
116
113
116
102
112
92
127
144
133
63
51
145
104
83
102
93
148
107
169
155
167
121
108
142
161
95
144
98
170
129
85
174
110
142
124
144
125
121
90
182
172
87
132
174
117
206
120
156
147
119
154
117
167
75
142
337
105
184
156
123
118
116
99
276
87
105
130
180
197
77
110
159
156
139
139
118
127
139
154
77
122
96
122
63
35
143
155
135
135
126
139
102
117
150
140
118
111
116
95
125
139
140
169
141
159
165
178
177
122
174
143
163
164
167
97
127
154
94
73
175
122
114
121
129
107
123
152
126
150
135
130
110
177
168
125
98
178
141
137
141
90
101
131
140
164
108
112
135
120
259
100
255
87
136
271
133
149
149
84
129
111
100
134
116
111
130
129
109
144
80
155
115
151
176
101
98
134
146
127
98
112
119
126
143
106
109
143
122
147
67
65
139
73
114
144
128
106
125
131
146
133
172
151
123
129
79
94
133
106
123
168
96
177
135
180
146
121
95
152
104
143
104
117
113
138
290
120
147
161
267
97
72
136
172
133
150
88
114
126
158
150
120
140
111
291
171
166
171
173
113
116
143
171
110
133
123
108
133
108
113
135
141
135
127
166
153
111
160
84
109
102
141
86
108
164
165
88
132
130
113
163
74
102
130
130
91
107
143
123
70
132
136
150
103
147
148
154
86
154
174
102
77
89
109
166
121
93
169
149
68
153
146
142
135
315
142
124
160
92
112
130
153
151
153
112
168
119
175
131
103
118
138
115
137
108
182
143
119
279
155
129
126
143
123
165
171
181
144
119
168
146
183
139
144
140
117
143
145
131
106
142
28
129
162
152
141
134
166
139
143
263
146
108
118
126
147
157
151
151
59
110
136
133
139
189
154
107
130
104
155
135
124
130
154
121
110
143
143
148
137
170
159
118
115
116
97
138
111
118
45
175
134
80
190
111
108
107
139
175
142
209
134
93
151
151
118
140
151
138
129
114
139
168
175
135
144
167
149
120
152
191
74
156
112
172
140
176
123
138
123
135
144
171
141
142
94
120
169
126
192
113
130
117
106
148
116
127
154
111
111
143
113
121
167
116
112
181
161
138
99
176
172
113
103
125
136
173
102
157
95
101
115
175
116
137
142
122
122
91
116
147
140
155
99
111
161
160
135
99
117
160
161
127
132
124
134
142
147
164
143
90
57
142
165
96
154
149
129
139
160
145
111
155
168
131
167
142
146
122
160
162
98
82
110
143
121
200
122
134
112
155
142
148
114
102
150
157
96
160
146
139
171
119
136
125
104
89
166
163
147
161
101
145
83
152
181
115
292
136
111
125
90
126
168
135
140
163
81
112
143
161
130
169
92
88
120
162
69
132
174
181
135
140
188
148
130
224
152
103
119
95
122
93
149
122
136
90
123
110
178
186
146
176
149
101
111
146
140
165
84
195
45
138
162
179
60
152
77
162
109
181
113
134
119
131
156
141
118
139
101
193
122
79
158
176
117
125
127
154
89
163
159
168
156
163
88
143
141
91
123
150
141
159
150
141
178
83
166
117
100
126
161
178
172
132
92
292
144
166
118
131
124
182
101
141
155
275
146
132
188
189
158
155
126
131
141
109
123
80
117
91
113
75
165
157
151
166
129
162
164
156
126
106
155
122
158
166
116
85
145
126
135
103
119
162
98
93
151
123
123
146
55
146
51
177
149
159
272
85
142
81
40
92
154
83
129
162
135
113
155
131
122
125
136
137
124
176
140
139
143
140
141
124
129
135
137
172
184
151
134
170
145
142
191
105
114
146
98
158
177
140
112
115
117
138
120
178
121
175
164
120
160
123
126
135
172
170
136
149
183
116
152
162
127
121
138
171
152
149
120
129
276
106
158
275
147
146
187
158
145
150
144
115
81
158
143
126
135
126
145
119
163
124
173
162
122
171
126
153
145
145
157
124
142
141
139
149
123
149
115
175
93
152
140
201
115
162
128
106
205
114
131
137
169
207
160
148
162
117
152
155
193
173
97
151
121
97
127
105
117
97
163
90
158
153
295
136
145
175
137
163
106
102
164
135
84
131
171
191
150
184
136
142
159
155
161
122
208
123
129
135
178
141
139
72
165
143
154
150
118
137
186
105
120
140
169
176
180
123
178
125
167
165
140
137
78
71
122
152
138
165
116
70
136
136
170
133
169
157
151
155
160
141
147
147
167
114
153
159
135
147
122
196
142
155
147
112
148
127
147
162
83
173
209
183
164
155
147
64
153
200
159
107
112
53
171
156
137
135
151
169
101
136
174
148
141
151
158
141
169
181
163
154
112
150
146
133
117
159
158
121
151
192
151
156
165
162
142
146
142
142
124
169
156
114
130
119
133
155
138
112
182
94
284
155
153
140
184
167
122
153
161
131
180
93
189
163
297
149
151
135
128
143
150
196
161
255
161
152
152
130
317
144
137
120
123
134
167
174
144
172
174
108
151
143
108
153
146
150
146
145
136
110
140
160
169
156
110
118
134
118
139
175
196
152
134
156
168
149
168
143
162
125
161
122
59
84
101
122
173
121
186
116
102
118
138
139
165
163
83
133
127
155
139
123
179
130
137
144
177
155
138
114
125
122
111
81
137
142
132
101
134
114
130
117
111
128
123
125
108
159
120
145
166
158
138
95
296
128
152
149
165
168
174
125
169
104
130
149
102
86
114
130
185
134
257
122
153
133
124
112
149
158
162
161
136
127
166
116
54
172
145
156
181
199
78
145
210
180
132
194
131
117
128
133
445
128
170
142
142
99
143
166
107
105
117
179
135
112
161
92
214
161
162
99
147
167
157
141
148
174
111
141
145
152
160
143
107
157
168
159
119
171
152
150
161
117
149
151
180
126
140
130
119
186
184
120
157
181
183
130
128
178
111
179
128
173
195
129
164
149
143
129
161
144
134
149
125
163
169
146
125
141
148
197
84
162
148
86
164
164
145
173
134
158
140
139
136
153
126
153
157
132
112
155
134
136
143
152
151
125
160
148
160
158
140
179
126
113
172
135
144
141
132
165
164
154
157
128
151
127
112
144
109
154
94
107
114
125
149
134
137
151
178
149
161
137
152
151
108
101
142
113
174
127
112
114
141
148
144
183
145
134
151
113
134
185
77
116
195
138
135
128
170
163
138
119
138
143
182
142
103
155
125
162
185
118
100
111
94
141
70
164
125
171
131
134
147
118
120
136
139
157
142
140
133
199
123
168
164
179
119
152
132
162
159
153
128
144
118
164
122
108
148
132
152
154
147
175
119
141
151
160
131
79
141
174
165
149
133
133
119
99
124
137
134
125
150
176
164
149
112
163
123
286
126
106
150
92
172
164
117
100
197
139
116
174
128
115
119
287
124
183
160
110
99
100
131
168
105
147
118
118
158
108
94
150
74
104
168
94
105
131
78
109
160
139
144
155
106
165
288
72
129
120
112
77
162
141
149
131
144
74
99
124
88
133
153
185
114
143
131
138
205
173
178
153
156
189
151
153
147
92
106
150
91
154
138
150
121
135
176
167
188
73
161
156
143
135
118
153
152
49
134
168
110
180
133
172
132
168
141
177
122
160
153
161
110
149
171
201
159
155
141
145
160
195
144
137
152
163
185
172
151
161
302
154
271
184
150
140
183
155
69
135
157
188
162
181
150
154
65
99
160
159
134
153
167
114
97
84
183
123
173
162
175
150
236
167
136
339
166
169
151
116
140
165
178
122
147
138
281
158
143
155
279
161
163
106
153
128
135
141
121
156
116
172
188
155
146
132
164
122
157
99
45
207
141
184
277
130
88
164
139
110
173
140
123
160
145
173
178
182
169
149
129
156
164
289
139
186
127
128
124
160
156
164
161
133
161
100
172
185
146
123
167
167
122
168
169
168
159
152
172
181
130
138
163
102
136
130
175
153
143
152
140
123
110
169
183
166
156
144
119
149
106
139
141
115
147
145
148
156
220
139
164
135
118
160
152
149
140
161
155
86
147
136
139
152
117
169
187
173
259
149
142
166
113
149
143
181
172
122
191
164
166
126
125
300
168
118
162
136
190
146
140
129
130
181
153
162
179
160
173
301
162
170
176
180
156
150
180
182
157
155
157
127
158
190
158
141
147
145
164
144
181
164
137
154
182
197
175
158
199
163
118
171
115
176
284
149
140
141
144
108
156
127
135
107
151
163
150
126
174
93
181
120
150
166
145
114
169
128
126
75
190
149
175
138
116
122
148
136
157
267
190
211
136
166
152
119
138
172
134
150
128
164
174
164
137
114
92
124
113
183
143
131
300
115
155
179
160
152
151
162
113
120
129
212
171
172
110
265
138
139
183
180
90
181
155
171
184
191
180
153
308
172
181
119
138
163
119
160
148
140
173
210
290
117
185
140
160
166
156
148
132
109
133
191
155
137
117
102
169
107
150
150
109
90
121
177
172
127
173
131
133
153
151
165
142
144
184
108
115
136
67
56
125
133
147
179
113
165
120
112
275
124
155
145
146
205
134
131
143
158
126
143
168
132
175
168
189
165
140
149
165
159
159
175
150
146
151
94
112
289
136
157
157
162
183
142
130
114
159
153
136
192
163
187
149
155
158
132
189
301
167
188
140
160
118
144
152
126
157
156
137
182
183
164
121
177
143
120
133
180
134
125
183
136
143
119
178
76
110
97
126
200
119
149
139
166
332
173
178
118
186
163
114
146
160
135
127
167
150
166
134
139
165
162
177
160
197
143
134
163
185
162
145
143
140
145
194
191
124
145
130
125
150
161
166
150
99
279
159
144
139
104
143
142
119
120
171
304
85
161
183
111
136
119
124
151
132
187
132
162
180
67
162
158
117
125
157
107
155
135
144
141
130
113
139
105
154
168
200
171
151
115
133
165
155
112
147
152
135
136
173
126
138
163
157
157
148
147
177
137
166
147
187
111
168
159
242
173
98
119
110
101
123
160
132
