65
54
554
55
378
179
658
184
315
55
1000
373
342
657
232
125
52
930
278
1000
129
249
352
1000
171
104
1000
1000
86
297
1000
322
676
437
61
46
805
31
112
47
31
464
63
143
24
294
36
53
1000
270
1000
86
429
154
182
898
570
312
160
286
414
119
127
277
248
21
474
42
34
158
2
113
101
434
86
14
98
276
142
518
8
163
245
10
49
635
269
905
717
1
291
335
432
9
82
635
564
177
157
383
256
268
138
864
620
73
198
34
156
82
99
446
343
146
142
133
241
181
305
617
510
83
781
514
1000
70
1000
130
179
300
131
340
448
71
109
97
139
235
200
49
104
295
408
96
172
451
955
11
423
133
682
128
290
557
706
526
778
488
740
910
90
36
120
717
44
1000
340
48
758
303
204
775
49
162
155
1000
543
80
71
166
562
213
6
214
7
136
347
1000
353
447
52
26
185
89
448
106
301
409
88
302
161
3
143
197
64
946
24
55
77
537
371
363
1000
554
7
46
597
156
263
535
216
32
1
367
300
848
32
1
66
126
263
307
276
33
36
106
102
82
289
1000
50
540
22
8
852
39
641
48
387
728
123
340
135
47
255
213
436
279
116
607
321
1000
170
180
1000
46
716
658
224
14
38
1000
594
113
52
547
502
165
48
169
200
68
144
421
431
220
411
277
182
90
126
46
216
278
10
502
293
175
346
131
1000
54
142
388
212
853
344
361
37
363
288
42
418
27
142
680
609
68
457
566
64
90
397
