65
54
554
55
378
179
658
325
1000
1
269
56
478
517
131
1000
428
73
216
325
33
1000
81
703
131
522
877
340
12
39
1000
16
312
10
589
19
409
154
108
875
186
57
56
72
842
589
278
303
191
161
272
12
11
354
333
989
50
40
332
5
51
80
202
63
180
214
86
99
64
229
317
524
86
38
427
109
182
1000
304
173
13
55
1000
351
26
83
64
237
826
58
1000
996
58
72
102
230
627
657
547
29
11
42
231
343
18
308
133
551
227
217
65
4
88
39
1000
210
205
321
37
290
1000
195
276
27
472
69
919
518
822
579
592
427
110
685
384
546
553
212
268
319
218
242
669
278
253
12
955
37
9
16
99
459
417
668
636
724
544
74
1000
104
1000
6
7
784
1000
1000
91
1000
72
1000
650
914
307
1000
1000
1000
1000
8
1000
1000
1000
9
136
779
1000
1000
497
200
4
1000
549
50
48
1000
42
157
174
11
1000
1000
34
1000
925
1000
47
55
173
686
497
1000
340
1000
1000
105
832
7
36
19
1000
298
484
10
792
191
968
172
77
148
958
297
847
924
1000
85
49
461
374
109
828
92
174
48
1000
37
645
692
1000
677
26
1000
1000
