737
256
233
586
287
541
556
466
348
416
55
432
775
366
273
180
297
336
453
302
382
393
325
404
409
284
256
467
353
264
150
292
160
417
559
458
261
268
453
684
695
370
332
301
420
568
368
505
356
268
460
203
542
397
391
575
331
552
318
175
184
428
397
294
389
568
498
362
318
553
364
164
589
663
166
729
544
588
460
1000
381
407
927
390
402
755
521
362
349
461
315
115
205
713
532
698
124
431
176
606
438
621
165
659
542
451
336
145
324
352
216
333
119
393
284
523
518
412
372
293
237
207
354
227
486
291
495
606
324
177
342
403
434
474
355
451
351
171
121
131
295
387
469
654
405
192
356
452
316
210
275
153
145
612
209
388
180
459
144
444
104
289
193
180
292
241
262
204
355
562
49
151
308
301
289
312
301
160
201
132
277
481
82
291
345
296
375
378
67
351
332
227
193
218
197
241
145
212
112
274
333
184
452
251
277
144
109
200
211
443
209
157
247
218
271
180
141
256
426
128
139
215
267
487
467
256
207
220
86
300
248
196
338
58
293
278
77
110
351
243
205
225
251
122
240
164
225
304
59
228
148
299
288
201
127
300
126
173
279
319
177
125
259
215
193
331
108
520
219
446
244
79
98
464
232
443
423
143
158
185
146
165
162
114
280
271
266
192
307
167
303
225
104
257
192
171
