1000
6
226
734
959
1000
978
444
286
320
7
325
806
142
303
419
255
34
1000
292
1000
208
258
410
567
26
633
50
557
257
26
155
247
225
857
425
55
299
458
566
682
12
121
72
1000
156
108
1000
65
67
1000
136
1000
330
135
944
800
323
862
6
105
234
174
150
300
98
672
165
69
331
103
241
422
116
470
404
580
669
131
1000
62
151
1000
171
476
668
759
1000
939
675
114
178
459
367
85
432
64
237
417
286
337
419
384
129
320
24
3
188
317
522
29
101
182
207
59
574
75
122
177
102
51
201
719
143
284
577
58
1000
129
25
65
248
271
699
104
164
242
255
100
380
125
90
43
324
37
28
605
676
36
233
49
256
339
269
390
552
221
271
22
160
41
233
11
6
242
270
189
698
49
1000
17
30
493
150
9
444
342
164
343
296
59
155
24
665
637
31
397
1000
92
148
286
176
4
555
45
192
18
194
48
139
375
407
145
261
108
98
62
116
28
77
515
310
632
391
597
203
25
22
1000
236
73
362
138
316
973
351
332
446
134
10
56
99
317
1
63
79
14
249
1000
93
553
147
233
22
234
252
239
12
68
16
222
60
32
210
20
24
199
25
213
287
95
38
453
56
83
305
239
623
423
206
141
80
37
321
196
500
254
153
253
41
106
47
167
92
45
114
32
47
500
210
547
98
302
8
362
236
560
220
128
266
260
473
347
303
32
386
96
358
413
29
139
44
2
22
506
180
722
46
186
23
86
239
21
23
251
7
165
82
52
118
165
42
145
59
94
86
173
125
199
35
37
112
102
61
66
290
144
142
448
74
362
141
668
36
72
162
223
28
80
39
110
48
13
28
129
34
280
3
194
37
975
56
320
415
