603
96
45
44
8
679
844
216
110
290
80
5
272
270
151
44
56
575
3
21
191
321
628
1000
413
186
20
1000
528
505
267
65
256
381
472
1000
476
111
274
1000
728
397
91
149
942
587
117
1000
275
63
438
52
518
556
720
152
19
1000
150
260
86
296
47
161
1000
842
129
279
304
1000
76
12
1000
1000
179
1000
19
1000
1000
1000
1000
497
774
207
2
1000
1000
42
196
1000
258
75
273
1000
991
1000
52
475
242
339
60
1000
40
1000
339
1000
630
13
14
110
157
317
17
1000
33
170
472
226
913
107
191
209
116
170
121
435
243
140
151
48
208
78
106
1000
402
19
182
256
45
214
120
17
21
783
502
89
415
338
1000
375
12
83
134
1000
145
94
6
1000
120
1000
47
1000
26
24
115
69
355
47
1000
367
92
197
41
399
398
15
70
31
120
129
646
1000
1
237
285
322
1000
29
47
463
906
394
56
220
103
418
416
554
226
1000
203
49
402
62
790
109
194
385
81
1000
126
348
247
370
273
100
164
79
84
183
294
58
524
593
587
7
179
350
32
190
424
235
842
76
103
622
129
162
35
470
126
127
658
99
405
109
232
249
27
59
48
264
577
629
182
374
1
145
122
576
266
70
128
300
257
327
106
1000
234
523
372
147
85
366
45
299
461
160
43
425
79
274
251
208
515
70
305
234
444
1
504
41
29
240
279
251
