386
19
364
1000
222
6
762
216
136
237
14
208
836
410
244
77
1000
98
762
151
173
357
485
209
316
757
237
251
236
298
314
111
196
751
440
429
193
496
678
1000
1000
882
1000
1000
75
1000
1000
142
901
1000
209
780
64
25
75
572
321
69
191
122
113
274
1000
38
75
1000
1000
692
108
71
38
166
390
953
44
1000
1000
1000
1000
1000
49
53
1000
1000
220
181
369
13
466
79
142
14
1
1000
1000
1000
417
92
68
797
783
87
31
541
1000
28
613
209
1000
985
183
165
237
437
273
1000
1000
544
172
577
125
22
683
610
1000
32
1000
347
1000
802
787
831
31
173
230
261
248
50
250
12
24
561
284
165
365
192
465
128
277
138
288
109
199
436
147
576
15
128
59
30
103
111
377
12
113
578
195
83
191
806
20
400
203
178
21
157
68
56
91
73
234
92
97
334
38
464
2
231
34
13
117
203
246
236
60
220
281
75
128
7
43
27
1000
832
329
248
111
161
253
204
162
13
129
84
182
183
58
339
619
80
88
56
187
7
161
70
174
70
34
352
150
4
403
61
252
347
34
33
218
78
270
159
119
84
78
68
462
389
52
398
23
201
155
109
15
272
161
123
35
449
61
38
31
507
112
135
142
202
74
436
72
5
120
224
283
373
442
125
41
343
166
61
22
29
137
588
299
169
72
225
271
243
59
93
78
43
268
140
675
300
145
1
16
258
121
733
80
34
324
61
117
120
3
284
320
364
154
150
88
6
68
63
180
61
55
238
175
190
244
109
113
76
74
210
25
85
271
112
62
113
189
707
