1000
1000
76
242
22
22
155
455
1000
360
125
1000
1000
928
515
68
6
131
415
47
135
82
191
92
726
70
259
1000
207
211
52
254
52
645
931
62
412
233
573
545
1000
477
138
166
24
400
162
159
126
198
600
18
830
76
1000
1000
89
370
188
60
80
1000
573
1000
246
504
419
23
1000
1000
843
385
1000
246
123
241
1000
111
69
1000
102
338
890
530
316
929
45
364
109
30
411
17
55
1000
544
58
82
1000
34
611
147
601
242
627
1000
342
125
6
242
131
184
742
112
245
325
450
744
554
97
641
419
437
38
196
25
239
1000
566
62
9
435
29
764
99
41
1000
701
219
66
31
686
956
1000
1000
337
268
264
322
44
255
26
208
48
499
312
129
192
524
191
361
276
67
289
143
47
266
349
2
200
271
97
82
282
78
145
173
544
210
409
127
3
1000
145
60
569
649
416
409
39
796
63
35
253
8
573
104
2
159
115
74
782
332
191
65
149
207
137
72
423
558
107
77
151
119
221
74
44
431
20
95
196
303
346
736
449
376
25
230
118
808
168
597
96
34
190
136
133
47
13
360
61
231
74
306
124
202
67
303
106
294
51
272
44
20
402
295
153
496
324
249
215
419
466
153
108
813
29
761
13
69
465
48
18
1000
497
953
253
91
85
24
363
390
279
29
443
126
527
61
510
146
32
319
1
875
198
234
158
31
149
295
7
395
175
108
123
8
170
52
59
87
140
87
10
40
46
24
475
892
