699
161
457
912
225
1000
43
1000
210
874
50
622
963
81
155
296
172
846
85
1000
413
1000
64
313
27
381
135
36
237
50
92
875
53
87
97
377
171
203
286
313
69
86
312
121
62
698
457
227
414
13
56
30
300
1000
27
209
426
1000
201
430
539
337
194
124
324
398
271
655
111
363
763
16
133
1000
16
1000
123
161
104
1000
693
1000
974
44
1000
1000
435
393
36
523
650
293
239
199
40
1000
5
354
121
1000
865
1000
131
1000
51
861
311
309
51
12
528
340
50
76
730
423
302
618
502
41
402
167
218
20
1000
173
178
980
281
2
219
830
1000
403
1000
814
382
79
145
21
521
315
1000
1000
787
387
34
796
227
53
1000
112
5
857
55
591
469
374
330
670
53
37
262
717
944
23
225
192
339
366
20
47
521
700
872
773
485
342
44
37
446
160
144
161
200
17
62
224
123
335
289
328
408
74
205
273
12
82
46
153
263
106
523
37
11
61
43
269
274
380
138
37
76
127
83
344
416
411
408
48
45
297
140
787
169
476
326
6
112
142
444
46
32
121
858
206
79
60
493
215
18
462
172
99
359
192
128
571
43
375
400
701
633
38
16
538
117
79
702
36
249
64
218
63
407
75
28
17
351
1000
172
117
234
409
140
94
708
188
372
92
18
56
95
216
264
461
171
449
12
253
161
425
131
70
47
95
699
444
42
50
1
274
484
