65
54
554
55
378
179
658
261
522
438
403
315
609
200
223
451
608
279
657
622
528
229
304
357
670
254
473
701
347
609
518
530
533
790
359
496
485
548
397
558
376
363
416
535
608
240
591
501
555
296
402
567
142
419
496
115
281
237
345
381
777
377
446
279
482
596
249
379
560
646
502
298
297
617
528
426
295
536
640
614
259
430
859
494
396
604
372
242
390
273
432
425
591
538
160
416
245
525
366
487
255
451
298
251
321
340
516
590
581
410
325
582
413
415
249
296
326
440
427
298
299
213
375
224
330
396
246
483
200
520
443
559
257
604
87
258
632
366
492
163
126
304
587
322
354
239
253
267
249
223
397
346
177
121
367
320
245
383
413
521
245
399
414
306
473
284
688
121
315
487
308
178
416
346
780
355
236
455
328
254
283
316
77
453
373
268
161
590
472
686
467
275
351
327
316
314
315
109
413
230
348
340
65
356
499
367
224
51
394
263
415
132
256
288
300
191
294
503
151
283
166
164
357
208
380
620
274
143
412
222
148
122
106
391
311
530
372
583
