65
54
554
55
378
179
658
312
1000
551
54
18
646
216
5
61
1000
5
1000
731
1000
48
154
52
1000
29
1000
1000
1000
1000
43
1000
106
1000
104
302
857
1000
1000
1000
1000
1000
147
733
1000
7
1000
1000
1000
1000
1000
986
29
1000
29
5
1000
6
500
870
100
131
255
129
1000
1000
83
31
936
1000
1000
179
65
1000
1000
437
120
65
15
3
532
119
297
1000
618
182
596
35
263
604
271
199
12
302
21
73
99
122
289
151
349
440
274
157
1000
67
806
1000
607
547
382
371
442
95
461
455
54
162
222
125
21
322
8
336
537
240
206
1000
582
803
17
1000
73
174
10
20
1000
38
383
357
220
439
782
174
778
404
390
76
216
18
194
364
225
41
472
146
514
162
117
1000
107
129
15
678
227
58
578
5
332
57
6
187
278
155
99
63
17
41
60
75
687
362
260
206
809
34
44
1000
806
337
146
5
27
10
495
33
229
69
271
839
338
210
1
677
1000
509
209
47
149
118
109
158
47
510
12
34
309
419
273
198
498
4
654
60
509
767
104
386
94
168
148
87
4
383
9
232
206
545
72
52
64
256
286
14
12
53
387
135
258
49
301
4
228
870
34
1000
382
290
521
187
133
127
570
531
1000
119
164
361
802
50
225
119
14
707
