65
54
554
55
378
179
658
325
1000
206
786
250
226
7
106
247
935
230
225
606
56
347
1000
307
1000
22
337
112
76
12
325
688
77
523
20
236
191
18
66
138
359
279
957
168
301
127
109
43
559
249
213
237
203
55
559
183
205
25
114
622
786
1000
302
64
45
714
55
498
170
90
19
132
1000
1000
51
252
117
506
364
1000
45
763
1000
159
286
887
189
776
7
455
79
20
157
36
406
104
211
1000
133
1000
14
1000
43
1000
239
449
561
226
577
35
1000
1000
12
905
27
31
83
1000
1000
455
159
80
468
174
1000
1000
84
105
206
59
802
298
414
917
1
194
14
60
1000
63
58
161
121
849
140
426
366
550
120
56
192
6
60
158
258
392
246
324
714
914
170
885
1000
146
56
1000
1000
101
1000
330
360
337
829
1000
1000
35
39
1000
104
566
93
370
29
42
182
686
188
153
293
952
466
853
1
472
76
306
48
134
39
228
89
382
100
333
151
189
133
4
620
133
222
5
597
550
334
441
51
802
28
482
12
301
127
332
261
352
297
32
899
58
164
146
109
1000
855
1000
38
338
5
441
419
30
105
244
103
136
77
1000
1000
1000
152
143
369
1000
30
204
1
192
1000
890
164
1000
503
391
20
1000
415
1000
377
165
47
770
398
