-59
-46
-50
-70
-27
-61
-39
-46
-8
-52
-57
-60
-40
-43
-79
-74
-50
-64
-71
-70
-53
-54
-70
-58
-77
-67
-81
-71
-59
-65
-44
-75
-71
-71
-67
-65
-80
-70
-70
-67
-77
-62
-54
-77
-28
-49
-43
-61
-65
-42
-26
-51
-62
-50
-31
-31
-39
-51
-50
-13
-23
-13
-39
-32
-52
-44
-34
-49
-55
-15
-49
-33
-80
-30
-25
-18
-26
-21
-37
-50
-28
-37
-45
-60
-20
-35
-5
-26
-25
-57
-21
-39
-44
-18
-39
-65
-35
-53
-24
-64
-33
-55
-42
-28
-41
-43
-57
-41
-52
-69
-31
-36
-48
-26
-76
-38
-46
-32
-49
-62
-35
-22
-41
-51
-35
-76
-68
-71
-58
-68
-61
-47
-51
-52
-50
-38
-9
-37
-8
-16
-16
-45
-41
-35
-68
-38
-66
-48
-58
-65
-41
-44
-54
-48
-47
-43
-66
-46
-60
-55
-63
-64
-63
-25
-38
-69
-65
-50
-44
-65
-56
-53
-79
-35
-80
-49
-55
-52
-69
-58
-35
-60
-79
-64
-53
-64
-73
-53
-43
-79
-47
-63
-28
-60
-78
-63
-77
-76
-54
-72
-55
-68
-57
-63
-54
-56
-58
-18
-58
-36
-70
-37
-55
-51
-49
-52
-54
-37
-76
-67
-47
-39
-47
-43
-40
-43
-28
-51
-47
-30
-49
-46
-56
-68
-36
-57
-46
-57
-52
-38
-52
-59
-52
-51
-30
-40
-54
-57
-54
-19
-35
-33
-68
-32
-58
-28
-71
-55
-48
-32
-63
-39
-56
-33
-52
-51
-42
-36
-44
-31
-44
-67
-56
-24
-17
-71
-23
-22
-29
-11
2
-44
-20
-62
-55
-51
-41
-25
-38
-11
-35
-21
-26
-44
-23
-25
-27
-46
-44
-49
-41
-38
-40
-54
-40
-37
-41
-36
-20
-22
-55
-19
-40
-40
-60
-41
-45
-72
-64
-41
-78
-27
-38
-40
-51
-38
-29
-70
-30
-29
-54
-41
-48
-71
-81
-15
-54
-45
-41
-46
-6
-49
-15
-9
-30
-45
-45
-70
-54
-14
-23
-29
9
-24
-52
-39
-43
-37
-66
-10
-3
-42
-59
-68
-22
-47
-42
-33
-46
-39
-56
-68
-16
-64
-39
-51
-66
-71
-45
-52
-34
-55
-70
-69
-45
-44
-47
-51
-71
-19
-46
-54
-55
-64
-13
-50
-44
-41
-59
-44
-42
-38
-53
-47
-39
-27
-40
-53
-33
-29
-28
-34
-42
-49
-68
-20
-20
-35
-59
-33
-19
-36
-38
-35
-35
-39
-25
-55
-62
-32
-76
-43
-13
-4
-29
-50
-13
-9
-5
10
3
-10
-14
36
-31
-20
-31
-25
-9
-36
-3
34
7
-46
-48
-52
-69
-76
-30
-63
-77
-4
-61
-55
26
-51
-58
-4
-67
-73
33
-85
13
-30
-47
3
-47
-40
-53
-54
2
-59
-73
-45
-50
-37
-69
-46
4
-28
-55
-24
-44
-26
-49
-3
-53
3
-55
-60
-46
-55
-50
-6
-26
6
-51
17
-14
-24
-16
-17
20
29
4
28
0
-49
-26
-44
-16
-10
18
14
-30
-15
-66
-59
25
5
-9
3
5
-45
-27
-30
54
44
24
-43
16
-51
44
47
-67
38
-47
-31
17
7
-70
-20
46
76
35
10
-31
9
-10
-7
26
-6
-64
-24
4
27
-11
43
-26
-19
23
5
21
-45
9
-3
-12
-22
46
-53
-11
-35
18
-52
-69
-57
-20
-20
-41
-34
17
-34
-58
-24
11
-59
40
37
-20
32
3
14
16
2
-2
-57
-3
43
-9
-54
-42
-10
-30
-34
-18
-40
-18
-61
-80
-76
-87
-91
-50
-88
-39
-50
-79
-42
-32
-68
-46
-28
-81
-60
4
-18
-86
-72
-5
-10
-33
-10
-36
-42
-12
-56
-38
-19
-41
-10
-33
-49
-38
-34
-25
-26
-43
-35
-23
-42
2
-33
-22
-16
-26
-62
-25
-23
-23
-29
-41
-13
-59
-39
1
-18
-24
-8
-10
-15
-10
15
-22
-5
-31
-26
-26
-34
-18
-38
-36
-44
-10
-49
-59
-17
-6
-10
-6
-16
-32
-23
-60
-48
-31
-39
7
51
7
1
-45
-25
-26
-47
-43
39
21
16
-11
16
7
-2
-12
31
-30
-19
-10
-35
-29
4
-17
39
-36
-13
-43
56
-22
58
15
66
7
8
-11
17
65
45
13
81
74
125
49
65
72
-2
82
92
83
37
72
61
87
55
63
30
76
40
42
83
34
78
14
55
37
31
-22
55
-9
-35
-2
-21
62
-16
5
67
36
28
17
12
1
48
29
37
4
60
61
28
93
-29
-22
-58
-3
7
73
47
38
-34
73
23
-64
-70
3
-20
6
-24
71
17
101
103
-12
-31
-62
43
106
-6
24
3
53
22
15
79
-14
24
-25
-18
-6
-31
47
42
44
85
19
-41
57
42
16
6
-20
44
20
78
106
69
33
17
17
50
45
49
45
18
50
60
100
37
38
82
31
101
98
116
36
93
58
57
72
87
62
184
38
53
15
98
67
63
27
65
76
68
23
-28
22
87
89
72
44
-24
69
69
55
7
9
20
88
84
55
57
98
78
33
30
4
10
19
58
53
74
82
46
42
39
62
98
17
15
72
163
29
26
77
89
100
35
26
78
59
46
42
-3
-8
32
42
14
102
86
93
76
70
-13
69
99
75
130
89
20
-12
130
41
84
42
-12
44
66
32
38
61
79
102
49
75
74
54
102
-2
62
46
63
75
27
61
26
82
61
22
36
22
109
33
76
49
40
20
72
16
105
80
149
12
94
51
83
36
67
43
48
-9
-5
-26
75
117
29
94
61
112
42
89
58
66
54
56
106
41
118
46
9
88
113
5
25
68
83
77
101
33
99
29
74
16
103
77
100
36
117
19
125
55
86
113
42
63
108
85
56
90
49
78
113
103
96
105
120
52
61
86
74
101
93
50
87
50
63
74
83
127
108
90
56
100
11
50
40
88
147
82
70
125
147
99
14
80
71
108
48
115
100
73
93
73
33
16
63
57
101
15
68
109
95
29
72
53
45
62
36
83
59
123
91
77
113
70
92
85
48
52
80
83
26
120
71
72
72
80
26
124
90
16
65
84
84
49
87
115
58
38
58
87
79
116
115
114
80
67
59
29
70
49
37
75
29
114
116
40
69
73
245
95
89
54
46
18
111
32
96
46
19
32
19
90
140
66
101
51
107
54
99
95
88
97
41
93
45
56
49
34
79
56
52
65
52
115
56
58
39
59
102
64
86
117
68
37
30
95
26
85
71
267
76
93
63
30
50
53
118
132
93
73
95
86
69
90
75
82
144
90
96
141
-27
70
92
95
107
18
62
79
103
58
97
98
13
30
74
75
99
91
18
73
86
127
117
96
34
32
98
33
130
57
73
78
87
49
74
62
70
107
83
104
10
60
206
48
71
49
39
102
57
51
94
76
85
58
77
95
93
155
-1
62
58
88
93
35
25
77
62
81
37
58
37
62
118
101
120
54
106
85
116
85
71
93
121
72
32
68
70
78
71
70
108
66
102
127
103
20
162
92
72
116
134
88
35
-3
45
12
30
49
-14
31
60
128
45
83
73
65
58
144
60
85
106
70
51
58
36
55
14
113
49
44
84
84
125
111
73
168
21
94
28
58
76
39
125
51
36
106
146
150
96
67
91
134
13
101
59
19
90
55
95
11
110
81
65
162
71
124
44
37
84
78
78
109
63
59
69
79
80
54
72
62
110
35
93
-8
111
120
88
62
89
99
82
80
34
80
86
2
82
121
108
63
2
41
78
59
22
39
60
56
39
98
70
36
74
28
-2
77
66
39
63
44
78
97
90
77
105
38
109
23
121
53
112
137
97
145
86
161
34
90
108
84
41
135
136
112
108
103
100
146
90
55
46
118
105
90
-35
49
100
58
142
132
72
40
84
32
44
85
95
61
-8
89
36
79
110
77
49
77
116
111
78
124
110
106
157
83
149
118
56
129
127
106
82
92
106
106
72
87
108
125
88
149
76
93
81
103
251
37
86
63
116
77
123
107
43
130
106
103
81
99
84
78
119
57
107
75
118
116
131
140
111
103
6
41
67
71
83
70
70
142
64
86
61
81
90
81
121
92
95
150
70
91
72
59
66
82
95
92
83
76
78
35
58
121
117
113
75
94
30
116
94
55
112
103
54
110
86
110
132
93
110
84
20
89
72
82
117
91
79
58
23
58
115
25
102
91
106
75
120
132
86
37
88
57
101
101
148
