-59
-25
-71
-56
-19
-30
-31
-29
-57
-36
-61
-49
-73
-26
-70
-72
-65
-83
-66
-53
-64
-58
-64
-51
-53
-44
-74
-72
-73
-73
-53
-66
-72
-64
-75
-67
-55
-60
-70
-55
-46
-44
-51
-32
-60
-18
-7
-3
-19
-56
-53
11
-53
-40
-41
-25
-37
-38
-24
71
-13
-6
-9
-20
30
67
35
14
-12
23
40
-20
-22
-37
-9
-46
6
-10
-12
-14
-3
14
28
4
-35
-35
-41
-21
25
-28
-11
-8
-26
-20
-48
-26
-26
-12
-30
-13
5
-42
24
18
57
-32
35
-7
-14
-16
36
-28
1
-4
48
-14
11
-1
43
-21
14
25
38
-60
-36
-21
-35
-74
-41
-18
-83
-60
-35
-69
-81
-67
-65
-78
-52
-77
-42
-56
-78
0
-71
-66
-48
-27
-17
22
1
-71
-77
-58
-51
-27
-47
-76
-73
-72
-49
-19
-58
-58
-40
-48
-13
-37
-67
-55
-35
-58
-62
-31
4
-14
-38
-34
-32
-62
-57
-39
-46
-42
-28
-18
-44
13
-79
-54
-54
-91
-50
-56
-80
-58
-67
-47
15
-52
-69
-43
-62
-47
-22
7
53
-74
-74
-71
-43
8
11
-75
-28
-77
-51
-43
-4
-93
-72
-50
-58
-39
-80
-55
-13
-75
-35
-73
-33
-66
-70
-57
-56
6
31
19
-6
-63
-47
-9
-55
-38
-10
-41
-77
-80
-37
-60
-46
-46
-33
26
13
-49
7
4
36
-11
-73
-79
-71
-41
-7
-34
64
-62
-14
-50
37
-61
29
-16
-9
-3
-39
2
-11
50
24
-34
4
-10
-29
-20
-19
54
62
61
5
41
33
-11
-36
-7
-31
17
5
39
-3
-52
-5
40
28
38
-23
29
-4
7
-19
6
19
112
-13
15
-13
87
43
31
21
-6
21
37
34
71
32
-2
-33
-37
-32
-57
-32
-17
-43
-55
23
29
-32
-19
68
-61
30
-26
-29
-28
-18
-60
-58
6
-39
35
49
96
3
6
14
-17
-11
24
28
10
-41
1
-2
20
42
63
42
92
-20
69
80
110
99
-5
53
29
21
3
-22
25
4
25
9
-1
0
66
12
-27
-51
-75
-42
-34
-3
38
26
6
3
-4
14
-52
4
-37
32
-47
-48
-30
22
2
9
69
-28
12
13
-18
-68
-2
1
53
43
-50
2
-70
-18
-44
-2
72
1
18
35
30
-3
4
1
72
-42
-38
33
11
82
65
-26
20
103
-11
18
-2
5
71
-18
-15
3
-33
-7
-17
-36
-1
-5
36
36
21
0
15
-7
57
38
35
85
-18
66
17
14
20
-9
36
-31
-8
32
-30
57
40
-28
-26
-34
-18
19
-12
54
67
-29
60
22
20
14
117
-8
3
1
68
11
66
5
-7
-13
71
26
28
68
88
5
106
51
106
11
52
-1
80
32
51
51
65
69
17
23
108
58
60
49
82
77
158
65
127
160
60
109
121
27
88
70
54
133
28
-4
70
16
40
90
94
60
97
-12
116
86
81
140
118
16
78
70
97
22
103
128
86
19
114
108
66
80
96
117
54
118
37
123
48
132
100
80
57
77
96
81
128
88
50
91
77
37
53
45
-19
58
46
60
85
58
62
95
84
68
33
-12
22
8
61
9
71
89
53
2
38
55
43
85
101
138
17
91
31
66
38
92
75
55
100
130
38
68
55
-25
118
155
114
40
9
-12
97
43
69
68
72
147
106
263
97
121
103
89
70
89
89
111
101
81
114
135
49
86
82
90
85
87
102
121
97
79
59
74
110
93
50
91
82
81
94
121
98
95
85
121
127
145
107
88
94
118
94
83
76
44
137
68
89
90
97
122
110
92
90
124
85
126
72
95
86
78
49
38
118
130
116
123
131
91
95
102
69
120
121
87
92
73
106
113
108
119
132
72
158
97
92
104
76
147
71
111
96
72
131
64
145
96
131
114
82
83
130
64
120
91
84
112
125
64
55
88
121
46
55
91
100
68
97
60
73
74
107
143
91
78
72
104
52
124
78
18
70
57
90
85
100
69
89
101
84
124
84
140
116
97
133
75
52
53
84
129
87
110
120
76
95
-12
52
124
134
126
66
109
35
133
117
85
94
16
55
67
63
71
60
122
49
84
106
89
76
98
84
105
128
154
101
103
68
125
70
105
76
136
82
66
72
104
139
128
68
77
74
51
142
73
71
87
125
92
86
78
69
84
88
67
145
86
103
139
118
152
70
24
90
101
87
47
31
56
83
103
130
108
37
125
114
149
67
112
116
139
80
4
88
202
114
109
106
101
80
108
112
16
52
106
127
62
93
70
135
46
93
67
152
126
46
124
60
136
135
63
131
87
47
138
82
63
85
115
52
51
105
89
118
88
109
118
130
104
63
123
131
85
70
83
79
72
100
95
53
55
126
91
95
74
62
109
273
71
135
100
56
74
120
98
116
119
61
73
76
126
99
91
136
50
98
80
104
136
88
45
121
114
89
40
90
34
76
64
49
84
65
108
87
104
56
117
86
38
73
60
69
108
94
117
124
10
60
14
68
124
63
75
63
46
58
107
49
53
59
139
120
26
95
86
87
70
90
113
70
90
137
91
114
132
87
76
84
36
92
118
94
90
95
108
99
50
20
97
102
111
55
95
74
37
89
135
37
81
137
7
94
120
124
96
85
86
63
46
96
94
75
72
100
51
69
72
91
136
89
104
51
125
41
82
79
83
101
129
136
60
65
131
68
88
107
70
87
50
111
8
66
79
108
122
100
91
74
89
103
53
99
101
133
96
65
72
70
143
146
150
34
52
19
125
106
83
143
74
74
136
120
76
94
128
97
101
158
90
112
111
92
85
103
104
61
114
136
100
110
98
58
84
292
103
109
130
67
97
75
91
103
116
117
134
95
86
128
130
124
112
126
99
133
60
78
89
115
65
98
85
102
103
92
74
41
63
129
106
134
99
68
124
98
124
16
47
38
121
84
123
47
48
130
125
50
111
146
84
70
143
123
39
108
68
89
120
140
118
121
60
115
95
57
142
84
97
39
70
74
51
85
128
120
76
89
103
95
90
101
69
123
35
52
35
123
105
97
47
117
80
105
78
124
93
105
42
45
72
79
136
116
29
136
110
99
82
108
60
115
106
57
117
106
109
127
110
102
123
59
85
95
150
63
10
81
111
128
52
100
120
128
92
125
134
99
132
104
126
50
137
112
57
120
140
35
137
96
95
105
102
88
101
163
97
77
36
64
145
100
69
146
127
88
138
144
146
117
101
206
120
