-57
-37
-61
-47
-47
-53
-47
-34
-42
-59
-34
-43
-45
-41
-63
-39
-69
-56
-29
-62
-63
-34
-55
-35
-28
-44
-45
-60
-38
-53
24
39
-12
-14
19
42
33
-14
-17
44
3
18
-19
-41
-25
16
28
-13
-14
15
-5
-15
-25
-1
25
-7
-11
11
-26
2
-14
7
14
-15
-15
-10
-9
56
2
18
-1
-11
-18
-22
-21
-28
-60
-25
-66
-21
-67
-47
-25
-1
-33
-31
-29
-13
-17
-20
-26
-20
-33
-47
2
-60
-76
-55
-12
-30
-74
-51
-18
9
-49
-18
-24
-12
-43
-6
-56
-47
-38
-23
-16
-58
-45
-40
-27
-36
-12
-24
3
-19
-15
-42
-50
-9
-16
-5
-5
-12
-5
-26
-17
-18
-42
-31
-6
-45
-32
-27
-1
-19
-27
-24
-11
-61
2
-30
-70
-16
-19
-63
-57
-11
-57
-21
-26
-43
-53
-13
-42
-53
-31
-42
-32
-47
-6
-60
-18
-5
-48
-32
-52
-48
-53
-57
-9
-24
-47
-2
-36
-37
-22
-20
-33
-44
-19
-41
-20
-17
-7
-13
-34
-7
-17
-56
-49
-13
-55
-42
-54
-22
-34
-12
-30
-17
-15
-27
-3
-25
-32
-19
-24
-22
-25
-25
-60
-16
-18
-8
-4
-33
-25
-20
-42
-33
-37
-29
-26
-27
-23
-22
22
-34
-55
-51
-44
-54
-52
-4
-55
-28
10
-16
-61
-29
-35
-22
5
-39
-9
-30
-4
-31
-51
-7
-27
-58
-38
34
-17
-27
-13
-11
-13
-22
-26
-20
-86
-21
-53
-17
-66
-5
-29
-31
-22
-13
-45
-23
-30
4
-1
-27
-28
-14
5
-9
-43
10
27
14
0
-22
-25
-19
29
-12
20
-13
17
17
-4
-20
-10
-19
25
-2
-64
-62
39
-8
12
-3
1
-8
-28
-5
-5
-21
8
-25
-4
-31
-16
5
-25
33
20
5
-53
27
-39
-6
-14
1
5
-19
-11
7
34
5
-31
35
-42
3
-35
-21
38
-5
3
1
13
-35
-11
74
21
-3
-3
19
1
22
12
-2
1
-3
-62
-70
-71
-22
-57
12
-18
-3
-9
7
3
-1
23
17
-29
29
16
-28
-43
-19
-24
-12
-16
-32
-49
-79
-30
5
-9
-27
-19
-35
12
16
29
-42
-27
-52
0
-24
-39
-12
-28
5
4
-14
45
-34
48
-59
12
14
-7
-14
24
-26
13
-40
-31
-22
-39
-9
26
-9
-45
24
-5
-11
7
32
2
-1
-11
-3
17
-8
-14
-43
-13
-1
26
26
-5
-35
-17
20
1
4
-6
61
41
39
-3
-5
-21
-17
-21
10
25
2
0
30
49
39
0
10
38
-24
-15
41
38
-21
29
49
-35
-3
37
21
12
61
32
31
41
61
35
31
27
20
59
54
44
73
73
81
42
84
104
-21
58
-33
129
1
74
39
-7
8
-6
28
113
54
108
72
93
84
116
33
59
76
87
80
111
10
53
54
24
63
71
108
44
81
79
109
94
17
81
15
-11
5
-14
41
12
7
-7
9
74
16
54
53
41
6
73
103
35
87
97
102
27
94
159
65
24
132
123
119
131
97
112
78
109
141
83
78
99
64
102
94
105
88
70
74
91
17
143
57
118
54
69
42
103
27
35
44
112
92
112
38
105
85
138
77
46
51
78
82
62
69
87
85
70
43
34
18
2
124
41
26
0
99
97
102
64
87
80
103
112
64
86
92
-1
11
52
55
73
0
31
85
44
57
77
106
15
65
94
40
84
60
39
43
70
-37
5
20
-4
8
96
55
-11
-2
78
12
10
-15
43
55
10
81
-3
-2
5
1
-18
-3
21
10
-18
18
60
12
10
18
2
38
8
5
28
-8
-5
2
4
56
13
-14
20
24
9
7
59
11
-14
51
82
18
33
66
55
14
42
85
56
21
73
65
-10
29
8
40
-38
70
87
81
46
22
108
29
92
84
110
109
33
49
126
53
77
91
78
50
118
88
78
71
47
98
82
160
97
82
88
49
43
113
71
73
67
40
38
61
81
82
113
74
158
116
72
-8
84
21
10
40
64
96
35
101
128
126
77
275
96
88
135
151
115
123
102
115
77
108
66
94
43
123
97
73
111
82
78
88
124
120
75
147
79
30
115
89
92
48
125
109
97
108
79
120
116
75
144
54
132
85
26
52
101
94
101
6
79
86
121
55
116
100
117
66
36
81
72
112
46
55
91
47
33
66
11
24
54
41
-4
96
74
148
47
64
76
79
50
39
21
-29
103
114
87
108
94
140
48
54
54
105
49
90
131
31
79
90
77
82
92
108
69
133
124
53
139
47
60
84
27
102
59
89
104
66
68
79
118
141
102
144
83
100
14
91
21
87
47
64
54
49
80
33
-23
15
46
22
76
3
57
54
7
33
46
13
26
4
63
37
24
23
40
42
43
35
48
59
58
52
28
40
18
43
78
34
17
57
60
29
39
55
54
18
19
65
64
28
67
109
92
212
99
83
84
32
96
44
120
80
98
98
100
111
49
83
101
26
15
113
99
66
68
120
96
93
93
44
76
88
91
-17
149
107
82
88
43
131
132
52
23
87
109
8
115
66
127
14
18
72
89
110
78
93
119
114
57
24
62
145
64
191
128
76
135
134
91
65
118
99
76
46
75
157
140
141
57
180
84
91
42
123
119
81
100
168
81
135
64
89
165
118
54
64
90
99
72
67
81
107
108
138
102
127
97
114
104
130
86
73
95
121
160
92
94
96
-16
89
113
134
70
57
87
10
100
49
86
23
74
151
81
110
165
63
39
74
96
113
132
52
83
112
126
114
307
138
78
75
116
107
73
159
99
88
134
101
57
122
163
53
113
78
68
114
97
112
136
44
64
74
86
113
86
104
84
162
113
94
156
156
87
105
120
143
132
104
108
79
119
97
35
83
70
140
68
48
99
17
100
130
82
101
141
133
45
127
78
33
55
57
130
143
81
117
172
86
116
122
62
116
119
97
91
96
132
128
134
114
128
151
80
91
85
116
99
118
42
110
78
126
152
128
100
142
25
41
84
38
128
118
138
134
146
66
21
33
79
46
147
86
79
60
81
104
121
84
-9
64
89
161
23
65
75
81
19
108
42
78
91
115
71
104
147
104
94
102
112
33
78
59
115
76
141
85
72
27
71
119
25
112
119
54
157
80
123
94
83
121
74
131
155
85
73
81
45
24
66
73
63
66
128
56
87
80
95
103
66
130
143
123
105
73
105
142
154
171
77
105
75
70
157
159
71
160
90
121
84
113
96
93
69
88
73
139
107
79
65
132
129
137
110
77
91
99
103
151
70
79
156
178
138
182
60
60
107
103
77
66
104
95
99
185
109
54
148
125
95
149
147
93
173
92
115
116
175
95
80
63
156
42
126
104
85
129
89
89
142
105
88
107
112
154
