-58
-16
-75
-82
-56
-45
-59
-57
-46
-39
-71
-69
-37
-54
-53
-57
-37
-76
-50
-56
-25
-37
-49
-69
-45
-33
-55
-62
-54
-61
-71
-52
-65
-55
-76
-42
-57
-77
-62
-47
-59
-51
-45
-53
-60
-39
-54
-66
-64
-64
-58
-60
-72
-70
-19
-48
-46
-48
-54
-39
-55
-61
-47
-44
-73
-35
-55
-62
-38
-51
-32
-72
-45
-51
-41
-55
-61
-62
-45
-54
-40
-35
-53
-53
-75
-59
-54
-51
-51
-71
-58
-47
-47
-31
-60
-27
-48
-43
-80
-75
-40
-39
-53
-43
-50
-49
-42
-51
-51
-62
-58
-41
-59
-15
-47
-26
-58
-55
-28
-49
-58
-29
-76
-26
-45
-64
-48
-51
-55
-69
-42
-43
-66
-41
-47
-63
-52
-40
-20
-61
-52
-55
-47
-53
-47
-49
-41
-40
-50
-45
-57
-73
-27
-67
-54
-58
-20
-53
-51
-47
-78
-43
-66
-51
-63
-54
-48
-35
-48
-54
-64
-51
-42
-60
-54
-63
-59
-17
-28
-66
-46
-31
-71
-72
-49
-59
-19
-49
-39
-51
-25
-51
-48
-47
-51
-62
-24
-50
-54
-49
-71
-43
-45
-23
-50
-52
-22
-55
-49
-51
-47
-37
-59
-34
-54
-51
-38
-50
-63
-58
-59
-58
-66
-44
-56
-56
-61
-29
-35
-26
-43
-55
-48
-59
-53
-22
-48
-50
-37
-53
-53
-64
-40
-42
-84
-41
-36
-64
-27
-58
-54
-60
-35
-53
-64
-37
-52
-59
-42
-33
-62
-76
-64
-20
-47
-71
-59
-15
-42
-62
-58
-29
-26
-43
-59
-44
-57
-47
-39
-46
-54
-43
-23
-14
-32
-26
-56
-39
-55
-48
-31
-56
-40
-71
-53
-44
-86
-71
-36
-69
-57
-52
-84
-28
-49
-40
-48
-29
-24
-14
-70
-54
-51
-34
-16
-58
-65
-51
-52
-64
-43
-44
-70
-47
-54
-23
-27
-36
-31
-51
-37
-39
-31
-43
-30
-33
-24
-45
-22
-42
-26
-54
-43
-54
-55
-54
-63
-75
-36
-27
-32
-35
-37
-16
-37
-52
-53
-54
-51
-55
-51
-42
-44
-37
-44
-38
-29
-39
-47
-30
-30
-59
-63
-58
-36
-44
-29
-47
-72
-40
-10
-35
-64
-77
-54
-25
-41
-37
-45
-63
-31
-8
-57
-30
-53
-53
-42
-21
-22
-55
-23
-39
-29
-24
-25
-53
-55
-18
-44
-31
-27
-26
-20
-20
-20
-25
-47
-18
-12
-54
-17
-45
-37
-34
-30
-8
-2
-59
-38
-34
-27
-25
-43
-55
-25
-20
0
-23
-43
-51
-38
-38
-69
-33
-57
-11
-29
-34
-45
-11
-18
-67
-68
-62
3
-53
-59
-47
-65
-39
-24
-49
-19
-36
-28
-16
-47
-36
-33
-34
-72
-83
-35
-27
-62
-35
-36
-67
-11
-42
-44
-49
-12
-9
-45
-13
-26
-6
-20
-46
-46
-28
-31
-22
-19
-70
-45
-43
-18
-12
-20
-40
-92
-55
-85
-54
-92
-76
-71
2
1
-16
-26
-41
-43
-12
-55
-40
-18
-39
-3
-16
-21
-25
-21
-33
-46
3
-8
-24
-33
-17
-42
-60
-45
-16
-8
-41
-14
-38
-41
28
-2
0
-22
-57
25
-2
-26
-2
-83
-55
-41
-71
-25
-13
-5
-14
-24
-38
-37
-27
-23
1
-27
17
-28
-36
-28
-19
-43
-23
-8
1
-10
-4
-36
1
-49
-17
-8
-78
-58
-39
-12
-40
-9
-80
-40
-12
-61
-11
-12
-16
-24
-7
-18
18
-6
-20
1
-19
10
-11
32
-38
-9
-3
-11
7
-19
-11
-12
-7
-18
-23
-35
-22
-61
-36
-2
-4
6
-7
-16
-25
13
-15
13
13
-5
27
18
35
2
-1
-4
20
-33
-7
6
5
7
9
4
-26
-11
-10
-20
20
57
51
-3
27
32
-8
11
26
-32
-16
15
-18
18
-18
9
-6
-13
-6
-31
7
-20
-13
-33
-3
-13
-6
-28
-15
-17
-18
-40
-35
-5
-39
-51
-49
-34
-53
-49
-30
-16
-39
-17
-20
-40
-40
-24
6
-16
-17
8
-38
-27
-36
-19
-16
-21
-30
-15
-18
0
-35
-29
-8
-58
-21
-22
-51
-9
-20
-28
-34
-35
-16
-3
-45
-16
-15
-26
-11
-29
-24
-18
-19
-2
-15
18
-13
-19
-8
9
26
-18
37
-12
8
-1
7
43
54
6
31
-15
56
29
34
32
17
-18
-31
47
13
-4
7
5
36
2
34
12
13
20
9
11
11
7
26
-11
15
22
0
7
26
17
32
45
32
45
19
54
-30
28
5
4
-1
41
28
26
31
3
4
37
-5
21
-1
17
3
17
16
15
-7
-14
-15
32
20
-22
-15
21
0
29
59
-18
-8
24
-19
37
-4
15
-37
19
-20
-5
25
13
4
25
29
-10
27
-2
2
-22
-8
42
-8
9
6
9
11
38
44
10
9
34
49
-5
22
19
-8
-18
26
66
16
32
0
1
-14
-5
22
32
26
-45
-14
-18
11
-38
40
9
-46
17
30
26
4
25
-28
24
10
11
4
23
-19
49
-26
5
25
37
41
37
33
-13
14
34
18
-29
21
-21
-36
-25
-44
-33
-18
-28
-32
-42
3
2
-41
-13
11
-10
-17
22
31
5
21
32
28
19
-2
13
-5
61
21
33
16
22
3
3
41
41
30
14
-17
49
10
19
-6
20
6
1
15
12
-23
-11
0
41
-23
7
21
-12
5
8
6
30
22
22
14
68
46
68
116
34
38
62
64
14
87
57
8
2
25
56
82
122
27
-7
-6
125
59
97
87
58
85
86
88
18
81
55
82
104
90
91
92
81
29
120
139
72
62
41
21
59
48
187
3
84
117
-18
-4
36
103
97
28
-32
84
93
91
106
-19
87
0
105
-30
19
26
-18
15
116
73
53
80
5
39
76
110
15
-57
-82
-51
-31
24
-2
37
15
29
102
6
36
46
62
66
-20
76
76
59
-21
24
85
24
60
86
74
53
53
75
69
42
65
61
59
70
92
109
220
91
54
111
50
76
101
87
80
87
66
109
31
92
80
31
106
42
98
83
102
128
59
10
-12
73
27
59
125
61
51
13
106
16
77
26
45
41
48
76
5
53
77
91
30
63
2
88
87
7
-18
2
18
-7
-26
117
55
33
14
74
28
49
105
43
46
76
34
47
-21
91
40
46
65
40
64
40
42
68
120
113
28
101
37
18
69
-17
7
9
-7
4
71
62
11
38
20
-12
24
-38
-22
73
40
103
25
74
107
103
83
75
-14
135
141
42
62
147
-19
44
77
58
71
73
64
-12
66
27
36
90
16
77
39
103
-33
76
62
88
92
62
78
54
23
62
53
42
55
25
-20
32
43
87
67
22
-25
79
78
-48
24
16
63
74
58
17
64
15
76
39
72
29
31
40
49
20
51
64
9
101
35
53
-7
25
21
7
65
40
3
48
98
17
-8
-17
121
-2
77
81
18
-20
-44
-12
-30
-14
91
7
53
76
48
34
72
20
-19
-4
13
52
60
7
11
96
63
20
74
54
38
26
76
106
69
67
45
99
51
23
62
42
41
90
111
64
-1
75
-37
23
86
62
52
17
71
42
55
50
2
46
84
25
14
28
26
12
50
42
48
29
6
-4
54
41
49
58
114
53
131
108
31
38
45
93
62
84
80
104
43
53
71
6
36
8
-17
-13
67
60
71
151
-20
71
119
57
-16
71
92
61
75
60
50
100
89
6
27
-11
112
95
19
95
66
106
71
34
-24
87
11
-1
123
104
98
33
104
43
64
13
60
45
53
15
57
91
93
86
108
122
61
42
57
42
90
84
95
95
22
97
45
29
135
100
91
44
60
39
108
84
92
58
47
105
89
52
14
39
76
42
63
52
95
58
108
21
-6
70
27
72
102
115
6
13
73
20
67
33
37
115
55
78
23
-41
5
107
91
45
78
70
16
14
-17
11
125
91
-3
66
9
33
82
-4
16
27
9
21
-18
-12
4
13
140
0
49
100
102
42
-18
79
-36
65
37
86
67
59
69
11
67
157
39
130
87
12
94
71
102
75
-36
72
15
95
58
-5
45
-32
-24
41
22
36
93
85
39
131
95
58
112
88
60
125
-18
61
71
61
76
89
24
94
30
74
3
55
-13
-21
-17
-11
20
108
18
7
67
25
30
35
40
68
86
40
59
58
33
239
90
105
117
62
99
116
76
124
68
48
-19
81
83
104
-19
37
85
-30
123
64
68
93
15
68
149
99
72
148
95
150
109
77
56
17
112
139
70
34
128
128
137
46
39
46
110
150
105
131
65
127
102
126
63
27
76
20
14
135
11
125
57
120
0
69
85
81
35
141
133
268
13
99
128
217
126
164
56
151
37
46
46
5
63
69
82
138
143
53
47
148
77
32
27
31
4
61
101
118
57
175
37
119
10
85
48
105
117
125
72
122
144
6
137
103
66
110
52
49
99
137
87
25
41
97
132
170
80
85
99
53
10
144
114
68
174
28
108
130
61
95
114
61
114
98
-11
84
69
122
91
148
64
11
-23
90
81
103
136
123
80
38
123
70
68
85
66
116
130
50
94
33
68
105
45
42
111
100
126
82
110
112
137
124
116
-30
74
91
157
63
