-56
-27
-73
-68
-27
-51
-61
-38
-47
-61
-79
-38
-86
-66
-66
-51
-44
-65
-61
-72
-78
-53
-47
-36
-61
-63
-63
-34
-79
-42
-4
-64
-79
-31
-80
-50
-59
-55
-56
-74
-79
-62
-59
-42
-31
-70
-49
-68
-52
-27
-70
-45
-31
-22
-30
-51
-41
-6
-43
-65
-56
-42
-45
-6
-25
-14
-37
-6
-34
-40
-41
-12
9
-8
-36
-46
-58
-51
-49
-32
-39
-35
-66
-24
-62
-50
-38
-66
-64
-59
-62
-55
-60
-59
-45
-58
-53
-53
-67
-51
-44
-64
-54
-23
-49
-33
-55
10
-61
-40
-59
-61
-58
-76
-58
-36
-60
-74
-63
-60
-49
-50
-62
-53
-57
-72
-40
-44
-53
-81
-46
-30
-20
-58
-56
-36
-49
-53
-30
-41
-27
-55
-55
-35
-17
-85
-30
-51
-22
-29
-38
-45
-41
-49
-36
-54
-25
-27
-39
-53
-87
-75
-61
-72
-41
-64
-62
-59
-60
-55
-81
-68
-25
-61
-33
-53
-41
-20
-47
-64
-69
-57
-80
-46
-58
-84
-64
-71
-64
-76
-29
-34
-65
-55
-49
-68
-43
-51
-19
-75
-44
-42
-26
-82
-68
-60
-66
-77
-37
-45
-31
-25
-21
-67
-18
-46
-33
-53
-73
-50
-56
-51
-61
-82
1
-12
-51
-73
-53
-29
-15
-62
-21
-58
-24
-21
-41
-60
-50
-66
-67
-45
-69
-40
-50
-56
-59
-29
-53
-30
-50
-61
-27
-32
0
-24
16
-54
-57
-13
-64
-45
-38
-9
-19
-25
-29
-72
-21
-51
-27
-11
-54
-27
2
-5
-9
-32
-62
-67
-54
-28
-13
-68
-24
93
3
-6
-3
-27
1
-64
-38
-19
4
20
-44
-30
-69
-28
-47
0
-34
15
-40
-39
-21
-30
-42
9
-70
-48
-7
-41
-32
-2
-27
-27
-44
-45
-82
-31
-39
-18
-2
28
-7
-18
33
17
-5
-28
21
-10
-11
15
-19
36
-25
-8
33
24
-41
-5
13
8
61
17
-18
16
-27
35
24
-44
-17
-9
58
-1
-30
-30
-80
-39
-42
17
-51
53
6
-1
-21
53
-10
13
-31
1
2
-18
-47
-16
-12
-20
-11
-40
-23
46
34
28
-31
8
1
-35
23
-45
-42
-55
-35
-5
-52
-31
-80
12
-45
-35
-45
22
-38
12
-17
-17
-27
31
-16
-70
28
-29
1
-15
2
25
-10
26
-20
-19
-6
-37
-18
-34
29
7
-7
43
-44
-51
-36
25
48
-38
30
-29
68
9
11
-3
30
-12
59
51
52
30
-25
25
-29
4
-18
-21
-30
-35
37
12
36
-42
43
9
-12
91
26
9
46
32
92
68
53
53
-19
101
8
66
58
53
-12
-7
54
24
15
48
63
39
30
-25
-11
32
66
-3
39
4
14
19
70
51
-37
-10
-47
-37
84
-27
-8
-15
-16
-21
69
27
27
-27
15
65
-44
-15
37
-9
28
13
-32
-1
-36
9
4
-32
25
-34
21
-36
-17
-27
-37
18
10
-38
3
69
-39
-10
60
-3
-73
45
1
50
-24
61
-24
-55
-55
55
28
33
-13
5
17
59
54
-3
50
-21
-6
-20
27
107
-31
-28
4
9
56
27
20
55
0
38
-17
33
-32
-17
50
26
31
19
-13
-11
49
33
2
4
8
-29
-20
-21
-10
15
-31
44
-23
-7
64
21
12
11
35
48
3
49
37
82
3
-8
-44
-37
33
14
5
-22
-12
-36
-15
-7
-2
54
62
40
4
30
0
-52
-23
33
21
-3
22
-11
22
35
-40
-28
52
-12
67
-19
2
74
10
-17
-19
9
74
69
39
73
55
74
98
38
42
54
70
35
46
40
62
64
46
27
25
-27
45
-49
-13
-27
-2
1
60
71
47
22
103
35
49
57
71
60
56
39
72
22
34
22
73
40
67
109
58
36
79
40
46
19
-28
-2
-49
82
67
76
101
98
58
30
33
24
32
42
35
65
26
9
-6
-30
-12
51
91
64
108
44
48
9
-41
-21
-29
-36
43
40
32
210
9
36
64
39
-35
69
33
51
63
76
57
59
95
49
86
-10
-36
41
61
46
37
58
64
57
52
56
30
29
45
57
85
55
68
26
96
41
29
79
40
65
95
45
79
14
24
98
59
89
82
69
47
69
44
82
60
46
24
66
71
26
57
29
52
15
-13
75
57
44
45
75
29
39
37
52
-30
37
-19
80
92
41
-11
62
-23
69
34
27
84
34
95
8
9
56
44
26
97
41
33
88
40
77
37
52
65
68
66
58
-8
-1
33
109
41
41
-5
31
88
-7
2
-5
53
-13
-21
35
49
88
56
32
59
41
38
75
87
68
41
17
34
-19
-3
-10
40
16
94
90
-25
24
-20
114
118
97
28
6
59
76
15
101
87
84
35
-12
66
53
34
61
87
-23
28
10
108
89
105
92
25
70
109
91
17
34
99
38
103
35
67
31
38
95
-26
-10
85
59
12
30
72
78
52
81
109
67
90
-6
77
55
18
30
38
94
22
55
93
55
102
10
2
83
31
19
69
53
64
54
80
99
-28
31
-12
24
-9
-17
59
104
132
34
68
40
69
39
136
-13
82
77
73
77
146
77
-19
-11
-11
71
90
37
77
63
68
63
-81
-35
-65
-78
31
-23
-92
-47
11
13
80
75
111
97
125
44
68
-57
-50
-21
47
67
76
66
-90
9
71
73
-11
101
44
48
84
71
95
24
44
46
73
107
6
9
50
-8
88
0
115
73
69
102
97
86
94
116
58
26
60
41
74
-43
146
88
-15
113
115
47
42
0
38
-23
-6
81
113
92
41
112
42
93
58
20
135
64
37
37
73
47
0
79
107
109
119
78
66
101
35
15
66
38
2
-33
10
108
98
108
34
64
57
35
59
117
41
77
93
73
52
61
95
84
106
-35
60
52
62
148
70
-11
108
74
60
59
107
28
98
43
27
63
20
68
16
19
6
35
69
54
42
90
9
23
19
138
-43
-27
48
89
45
36
52
73
63
45
112
85
81
34
41
47
1
52
22
95
-38
-7
104
103
69
98
136
111
0
72
45
82
109
77
97
96
90
57
-18
76
92
59
33
46
15
108
90
94
32
14
76
88
58
49
37
31
73
82
70
85
104
114
79
4
77
158
78
96
93
14
64
86
23
-15
107
29
53
33
18
-16
123
94
49
84
72
63
35
21
59
28
78
40
34
19
82
19
52
38
106
51
81
44
-22
77
35
43
6
67
38
63
46
129
108
67
73
57
1
-13
34
78
72
237
60
89
90
104
78
95
37
77
101
51
152
73
35
82
7
41
63
31
102
24
56
60
47
60
94
76
81
50
77
95
149
110
50
128
70
2
53
72
54
152
89
79
51
16
77
48
114
93
118
64
52
-66
102
67
96
91
87
66
37
102
-1
72
95
-27
96
22
44
50
83
72
41
50
-10
81
28
31
47
34
47
76
85
15
119
101
53
52
62
64
87
61
54
54
64
79
8
14
105
100
90
112
62
71
41
75
87
73
101
44
62
96
25
82
-30
89
78
50
92
78
45
81
47
235
89
63
-78
72
49
68
87
78
82
41
66
119
53
90
52
53
81
49
89
4
86
93
69
76
11
-11
91
113
47
103
68
83
88
57
25
57
78
37
211
83
14
85
42
41
57
124
86
58
-3
-64
88
37
63
11
36
74
95
65
-7
25
74
80
55
112
60
94
-26
125
65
62
102
38
62
89
66
81
-14
78
66
109
103
59
41
114
51
123
97
28
58
103
21
67
32
59
59
43
68
70
-56
71
128
33
56
47
65
86
72
9
42
31
81
38
64
91
40
95
15
98
74
81
67
90
80
55
41
42
52
27
42
115
53
85
77
14
45
117
61
41
54
104
60
63
63
93
56
66
49
96
95
60
78
39
18
3
100
9
116
66
52
62
24
65
37
111
77
23
58
29
19
90
125
27
90
45
7
42
117
110
44
82
87
98
81
76
76
90
40
92
135
120
111
68
68
31
119
68
119
100
79
82
58
76
27
55
77
-14
-62
-82
43
85
112
