-57
-30
-66
-64
-35
-48
-47
-40
-40
-49
-60
-51
-56
-46
-66
-58
-53
-68
-55
-62
-56
-47
-57
-49
-52
-50
-63
-59
-60
-58
-29
-43
-59
-47
-55
-36
-43
-55
-55
-39
-51
-40
-45
-49
-40
-32
-25
-42
-42
-34
-42
-32
-48
-36
-19
-32
-34
-26
-39
-8
-32
-23
-25
-23
-27
-7
-20
-9
-27
-13
-16
-29
-31
-29
-26
-38
-39
-33
-41
-34
-35
-28
-32
-26
-45
-42
-33
-35
-26
-47
-35
-33
-42
-35
-38
-47
-47
-43
-42
-46
-37
-50
-28
-13
-26
-35
-28
-20
-44
-38
-33
-42
-40
-28
-29
-34
-39
-40
-24
-45
-28
-20
-27
-41
-37
-55
-48
-49
-44
-48
-47
-38
-35
-49
-50
-44
-43
-47
-23
-48
-33
-47
-44
-28
-46
-52
-39
-45
-29
-29
-41
-49
-43
-57
-49
-38
-43
-44
-49
-54
-66
-42
-58
-51
-42
-55
-44
-45
-45
-57
-50
-47
-51
-43
-43
-45
-49
-36
-37
-54
-50
-37
-62
-52
-42
-49
-46
-40
-48
-60
-35
-51
-39
-46
-58
-51
-45
-56
-32
-52
-58
-47
-48
-47
-45
-34
-24
-48
-46
-46
-38
-23
-31
-49
-34
-49
-40
-41
-55
-56
-50
-41
-47
-48
-40
-37
-39
-52
-41
-37
-33
-51
-43
-52
-29
-25
-31
-39
-37
-54
-54
-36
-54
-39
-32
-38
-57
-51
-41
-37
-36
-47
-34
-24
-22
-33
-30
-34
-27
-29
-60
-41
-49
-26
-27
-38
-15
-41
-29
-42
-35
-37
-32
-25
-29
-25
-31
-26
-32
-17
-25
-34
-16
-30
-28
-6
-28
-6
-5
-6
-20
-18
-8
-26
-21
-15
-42
-29
-23
-23
-25
-31
-29
-2
-21
-19
-28
-17
-13
-4
-55
-35
-8
-2
-21
-17
-29
-14
-29
-24
-37
-25
-23
-18
-15
1
-9
-24
-17
-13
-21
-32
-28
-22
-40
-18
-17
-4
-23
-26
11
-26
-7
-17
-26
-16
-21
-37
-40
-8
-16
0
9
2
-18
-25
-7
-7
-27
-14
-21
-18
-37
-13
-21
-2
-4
-2
-26
1
-37
-13
-17
0
1
-24
-19
-19
-21
-22
-10
-17
-36
-9
-8
-14
-32
-6
-25
-31
-24
-42
-49
-52
-26
-13
-24
-22
-35
-25
-16
-29
-18
-25
-19
-33
-32
-28
-24
-7
-18
-11
-11
-20
-5
-22
-17
-17
-13
1
-4
-32
-11
-40
-17
-33
-6
-11
-29
-2
-17
-19
-28
-1
-2
-9
-3
-13
11
-4
9
2
-12
0
12
-6
0
-6
-9
15
-14
-15
-18
-28
-16
-30
-26
-10
-4
-13
-5
-5
-22
0
0
1
0
5
15
-5
25
-11
-5
14
-14
9
-14
-4
-1
-30
19
1
-26
-7
-5
-1
-6
-5
11
11
-4
13
4
1
-2
16
4
13
-13
11
-5
3
-2
-2
-5
-2
-15
-17
36
18
18
17
10
33
-15
16
18
7
24
10
18
24
29
9
7
20
11
10
39
7
14
34
3
20
33
16
40
54
15
21
39
9
36
27
-20
21
-8
21
13
10
-31
17
19
34
27
27
32
35
21
26
28
26
5
32
31
66
21
31
16
33
47
44
56
32
45
29
33
40
36
18
42
6
34
23
18
21
35
11
20
10
28
7
14
-5
20
7
30
42
8
22
55
38
43
14
31
12
27
45
14
31
21
21
-4
5
27
15
21
7
3
-22
-2
10
12
4
19
27
18
35
35
3
14
38
9
30
53
35
-5
0
-7
21
28
10
27
21
37
31
60
31
11
37
56
36
34
43
42
36
43
21
25
13
33
14
45
29
24
19
41
21
12
-1
20
18
0
12
14
11
18
28
24
16
33
22
25
31
38
20
18
12
25
17
14
4
23
20
6
28
24
37
38
20
26
14
3
1
17
22
26
46
50
29
16
30
32
19
19
55
36
29
36
27
16
16
7
39
18
35
56
36
31
31
18
36
21
21
42
53
41
75
48
48
45
59
15
63
60
64
53
63
60
93
59
85
66
42
55
68
56
53
50
56
62
44
48
50
52
56
52
64
72
73
63
34
61
35
25
50
41
43
33
39
66
48
41
114
61
65
76
67
68
58
68
71
48
69
53
53
57
47
52
27
61
43
47
60
44
37
66
79
37
11
50
28
46
39
48
57
65
61
30
54
16
47
86
21
72
44
55
24
48
58
46
41
63
42
55
41
63
63
60
56
46
36
60
55
33
41
48
55
41
60
34
55
56
34
19
57
56
52
26
42
65
66
61
50
41
36
61
86
91
77
30
65
44
38
26
50
43
65
76
66
40
50
54
69
82
69
59
65
73
32
45
59
88
75
50
42
66
64
57
52
42
29
62
76
61
69
66
72
17
53
34
61
33
41
66
36
77
52
27
39
51
58
42
22
61
77
36
27
51
56
65
51
63
61
62
39
53
39
43
51
45
44
62
56
61
53
61
19
41
71
45
55
56
32
48
97
50
71
24
29
35
48
43
53
70
94
94
57
84
72
68
71
73
58
64
85
88
62
60
66
66
49
37
67
47
56
73
73
78
69
39
50
43
51
67
55
32
61
61
68
71
91
96
70
53
65
47
31
69
31
80
50
87
48
55
68
50
55
67
108
53
62
49
79
82
101
79
39
90
92
74
51
70
60
50
43
71
99
91
103
57
103
76
108
44
39
61
43
63
62
81
78
38
73
119
64
63
68
60
71
43
81
90
83
63
86
65
85
71
71
91
86
70
72
79
71
92
66
82
73
81
92
112
95
73
86
86
54
68
47
83
66
88
115
57
89
85
54
45
72
74
96
92
84
78
70
65
89
109
61
85
71
81
78
88
65
100
89
91
65
69
58
88
67
76
80
62
78
64
82
77
41
73
63
52
83
48
88
63
102
56
60
74
82
87
79
86
103
88
66
70
121
74
71
64
54
61
67
67
86
67
61
87
134
73
86
106
79
36
89
49
69
68
58
71
82
69
80
65
65
68
90
52
81
63
99
98
93
87
66
75
96
97
67
56
71
65
75
96
72
64
93
81
54
94
109
83
93
62
57
64
72
54
67
138
93
100
69
41
47
74
75
104
77
75
56
50
60
72
71
69
78
52
88
85
20
62
65
70
92
46
50
49
86
69
76
74
66
54
76
72
81
84
62
62
73
75
64
66
56
45
119
58
94
70
77
94
78
61
57
96
69
103
99
84
51
43
75
42
41
91
41
56
68
77
74
76
72
67
70
68
99
128
67
72
91
90
61
90
86
60
93
92
65
94
75
70
106
91
89
83
97
74
62
80
70
81
105
59
69
76
90
79
88
98
63
81
95
79
