-11
-11
29
29
-31
-31
-31
-31
-21
-21
-10
-10
-24
-24
-18
-18
0
0
28
28
60
60
36
36
47
47
61
61
68
68
87
87
92
92
74
74
42
42
92
92
53
53
53
53
85
85
115
115
60
60
88
88
51
51
76
76
53
53
-5
-5
28
28
47
47
57
57
42
42
68
68
49
49
59
59
67
67
50
50
93
93
51
51
66
66
99
99
57
57
87
87
56
56
78
78
126
126
126
126
84
84
125
125
68
68
99
99
43
43
9
9
11
11
6
6
3
3
40
40
1
1
39
39
64
64
1
1
67
67
36
36
48
48
26
26
28
28
46
46
48
48
33
33
79
79
25
25
67
67
49
49
96
96
128
128
50
50
22
22
-4
-4
21
21
-20
-20
59
59
8
8
18
18
33
33
44
44
42
42
35
35
78
78
126
126
106
106
90
90
125
125
62
62
75
75
101
101
110
110
107
107
83
83
144
144
218
218
147
147
56
56
71
71
64
64
88
88
62
62
101
101
60
60
94
94
129
129
137
137
124
124
53
53
28
28
67
67
65
65
86
86
89
89
66
66
92
92
111
111
53
53
86
86
77
77
132
132
126
126
54
54
86
86
17
17
45
45
90
90
69
69
28
28
41
41
79
79
50
50
66
66
63
63
55
55
38
38
54
54
32
32
42
42
27
27
40
40
71
71
55
55
83
83
18
18
63
63
2
2
63
63
69
69
59
59
106
106
59
59
89
89
87
87
90
90
50
50
91
91
113
113
91
91
129
129
101
101
112
112
116
116
118
118
113
113
93
93
73
73
86
86
101
101
119
119
81
81
108
108
42
42
53
53
78
78
27
27
95
95
118
118
157
157
100
100
55
55
87
87
135
135
130
130
120
120
119
119
79
79
16
16
87
87
51
51
55
55
57
57
95
95
94
94
136
136
169
169
67
67
77
77
59
59
137
137
175
175
171
171
152
152
91
91
82
82
72
72
146
146
104
104
153
153
101
101
79
79
129
129
77
77
123
123
150
150
70
70
98
98
149
149
147
147
75
75
131
131
97
97
88
88
93
93
104
104
93
93
122
122
76
76
146
146
110
110
101
101
154
154
135
135
189
189
169
169
115
115
80
80
92
92
79
79
88
88
45
45
68
68
93
93
77
77
93
93
88
88
169
169
139
139
124
124
127
127
77
77
171
171
119
119
148
148
90
90
94
94
171
171
161
161
96
96
106
106
135
135
153
153
106
106
42
42
81
81
139
139
89
89
80
80
73
73
43
43
68
68
118
118
81
81
106
106
115
115
131
131
162
162
122
122
176
176
152
152
101
101
157
157
118
118
121
121
81
81
122
122
93
93
113
113
80
80
114
114
109
109
147
147
187
187
136
136
146
146
105
105
166
166
135
135
130
130
91
91
59
59
91
91
109
109
86
86
75
75
91
91
129
129
102
102
97
97
118
118
148
148
113
113
150
150
134
134
173
173
125
125
119
119
145
145
153
153
230
230
59
59
147
147
119
119
69
69
51
51
122
122
77
77
104
104
123
123
81
81
125
125
103
103
140
140
99
99
111
111
125
125
100
100
170
170
153
153
103
103
68
68
94
94
133
133
97
97
87
87
136
136
96
96
95
95
121
121
78
78
118
118
87
87
95
95
131
131
71
71
135
135
159
159
174
174
133
133
174
174
138
138
167
167
127
127
128
128
99
99
170
170
155
155
162
162
132
132
170
170
135
135
159
159
153
153
132
132
143
143
125
125
141
141
128
128
83
83
123
123
137
137
92
92
173
173
111
111
98
98
135
135
143
143
127
127
149
149
155
155
186
186
173
173
149
149
158
158
171
171
137
137
112
112
133
133
130
130
157
157
105
105
169
169
134
134
138
138
76
76
133
133
89
89
121
121
122
122
72
72
177
177
128
128
134
134
163
163
157
157
153
153
136
136
183
183
158
158
158
158
153
153
71
71
115
115
185
185
179
179
178
178
162
162
143
143
156
156
188
188
123
123
123
123
146
146
140
140
204
204
177
177
121
121
135
135
137
137
137
137
180
180
177
177
181
181
189
189
176
176
207
207
137
137
167
167
112
112
199
199
143
143
125
125
87
87
89
89
154
154
131
131
176
176
105
105
91
91
109
109
155
155
186
186
215
215
169
169
197
197
205
205
132
132
115
115
116
116
93
93
129
129
122
122
177
177
117
117
81
81
90
90
88
88
109
109
104
104
95
95
89
89
90
90
142
142
121
121
111
111
96
96
162
162
187
187
158
158
112
112
125
125
117
117
129
129
183
183
131
131
101
101
153
153
199
199
111
111
182
182
196
196
200
200
229
229
172
172
141
141
184
184
158
158
157
157
154
154
173
173
243
243
168
168
147
147
200
200
154
154
156
156
126
126
134
134
157
157
177
177
159
159
137
137
182
182
154
154
130
130
150
150
103
103
145
145
103
103
121
121
146
146
111
111
191
191
184
184
180
180
206
206
209
209
183
183
241
241
175
175
145
145
185
185
169
169
152
152
133
133
175
175
193
193
185
185
169
169
136
136
194
194
183
183
237
237
211
211
162
162
160
160
217
217
183
183
184
184
205
205
164
164
187
187
128
128
147
147
172
172
142
142
126
126
167
167
171
171
156
156
149
149
198
198
198
198
201
201
224
224
204
204
235
235
178
178
169
169
133
133
149
149
175
175
214
214
204
204
147
147
119
119
145
145
173
173
143
143
151
151
215
215
129
129
189
189
193
193
165
165
137
137
118
118
123
123
160
160
125
125
109
109
179
179
193
193
191
191
249
249
163
163
162
162
187
187
109
109
171
171
165
165
243
243
220
220
131
131
153
153
189
189
112
112
179
179
235
235
140
140
201
201
165
165
210
210
139
139
213
213
221
221
216
216
129
129
151
151
116
116
86
86
108
108
176
176
151
151
157
157
157
157
120
120
192
192
159
159
200
200
185
185
141
141
164
164
199
199
185
185
129
129
184
184
117
117
159
159
119
119
168
168
164
164
191
191
113
113
116
116
216
216
155
155
121
121
79
79
137
137
130
130
150
150
167
167
176
176
170
170
122
122
109
109
154
154
179
179
158
158
159
159
140
140
136
136
135
135
155
155
188
188
105
105
170
170
138
138
151
151
156
156
143
143
145
145
142
142
136
136
187
187
158
158
193
193
203
203
187
187
192
192
144
144
168
168
150
150
179
179
132
132
151
151
107
107
114
114
139
139
147
147
239
239
199
199
180
180
201
201
99
99
156
156
181
181
186
186
179
179
140
140
127
127
159
159
168
168
146
146
156
156
128
128
169
169
137
137
163
163
178
178
138
138
182
182
199
199
170
170
127
127
152
152
161
161
169
169
207
207
194
194
158
158
213
213
189
189
138
138
184
184
201
201
213
213
216
216
205
205
215
215
160
160
180
180
121
121
141
141
156
156
177
177
142
142
166
166
169
169
151
151
151
151
156
156
168
168
131
131
202
202
199
199
199
199
203
203
162
162
165
165
143
143
157
157
169
169
159
159
129
129
154
154
164
164
154
154
136
136
132
132
117
117
100
100
160
160
163
163
151
151
155
155
165
165
172
172
142
142
143
143
140
140
208
208
189
189
199
199
202
202
210
210
149
149
213
213
201
201
174
174
185
185
190
190
139
139
121
121
194
194
185
185
161
161
133
133
146
146
156
156
167
167
163
163
182
182
195
195
181
181
209
209
186
186
187
187
177
177
174
174
161
161
158
158
149
149
186
186
156
156
148
148
117
117
155
155
175
175
179
179
134
134
155
155
149
149
191
191
145
145
157
157
107
107
99
99
149
149
163
163
127
127
125
125
163
163
210
210
189
189
163
163
161
161
179
179
199
199
174
174
157
157
135
135
171
171
119
119
180
180
118
118
163
163
160
160
183
183
182
182
208
208
126
126
136
136
193
193
178
178
175
175
152
152
177
177
144
144
160
160
199
199
165
165
245
245
183
183
145
145
175
175
141
141
193
193
220
220
165
165
131
131
169
169
171
171
175
175
186
186
158
158
146
146
155
155
146
146
179
179
159
159
153
153
193
193
119
119
127
127
204
204
169
169
194
194
115
115
130
130
193
193
163
163
170
170
152
152
169
169
156
156
111
111
159
159
191
191
150
150
214
214
157
157
202
202
207
207
210
210
149
149
187
187
171
171
191
191
129
129
168
168
161
161
182
182
171
171
209
209
185
185
177
177
188
188
163
163
207
207
212
212
154
154
184
184
154
154
173
173
174
174
156
156
192
192
166
166
175
175
168
168
177
177
162
162
161
161
137
137
180
180
189
189
138
138
165
165
159
159
161
161
156
156
167
167
179
179
257
257
237
237
173
173
203
203
193
193
179
179
203
203
174
174
191
191
167
167
123
123
173
173
132
132
155
155
109
109
192
192
193
193
164
164
207
207
187
187
170
170
175
175
167
167
179
179
159
159
235
235
209
209
129
129
187
187
191
191
181
181
209
209
205
205
220
220
165
165
158
158
209
209
198
198
188
188
157
157
185
185
190
190
187
187
166
166
164
164
134
134
215
215
187
187
186
186
190
190
179
179
181
181
177
177
175
175
227
227
179
179
147
147
160
160
184
184
200
200
158
158
179
179
209
209
153
153
208
208
158
158
163
163
175
175
190
190
183
183
208
208
211
211
207
207
213
213
177
177
190
190
173
173
155
155
173
173
216
216
174
174
159
159
188
188
199
199
216
216
162
162
177
177
196
196
187
187
167
167
167
167
245
245
194
194
178
178
186
186
224
224
227
227
199
199
150
150
152
152
189
189
184
184
208
208
207
207
113
113
239
239
145
145
214
214
233
233
195
195
243
243
120
120
202
202
205
205
193
193
259
259
201
201
189
189
167
167
157
157
94
94
194
194
196
196
169
169
200
200
182
182
124
124
108
108
137
137
152
152
163
163
181
181
135
135
142
142
147
147
154
154
201
201
204
204
255
255
218
218
178
178
205
205
180
180
166
166
185
185
187
187
207
207
208
208
215
215
208
208
189
189
222
222
241
241
191
191
206
206
169
169
246
246
172
172
167
167
201
201
164
164
233
233
194
194
196
196
182
182
207
207
170
170
173
173
153
153
127
127
141
141
147
147
171
171
199
199
207
207
209
209
159
159
159
159
186
186
183
183
159
159
249
249
179
179
227
227
184
184
210
210
211
211
189
189
198
198
175
175
181
181
214
214
209
209
216
216
182
182
189
189
213
213
146
146
212
212
221
221
216
216
199
199
236
236
139
139
161
161
160
160
195
195
152
152
222
222
231
231
193
193
216
216
166
166
185
185
158
158
229
229
226
226
215
215
179
179
207
207
192
192
231
231
182
182
260
260
234
234
187
187
155
155
191
191
227
227
223
223
224
224
194
194
196
196
186
186
178
178
224
224
233
233
172
172
168
168
221
221
238
238
169
169
233
233
198
198
253
253
213
213
172
172
199
199
152
152
155
155
142
142
196
196
252
252
195
195
177
177
233
233
191
191
172
172
159
159
181
181
163
163
236
236
195
195
182
182
186
186
225
225
182
182
133
133
220
220
195
195
192
192
182
182
186
186
167
167
207
207
196
196
174
174
189
189
213
213
190
190
211
211
132
132
177
177
211
211
202
202
174
174
252
252
244
244
234
234
274
274
231
231
229
229
227
227
245
245
251
251
177
177
224
224
199
199
178
178
223
223
188
188
238
238
149
149
219
219
219
219
233
233
237
237
223
223
185
185
211
211
245
245
227
227
167
167
229
229
188
188
284
284
230
230
212
212
203
203
233
233
240
240
189
189
238
238
191
191
247
247
179
179
185
185
189
189
205
205
187
187
183
183
202
202
192
192
216
216
229
229
194
194
201
201
208
208
181
181
188
188
192
192
171
171
165
165
236
236
217
217
233
233
223
223
214
214
231
231
227
227
209
209
249
249
229
229
205
205
204
204
255
255
203
203
244
244
245
245
215
215
245
245
248
248
240
240
184
184
213
213
190
190
149
149
193
193
199
199
187
187
243
243
171
171
190
190
204
204
283
283
190
190
221
221
179
179
188
188
240
240
261
261
175
175
192
192
220
220
213
213
198
198
147
147
236
236
187
187
177
177
210
210
155
155
226
226
171
171
203
203
186
186
214
214
179
179
185
185
209
209
158
158
183
183
159
159
207
207
223
223
193
193
220
220
190
190
175
175
202
202
177
177
245
245
225
225
187
187
