-17
-17
17
17
-23
-23
-55
-55
-43
-43
-25
-25
-27
-27
-51
-51
-7
-7
65
65
115
115
51
51
75
75
67
67
45
45
45
45
103
103
121
121
93
93
67
67
45
45
35
35
73
73
85
85
59
59
105
105
77
77
105
105
47
47
83
83
47
47
127
127
135
135
41
41
129
129
47
47
95
95
59
59
61
61
89
89
49
49
41
41
47
47
87
87
67
67
45
45
57
57
71
71
55
55
59
59
47
47
71
71
83
83
77
77
49
49
51
51
43
43
45
45
65
65
91
91
79
79
95
95
41
41
45
45
77
77
109
109
53
53
51
51
43
43
89
89
61
61
83
83
77
77
21
21
75
75
43
43
75
75
61
61
81
81
11
11
55
55
77
77
37
37
25
25
67
67
69
69
65
65
67
67
59
59
67
67
105
105
31
31
93
93
143
143
49
49
87
87
49
49
89
89
71
71
49
49
69
69
71
71
63
63
59
59
71
71
45
45
55
55
37
37
75
75
55
55
31
31
95
95
75
75
63
63
57
57
45
45
39
39
75
75
41
41
245
245
81
81
95
95
59
59
67
67
61
61
49
49
45
45
249
249
33
33
3
3
-37
-37
-41
-41
-27
-27
-7
-7
-31
-31
-33
-33
-9
-9
-23
-23
-19
-19
-61
-61
-39
-39
-63
-63
-39
-39
-25
-25
-59
-59
-69
-69
-79
-79
-25
-25
-37
-37
-31
-31
-47
-47
-31
-31
-33
-33
3
3
-19
-19
-31
-31
-5
-5
-41
-41
-31
-31
-27
-27
-17
-17
3
3
-27
-27
-27
-27
-11
-11
-11
-11
-41
-41
-77
-77
-19
-19
-15
-15
-61
-61
-61
-61
-11
-11
13
13
-41
-41
-11
-11
-41
-41
13
13
-37
-37
-47
-47
-63
-63
-47
-47
-25
-25
-21
-21
17
17
-21
-21
-21
-21
-59
-59
-41
-41
3
3
5
5
25
25
-3
-3
-33
-33
15
15
-51
-51
-31
-31
-23
-23
-21
-21
-49
-49
-11
-11
-23
-23
-45
-45
-19
-19
-15
-15
-35
-35
-43
-43
-41
-41
-27
-27
-11
-11
-13
-13
-41
-41
-59
-59
-41
-41
-57
-57
-5
-5
-33
-33
-23
-23
-11
-11
-17
-17
-33
-33
-39
-39
-33
-33
9
9
3
3
-13
-13
25
25
-17
-17
23
23
17
17
23
23
-77
-77
-9
-9
-33
-33
-1
-1
5
5
-5
-5
5
5
-51
-51
-41
-41
-43
-43
-33
-33
-57
-57
-63
-63
-39
-39
-23
-23
-65
-65
-21
-21
-9
-9
-49
-49
-73
-73
-43
-43
13
13
1
1
9
9
-27
-27
-9
-9
25
25
-47
-47
5
5
-7
-7
-17
-17
-5
-5
7
7
-25
-25
-51
-51
-9
-9
-53
-53
-11
-11
-31
-31
-37
-37
1
1
-23
-23
-71
-71
-43
-43
-7
-7
-19
-19
27
27
-25
-25
-29
-29
-13
-13
-29
-29
1
1
-7
-7
21
21
-49
-49
-61
-61
9
9
-17
-17
-13
-13
-53
-53
-67
-67
-25
-25
-55
-55
-53
-53
-27
-27
-43
-43
-23
-23
-13
-13
-25
-25
-33
-33
-17
-17
25
25
-21
-21
-21
-21
-15
-15
-49
-49
-5
-5
5
5
-25
-25
19
19
37
37
-83
-83
-7
-7
-31
-31
-19
-19
-27
-27
-29
-29
-59
-59
-7
-7
3
3
-25
-25
-19
-19
1
1
-1
-1
-3
-3
-13
-13
1
1
1
1
-17
-17
-25
-25
29
29
-39
-39
-27
-27
-3
-3
-3
-3
9
9
19
19
-19
-19
-11
-11
-21
-21
-83
-83
-47
-47
-21
-21
-7
-7
-35
-35
3
3
-9
-9
-27
-27
-45
-45
-7
-7
-1
-1
1
1
1
1
19
19
-19
-19
19
19
-13
-13
-3
-3
-13
-13
-17
-17
69
69
75
75
91
91
85
85
73
73
91
91
75
75
93
93
135
135
89
89
195
195
141
141
113
113
57
57
87
87
71
71
69
69
103
103
59
59
67
67
107
107
87
87
3
3
1
1
7
7
225
225
115
115
125
125
85
85
37
37
73
73
65
65
167
167
149
149
99
99
187
187
163
163
55
55
49
49
85
85
73
73
53
53
85
85
29
29
85
85
47
47
55
55
57
57
57
57
27
27
75
75
49
49
89
89
79
79
77
77
31
31
127
127
57
57
73
73
75
75
39
39
45
45
37
37
-11
-11
79
79
29
29
37
37
257
257
329
329
167
167
203
203
161
161
133
133
119
119
105
105
73
73
301
301
191
191
203
203
237
237
285
285
249
249
131
131
73
73
93
93
59
59
77
77
85
85
79
79
95
95
75
75
145
145
99
99
77
77
65
65
81
81
119
119
65
65
111
111
127
127
85
85
83
83
65
65
81
81
85
85
213
213
397
397
269
269
287
287
337
337
315
315
273
273
279
279
131
131
121
121
297
297
195
195
279
279
71
71
51
51
63
63
53
53
83
83
79
79
55
55
81
81
65
65
275
275
233
233
263
263
175
175
147
147
283
283
261
261
217
217
217
217
153
153
181
181
205
205
199
199
169
169
109
109
135
135
163
163
271
271
189
189
243
243
191
191
315
315
223
223
213
213
307
307
165
165
289
289
299
299
257
257
265
265
307
307
267
267
161
161
165
165
83
83
159
159
151
151
237
237
163
163
101
101
167
167
153
153
195
195
235
235
143
143
97
97
127
127
61
61
269
269
153
153
371
371
259
259
287
287
307
307
293
293
285
285
267
267
145
145
163
163
227
227
123
123
151
151
245
245
95
95
61
61
79
79
123
123
27
27
77
77
151
151
207
207
211
211
207
207
233
233
327
327
287
287
301
301
285
285
181
181
291
291
77
77
143
143
245
245
209
209
113
113
151
151
227
227
137
137
161
161
207
207
179
179
193
193
203
203
155
155
267
267
157
157
227
227
165
165
191
191
179
179
119
119
283
283
169
169
167
167
189
189
279
279
211
211
127
127
293
293
157
157
325
325
233
233
109
109
137
137
117
117
151
151
255
255
159
159
127
127
183
183
175
175
173
173
225
225
221
221
121
121
191
191
73
73
153
153
57
57
231
231
237
237
125
125
95
95
163
163
113
113
209
209
113
113
73
73
185
185
227
227
283
283
277
277
329
329
247
247
273
273
201
201
155
155
133
133
79
79
139
139
315
315
161
161
239
239
217
217
221
221
175
175
157
157
217
217
127
127
129
129
155
155
207
207
257
257
199
199
287
287
177
177
201
201
181
181
161
161
217
217
257
257
177
177
225
225
317
317
207
207
253
253
157
157
241
241
229
229
237
237
115
115
117
117
83
83
49
49
75
75
193
193
187
187
125
125
137
137
163
163
171
171
147
147
175
175
107
107
121
121
107
107
85
85
131
131
175
175
131
131
99
99
147
147
101
101
269
269
171
171
231
231
277
277
141
141
143
143
167
167
159
159
143
143
135
135
143
143
135
135
141
141
131
131
137
137
119
119
205
205
137
137
167
167
129
129
149
149
189
189
173
173
131
131
165
165
125
125
79
79
61
61
145
145
195
195
95
95
115
115
185
185
91
91
141
141
183
183
111
111
105
105
193
193
219
219
155
155
105
105
153
153
205
205
197
197
167
167
111
111
83
83
231
231
115
115
163
163
259
259
233
233
225
225
223
223
247
247
235
235
191
191
63
63
225
225
219
219
199
199
145
145
215
215
179
179
107
107
169
169
133
133
195
195
155
155
137
137
199
199
201
201
241
241
213
213
249
249
171
171
227
227
225
225
153
153
189
189
215
215
205
205
205
205
157
157
107
107
179
179
89
89
213
213
195
195
191
191
259
259
207
207
263
263
217
217
221
221
203
203
225
225
179
179
185
185
265
265
313
313
219
219
281
281
257
257
239
239
261
261
193
193
197
197
75
75
251
251
155
155
109
109
97
97
89
89
85
85
63
63
91
91
213
213
271
271
269
269
295
295
217
217
181
181
199
199
233
233
277
277
137
137
87
87
259
259
177
177
73
73
95
95
233
233
239
239
175
175
217
217
57
57
245
245
275
275
85
85
157
157
81
81
83
83
115
115
69
69
85
85
149
149
93
93
249
249
165
165
125
125
161
161
217
217
159
159
75
75
129
129
69
69
115
115
115
115
105
105
57
57
43
43
53
53
109
109
103
103
121
121
69
69
119
119
107
107
275
275
209
209
173
173
277
277
189
189
311
311
267
267
155
155
225
225
179
179
97
97
49
49
57
57
107
107
205
205
57
57
149
149
229
229
121
121
145
145
231
231
219
219
77
77
39
39
121
121
241
241
285
285
125
125
267
267
97
97
95
95
237
237
225
225
101
101
91
91
261
261
201
201
115
115
243
243
243
243
243
243
261
261
75
75
133
133
85
85
83
83
159
159
115
115
203
203
265
265
101
101
117
117
253
253
225
225
249
249
117
117
83
83
137
137
241
241
101
101
267
267
93
93
269
269
253
253
127
127
155
155
75
75
53
53
163
163
153
153
157
157
113
113
131
131
311
311
131
131
135
135
253
253
295
295
161
161
275
275
41
41
163
163
257
257
57
57
79
79
133
133
135
135
101
101
95
95
63
63
231
231
229
229
171
171
145
145
115
115
111
111
283
283
313
313
69
69
59
59
95
95
81
81
73
73
63
63
87
87
219
219
231
231
327
327
203
203
255
255
31
31
233
233
265
265
249
249
135
135
267
267
127
127
49
49
115
115
135
135
137
137
185
185
201
201
283
283
251
251
121
121
259
259
145
145
69
69
235
235
127
127
165
165
243
243
207
207
157
157
75
75
227
227
255
255
265
265
263
263
201
201
189
189
237
237
225
225
239
239
191
191
145
145
197
197
215
215
261
261
217
217
193
193
245
245
185
185
237
237
193
193
139
139
129
129
115
115
115
115
169
169
157
157
177
177
137
137
153
153
195
195
103
103
161
161
123
123
143
143
145
145
159
159
203
203
103
103
179
179
211
211
143
143
157
157
237
237
179
179
127
127
205
205
211
211
169
169
127
127
159
159
175
175
157
157
227
227
197
197
207
207
241
241
181
181
181
181
97
97
241
241
253
253
249
249
197
197
297
297
247
247
39
39
297
297
131
131
253
253
279
279
203
203
189
189
183
183
279
279
207
207
179
179
283
283
135
135
259
259
247
247
107
107
117
117
235
235
87
87
103
103
199
199
137
137
207
207
195
195
257
257
245
245
323
323
269
269
305
305
235
235
195
195
137
137
199
199
277
277
195
195
221
221
241
241
145
145
169
169
239
239
207
207
239
239
177
177
257
257
213
213
331
331
205
205
111
111
197
197
307
307
305
305
147
147
163
163
231
231
115
115
233
233
87
87
69
69
209
209
173
173
89
89
141
141
227
227
199
199
271
271
63
63
199
199
165
165
77
77
231
231
229
229
223
223
229
229
203
203
293
293
145
145
169
169
151
151
197
197
209
209
75
75
107
107
155
155
171
171
287
287
257
257
213
213
243
243
211
211
213
213
257
257
233
233
225
225
303
303
105
105
185
185
239
239
217
217
285
285
223
223
179
179
173
173
353
353
127
127
273
273
261
261
311
311
251
251
203
203
299
299
283
283
179
179
315
315
273
273
211
211
189
189
253
253
293
293
283
283
143
143
191
191
269
269
271
271
189
189
271
271
245
245
235
235
225
225
151
151
219
219
207
207
293
293
185
185
341
341
277
277
227
227
251
251
295
295
295
295
275
275
217
217
247
247
195
195
199
199
205
205
251
251
207
207
265
265
287
287
83
83
341
341
207
207
273
273
185
185
355
355
235
235
275
275
261
261
221
221
197
197
223
223
223
223
179
179
223
223
277
277
175
175
313
313
207
207
299
299
251
251
81
81
231
231
199
199
253
253
337
337
233
233
163
163
259
259
329
329
285
285
125
125
215
215
187
187
241
241
195
195
205
205
277
277
79
79
249
249
69
69
275
275
63
63
241
241
257
257
233
233
269
269
203
203
85
85
89
89
231
231
201
201
221
221
247
247
301
301
293
293
253
253
205
205
205
205
271
271
211
211
253
253
311
311
177
177
267
267
223
223
225
225
97
97
85
85
265
265
199
199
307
307
213
213
245
245
269
269
245
245
269
269
221
221
89
89
145
145
285
285
87
87
105
105
93
93
89
89
269
269
237
237
205
205
257
257
233
233
213
213
265
265
151
151
207
207
235
235
185
185
267
267
323
323
243
243
161
161
253
253
189
189
279
279
123
123
269
269
237
237
157
157
275
275
207
207
231
231
217
217
147
147
233
233
219
219
363
363
219
219
207
207
249
249
191
191
249
249
215
215
159
159
183
183
249
249
167
167
185
185
95
95
215
215
227
227
255
255
229
229
163
163
255
255
203
203
173
173
187
187
237
237
249
249
221
221
249
249
187
187
199
199
109
109
219
219
237
237
245
245
299
299
221
221
147
147
285
285
203
203
293
293
153
153
147
147
247
247
127
127
265
265
199
199
233
233
143
143
149
149
261
261
191
191
137
137
219
219
177
177
133
133
235
235
273
273
185
185
335
335
185
185
355
355
259
259
223
223
169
169
239
239
185
185
183
183
197
197
61
61
165
165
135
135
131
131
197
197
213
213
173
173
177
177
181
181
215
215
213
213
201
201
209
209
169
169
177
177
189
189
173
173
175
175
191
191
185
185
119
119
203
203
199
199
181
181
193
193
189
189
189
189
197
197
173
173
203
203
217
217
185
185
211
211
115
115
171
171
275
275
209
209
223
223
129
129
201
201
231
231
213
213
199
199
255
255
207
207
235
235
187
187
165
165
159
159
181
181
163
163
171
171
217
217
151
151
83
83
125
125
319
319
171
171
275
275
147
147
277
277
195
195
173
173
225
225
187
187
225
225
155
155
207
207
153
153
151
151
177
177
203
203
181
181
199
199
191
191
93
93
67
67
293
293
211
211
225
225
253
253
173
173
251
251
257
257
189
189
175
175
247
247
103
103
191
191
229
229
229
229
171
171
159
159
195
195
209
209
225
225
235
235
235
235
177
177
159
159
285
285
217
217
205
205
143
143
233
233
239
239
139
139
273
273
307
307
207
207
237
237
237
237
243
243
203
203
227
227
243
243
83
83
233
233
245
245
121
121
145
145
221
221
283
283
263
263
195
195
275
275
229
229
203
203
149
149
169
169
195
195
229
229
163
163
255
255
161
161
195
195
209
209
177
177
225
225
213
213
249
249
209
209
209
209
191
191
219
219
247
247
219
219
231
231
193
193
203
203
169
169
211
211
195
195
195
195
151
151
163
163
197
197
239
239
207
207
249
249
209
209
241
241
205
205
233
233
171
171
223
223
175
175
209
209
183
183
197
197
211
211
201
201
189
189
239
239
185
185
207
207
179
179
219
219
215
215
227
227
199
199
191
191
175
175
221
221
229
229
185
185
175
175
165
165
197
197
179
179
173
173
203
203
147
147
201
201
175
175
197
197
281
281
193
193
153
153
183
183
169
169
269
269
179
179
225
225
229
229
233
233
169
169
177
177
143
143
155
155
159
159
129
129
155
155
185
185
203
203
159
159
287
287
293
293
83
83
109
109
147
147
225
225
173
173
99
99
55
55
189
189
205
205
219
219
87
87
219
219
77
77
203
203
209
209
175
175
207
207
203
203
203
203
