-11
-11
45
45
-43
-43
-37
-37
-27
-27
-65
-65
-53
-53
-61
-61
-59
-59
-19
-19
-47
-47
-11
-11
-61
-61
-33
-33
-21
-21
-13
-13
117
117
89
89
93
93
169
169
131
131
15
15
129
129
205
205
161
161
113
113
149
149
177
177
119
119
-31
-31
109
109
127
127
123
123
85
85
75
75
125
125
121
121
221
221
197
197
229
229
135
135
155
155
309
309
121
121
95
95
119
119
97
97
137
137
89
89
-1
-1
141
141
29
29
45
45
-35
-35
-59
-59
-15
-15
-35
-35
-11
-11
141
141
15
15
-5
-5
-3
-3
-3
-3
59
59
21
21
-1
-1
-67
-67
-31
-31
-27
-27
-59
-59
-51
-51
-73
-73
-75
-75
-49
-49
-65
-65
-77
-77
-71
-71
-59
-59
-37
-37
-71
-71
-71
-71
-49
-49
-63
-63
-45
-45
-73
-73
45
45
85
85
81
81
83
83
61
61
161
161
55
55
-19
-19
45
45
55
55
57
57
169
169
207
207
257
257
99
99
279
279
313
313
301
301
41
41
101
101
59
59
151
151
77
77
137
137
119
119
149
149
113
113
25
25
141
141
53
53
133
133
73
73
113
113
69
69
69
69
67
67
199
199
63
63
3
3
89
89
109
109
105
105
91
91
73
73
199
199
83
83
71
71
169
169
53
53
53
53
89
89
31
31
53
53
79
79
97
97
143
143
129
129
163
163
205
205
211
211
107
107
193
193
61
61
175
175
205
205
55
55
183
183
27
27
51
51
149
149
137
137
173
173
83
83
145
145
115
115
195
195
53
53
141
141
275
275
147
147
285
285
285
285
305
305
283
283
129
129
273
273
257
257
261
261
57
57
67
67
323
323
299
299
345
345
105
105
167
167
67
67
-15
-15
167
167
283
283
73
73
139
139
-67
-67
195
195
119
119
179
179
263
263
351
351
161
161
13
13
241
241
91
91
91
91
213
213
371
371
305
305
335
335
253
253
109
109
263
263
21
21
299
299
335
335
501
501
271
271
131
131
63
63
103
103
325
325
201
201
299
299
97
97
111
111
165
165
163
163
189
189
241
241
131
131
201
201
217
217
173
173
145
145
111
111
61
61
101
101
139
139
101
101
245
245
127
127
119
119
65
65
67
67
45
45
85
85
289
289
423
423
277
277
163
163
115
115
35
35
89
89
95
95
87
87
47
47
73
73
89
89
207
207
55
55
117
117
85
85
101
101
125
125
69
69
237
237
59
59
275
275
97
97
77
77
155
155
289
289
185
185
51
51
155
155
347
347
183
183
41
41
81
81
359
359
263
263
291
291
235
235
111
111
91
91
225
225
103
103
71
71
149
149
227
227
203
203
193
193
401
401
525
525
121
121
333
333
237
237
85
85
151
151
305
305
307
307
203
203
175
175
79
79
137
137
197
197
309
309
203
203
243
243
145
145
287
287
113
113
231
231
159
159
215
215
221
221
193
193
203
203
101
101
187
187
187
187
185
185
183
183
205
205
193
193
159
159
213
213
247
247
225
225
205
205
167
167
175
175
195
195
221
221
71
71
227
227
203
203
69
69
73
73
121
121
89
89
95
95
65
65
125
125
125
125
115
115
225
225
289
289
279
279
165
165
127
127
309
309
251
251
101
101
43
43
95
95
211
211
107
107
51
51
205
205
111
111
103
103
117
117
111
111
81
81
47
47
57
57
87
87
39
39
53
53
217
217
293
293
229
229
225
225
167
167
323
323
249
249
205
205
101
101
303
303
227
227
153
153
207
207
217
217
205
205
153
153
207
207
227
227
235
235
77
77
179
179
167
167
89
89
291
291
217
217
71
71
289
289
223
223
197
197
175
175
335
335
203
203
273
273
291
291
257
257
229
229
163
163
265
265
215
215
267
267
223
223
251
251
271
271
283
283
25
25
185
185
137
137
149
149
85
85
83
83
21
21
71
71
247
247
59
59
275
275
55
55
117
117
323
323
295
295
225
225
127
127
245
245
247
247
279
279
299
299
153
153
231
231
215
215
201
201
163
163
137
137
97
97
143
143
253
253
117
117
49
49
155
155
281
281
137
137
215
215
87
87
125
125
125
125
347
347
355
355
211
211
273
273
325
325
351
351
297
297
221
221
263
263
187
187
407
407
307
307
229
229
123
123
63
63
165
165
173
173
273
273
215
215
131
131
251
251
109
109
253
253
291
291
209
209
173
173
239
239
83
83
53
53
101
101
89
89
75
75
49
49
51
51
179
179
207
207
-69
-69
37
37
129
129
165
165
95
95
37
37
139
139
95
95
83
83
51
51
69
69
263
263
245
245
95
95
69
69
99
99
37
37
71
71
41
41
45
45
77
77
129
129
345
345
197
197
235
235
265
265
239
239
351
351
201
201
221
221
315
315
85
85
197
197
157
157
241
241
321
321
293
293
75
75
221
221
161
161
67
67
73
73
53
53
47
47
79
79
59
59
61
61
191
191
131
131
93
93
131
131
155
155
71
71
107
107
63
63
65
65
51
51
159
159
289
289
231
231
147
147
335
335
277
277
371
371
265
265
77
77
77
77
69
69
59
59
63
63
285
285
253
253
277
277
331
331
275
275
237
237
247
247
311
311
229
229
277
277
191
191
189
189
101
101
167
167
101
101
83
83
157
157
187
187
255
255
81
81
131
131
49
49
177
177
145
145
77
77
253
253
299
299
305
305
229
229
347
347
187
187
147
147
207
207
133
133
99
99
85
85
111
111
95
95
83
83
51
51
37
37
71
71
101
101
183
183
265
265
161
161
125
125
57
57
123
123
55
55
55
55
37
37
117
117
145
145
41
41
57
57
163
163
309
309
231
231
381
381
187
187
227
227
241
241
255
255
265
265
291
291
249
249
217
217
309
309
249
249
113
113
45
45
95
95
297
297
109
109
227
227
113
113
149
149
47
47
175
175
181
181
135
135
109
109
143
143
59
59
35
35
39
39
131
131
159
159
93
93
133
133
31
31
155
155
161
161
81
81
131
131
49
49
29
29
115
115
51
51
55
55
133
133
65
65
155
155
69
69
119
119
101
101
61
61
-33
-33
37
37
259
259
149
149
177
177
55
55
11
11
61
61
105
105
71
71
17
17
47
47
75
75
149
149
155
155
117
117
137
137
225
225
67
67
113
113
75
75
207
207
221
221
33
33
173
173
71
71
87
87
55
55
107
107
81
81
165
165
59
59
155
155
169
169
151
151
137
137
333
333
217
217
189
189
219
219
185
185
135
135
129
129
143
143
31
31
-29
-29
71
71
119
119
247
247
211
211
219
219
265
265
191
191
307
307
247
247
227
227
195
195
253
253
223
223
275
275
283
283
243
243
233
233
231
231
153
153
207
207
203
203
187
187
147
147
285
285
257
257
155
155
87
87
263
263
183
183
333
333
159
159
263
263
193
193
253
253
155
155
209
209
173
173
301
301
197
197
237
237
311
311
287
287
199
199
295
295
87
87
153
153
261
261
287
287
139
139
121
121
195
195
159
159
227
227
269
269
269
269
305
305
285
285
165
165
185
185
239
239
79
79
133
133
151
151
125
125
123
123
141
141
51
51
1
1
85
85
51
51
65
65
67
67
59
59
125
125
113
113
71
71
75
75
65
65
1
1
145
145
23
23
-27
-27
75
75
283
283
201
201
189
189
177
177
135
135
115
115
243
243
203
203
175
175
91
91
179
179
1
1
85
85
205
205
287
287
175
175
157
157
177
177
289
289
199
199
159
159
165
165
161
161
213
213
233
233
253
253
325
325
299
299
185
185
123
123
245
245
171
171
275
275
195
195
243
243
71
71
57
57
203
203
143
143
109
109
161
161
173
173
235
235
193
193
153
153
139
139
113
113
245
245
243
243
307
307
133
133
311
311
269
269
255
255
213
213
215
215
217
217
203
203
209
209
257
257
181
181
151
151
107
107
195
195
125
125
197
197
179
179
193
193
279
279
309
309
161
161
197
197
293
293
203
203
239
239
165
165
219
219
195
195
85
85
217
217
191
191
285
285
155
155
145
145
159
159
57
57
181
181
351
351
125
125
129
129
159
159
223
223
207
207
113
113
71
71
163
163
349
349
223
223
121
121
123
123
141
141
91
91
139
139
205
205
355
355
203
203
237
237
85
85
87
87
165
165
239
239
133
133
89
89
67
67
41
41
41
41
137
137
359
359
189
189
303
303
187
187
309
309
279
279
365
365
263
263
227
227
251
251
315
315
179
179
285
285
269
269
377
377
323
323
291
291
331
331
283
283
361
361
255
255
263
263
319
319
281
281
241
241
283
283
241
241
305
305
271
271
255
255
309
309
233
233
255
255
305
305
341
341
223
223
225
225
305
305
261
261
335
335
335
335
297
297
411
411
247
247
399
399
249
249
371
371
311
311
243
243
311
311
323
323
267
267
249
249
269
269
333
333
371
371
275
275
403
403
317
317
315
315
227
227
163
163
263
263
161
161
283
283
129
129
319
319
207
207
291
291
217
217
211
211
273
273
337
337
273
273
279
279
239
239
353
353
323
323
317
317
285
285
319
319
249
249
339
339
299
299
433
433
265
265
303
303
379
379
259
259
309
309
287
287
247
247
433
433
289
289
345
345
299
299
259
259
221
221
221
221
261
261
341
341
247
247
357
357
263
263
289
289
239
239
153
153
187
187
339
339
235
235
279
279
193
193
241
241
355
355
241
241
271
271
239
239
275
275
291
291
257
257
283
283
231
231
223
223
207
207
223
223
323
323
217
217
193
193
285
285
265
265
265
265
215
215
289
289
253
253
301
301
295
295
327
327
279
279
205
205
257
257
419
419
345
345
349
349
229
229
189
189
217
217
133
133
245
245
319
319
317
317
29
29
329
329
61
61
263
263
247
247
293
293
355
355
73
73
247
247
235
235
239
239
279
279
365
365
413
413
355
355
277
277
65
65
237
237
277
277
245
245
175
175
271
271
197
197
203
203
263
263
271
271
257
257
257
257
141
141
215
215
71
71
261
261
261
261
225
225
279
279
331
331
185
185
393
393
265
265
183
183
331
331
311
311
303
303
345
345
343
343
413
413
165
165
441
441
473
473
349
349
347
347
211
211
321
321
175
175
335
335
263
263
131
131
395
395
295
295
297
297
261
261
325
325
121
121
331
331
237
237
191
191
177
177
175
175
287
287
221
221
169
169
291
291
281
281
227
227
303
303
309
309
211
211
403
403
345
345
261
261
353
353
293
293
237
237
117
117
315
315
171
171
207
207
299
299
275
275
359
359
263
263
43
43
263
263
47
47
237
237
305
305
261
261
125
125
287
287
107
107
157
157
67
67
301
301
13
13
231
231
229
229
277
277
257
257
119
119
131
131
285
285
297
297
341
341
289
289
239
239
369
369
239
239
335
335
201
201
301
301
265
265
285
285
189
189
119
119
297
297
255
255
205
205
313
313
299
299
235
235
273
273
331
331
271
271
69
69
81
81
301
301
295
295
321
321
265
265
363
363
325
325
281
281
291
291
321
321
217
217
109
109
83
83
317
317
353
353
109
109
263
263
167
167
219
219
215
215
261
261
271
271
291
291
287
287
305
305
241
241
319
319
259
259
175
175
45
45
285
285
301
301
151
151
83
83
355
355
241
241
463
463
423
423
401
401
323
323
433
433
345
345
393
393
227
227
225
225
407
407
373
373
173
173
361
361
449
449
305
305
347
347
311
311
377
377
373
373
363
363
277
277
257
257
313
313
235
235
273
273
287
287
329
329
331
331
319
319
217
217
211
211
317
317
289
289
347
347
351
351
281
281
277
277
401
401
275
275
303
303
257
257
471
471
323
323
319
319
367
367
327
327
199
199
253
253
327
327
245
245
329
329
217
217
315
315
347
347
379
379
255
255
267
267
273
273
215
215
269
269
405
405
199
199
127
127
373
373
261
261
351
351
213
213
295
295
155
155
287
287
421
421
397
397
345
345
267
267
391
391
241
241
341
341
301
301
299
299
323
323
321
321
363
363
289
289
259
259
265
265
227
227
385
385
401
401
277
277
235
235
303
303
225
225
241
241
245
245
277
277
199
199
373
373
253
253
221
221
245
245
295
295
275
275
291
291
201
201
159
159
427
427
413
413
103
103
289
289
309
309
177
177
185
185
165
165
291
291
275
275
67
67
349
349
229
229
295
295
201
201
245
245
187
187
311
311
7
7
229
229
205
205
241
241
237
237
201
201
127
127
199
199
155
155
233
233
139
139
223
223
249
249
211
211
235
235
293
293
87
87
