3
3
35
35
-45
-45
-59
-59
-29
-29
-41
-41
-51
-51
-61
-61
-71
-71
-25
-25
-9
-9
-35
-35
49
49
91
91
119
119
233
233
47
47
35
35
-69
-69
-29
-29
-59
-59
3
3
31
31
1
1
-33
-33
27
27
-41
-41
5
5
-43
-43
-43
-43
15
15
-39
-39
-37
-37
-65
-65
-39
-39
17
17
-31
-31
-49
-49
-29
-29
69
69
75
75
-3
-3
9
9
-17
-17
79
79
-9
-9
39
39
113
113
111
111
57
57
117
117
37
37
95
95
85
85
89
89
9
9
121
121
73
73
95
95
43
43
71
71
87
87
1
1
75
75
51
51
147
147
97
97
-7
-7
121
121
59
59
33
33
223
223
83
83
123
123
25
25
121
121
255
255
75
75
55
55
-33
-33
67
67
-67
-67
91
91
5
5
-9
-9
17
17
-11
-11
-43
-43
-21
-21
145
145
131
131
171
171
125
125
179
179
59
59
35
35
223
223
95
95
55
55
111
111
63
63
209
209
219
219
79
79
77
77
137
137
89
89
89
89
241
241
159
159
205
205
87
87
253
253
121
121
-65
-65
-37
-37
-55
-55
-57
-57
103
103
-39
-39
-67
-67
-59
-59
155
155
99
99
81
81
81
81
155
155
105
105
89
89
171
171
59
59
131
131
233
233
251
251
83
83
89
89
217
217
71
71
101
101
45
45
85
85
53
53
69
69
-65
-65
-75
-75
43
43
-39
-39
-25
-25
-67
-67
65
65
-65
-65
-1
-1
-19
-19
71
71
47
47
-3
-3
25
25
43
43
83
83
53
53
255
255
119
119
113
113
99
99
105
105
139
139
115
115
129
129
-15
-15
-7
-7
45
45
-33
-33
-75
-75
-71
-71
73
73
-25
-25
-47
-47
-41
-41
85
85
11
11
75
75
63
63
139
139
219
219
305
305
155
155
79
79
69
69
161
161
147
147
107
107
117
117
103
103
5
5
79
79
79
79
99
99
83
83
99
99
181
181
211
211
315
315
151
151
59
59
97
97
259
259
127
127
107
107
235
235
89
89
57
57
119
119
69
69
31
31
159
159
89
89
179
179
257
257
79
79
179
179
263
263
55
55
145
145
131
131
199
199
55
55
155
155
181
181
133
133
203
203
117
117
63
63
101
101
-15
-15
99
99
85
85
79
79
227
227
135
135
129
129
147
147
161
161
179
179
241
241
145
145
77
77
19
19
77
77
249
249
133
133
21
21
83
83
123
123
143
143
109
109
169
169
247
247
155
155
159
159
61
61
85
85
71
71
183
183
77
77
75
75
201
201
167
167
71
71
149
149
87
87
173
173
125
125
1
1
53
53
83
83
45
45
93
93
183
183
263
263
119
119
105
105
141
141
215
215
145
145
261
261
75
75
131
131
73
73
53
53
-7
-7
13
13
17
17
-35
-35
109
109
165
165
207
207
111
111
129
129
245
245
109
109
253
253
227
227
139
139
195
195
125
125
19
19
7
7
1
1
143
143
103
103
55
55
41
41
147
147
137
137
159
159
67
67
211
211
83
83
277
277
149
149
251
251
201
201
157
157
253
253
103
103
351
351
157
157
199
199
115
115
91
91
131
131
239
239
177
177
203
203
197
197
113
113
239
239
147
147
153
153
47
47
167
167
163
163
147
147
199
199
175
175
115
115
-27
-27
59
59
95
95
159
159
253
253
279
279
91
91
215
215
65
65
149
149
293
293
261
261
253
253
129
129
63
63
247
247
225
225
231
231
97
97
185
185
147
147
217
217
195
195
187
187
47
47
171
171
115
115
139
139
129
129
133
133
137
137
151
151
191
191
97
97
55
55
101
101
71
71
107
107
55
55
103
103
59
59
59
59
73
73
85
85
105
105
91
91
29
29
87
87
47
47
167
167
203
203
163
163
193
193
249
249
207
207
47
47
-9
-9
133
133
223
223
299
299
195
195
281
281
253
253
189
189
181
181
311
311
185
185
233
233
81
81
131
131
393
393
249
249
225
225
115
115
201
201
181
181
165
165
381
381
205
205
203
203
201
201
87
87
61
61
67
67
131
131
143
143
171
171
75
75
117
117
91
91
101
101
101
101
205
205
171
171
333
333
155
155
157
157
241
241
227
227
153
153
173
173
297
297
311
311
253
253
79
79
379
379
183
183
293
293
111
111
189
189
85
85
147
147
107
107
85
85
169
169
115
115
225
225
27
27
145
145
139
139
225
225
223
223
281
281
117
117
201
201
265
265
201
201
175
175
161
161
125
125
187
187
167
167
243
243
109
109
89
89
185
185
183
183
151
151
33
33
49
49
145
145
171
171
157
157
177
177
43
43
119
119
207
207
135
135
211
211
105
105
215
215
119
119
181
181
327
327
119
119
57
57
307
307
181
181
83
83
231
231
167
167
145
145
161
161
193
193
127
127
207
207
119
119
213
213
61
61
77
77
323
323
131
131
289
289
319
319
69
69
211
211
185
185
155
155
267
267
291
291
255
255
263
263
275
275
127
127
117
117
75
75
115
115
199
199
67
67
231
231
63
63
69
69
185
185
43
43
163
163
261
261
103
103
113
113
191
191
57
57
99
99
121
121
189
189
223
223
15
15
175
175
221
221
255
255
219
219
145
145
219
219
177
177
259
259
277
277
19
19
227
227
151
151
223
223
151
151
209
209
123
123
127
127
149
149
181
181
283
283
225
225
273
273
145
145
89
89
263
263
59
59
245
245
183
183
285
285
243
243
269
269
339
339
299
299
267
267
135
135
149
149
317
317
365
365
137
137
89
89
135
135
123
123
157
157
115
115
139
139
175
175
175
175
207
207
153
153
179
179
197
197
19
19
185
185
83
83
177
177
153
153
151
151
97
97
151
151
93
93
-11
-11
143
143
219
219
21
21
37
37
147
147
233
233
267
267
67
67
187
187
217
217
143
143
171
171
341
341
191
191
207
207
143
143
291
291
95
95
307
307
253
253
249
249
113
113
-11
-11
59
59
27
27
127
127
89
89
57
57
131
131
59
59
55
55
249
249
217
217
217
217
353
353
213
213
237
237
247
247
257
257
107
107
189
189
61
61
133
133
101
101
147
147
229
229
185
185
189
189
87
87
155
155
89
89
57
57
21
21
117
117
77
77
155
155
231
231
231
231
259
259
145
145
109
109
137
137
183
183
149
149
241
241
129
129
179
179
193
193
167
167
189
189
107
107
189
189
179
179
207
207
257
257
313
313
219
219
199
199
185
185
265
265
155
155
125
125
179
179
177
177
139
139
221
221
107
107
75
75
165
165
53
53
131
131
111
111
125
125
253
253
157
157
331
331
319
319
119
119
203
203
87
87
197
197
205
205
241
241
163
163
91
91
73
73
151
151
171
171
73
73
151
151
129
129
109
109
151
151
139
139
213
213
257
257
233
233
231
231
235
235
163
163
147
147
219
219
111
111
297
297
213
213
219
219
289
289
203
203
103
103
225
225
141
141
217
217
231
231
209
209
297
297
109
109
169
169
235
235
107
107
153
153
195
195
211
211
253
253
277
277
237
237
199
199
253
253
307
307
53
53
233
233
259
259
291
291
189
189
177
177
123
123
167
167
125
125
145
145
179
179
187
187
255
255
161
161
157
157
157
157
167
167
99
99
43
43
141
141
159
159
179
179
149
149
167
167
155
155
161
161
217
217
115
115
191
191
173
173
195
195
141
141
195
195
85
85
111
111
81
81
127
127
115
115
207
207
133
133
105
105
197
197
143
143
163
163
171
171
145
145
125
125
205
205
241
241
337
337
161
161
167
167
119
119
201
201
133
133
91
91
139
139
95
95
175
175
179
179
205
205
135
135
83
83
167
167
139
139
141
141
249
249
111
111
153
153
135
135
149
149
133
133
91
91
95
95
77
77
99
99
113
113
45
45
51
51
97
97
159
159
133
133
147
147
87
87
157
157
289
289
265
265
121
121
259
259
197
197
227
227
265
265
171
171
333
333
211
211
241
241
157
157
245
245
205
205
245
245
205
205
155
155
217
217
161
161
195
195
237
237
203
203
331
331
277
277
365
365
303
303
263
263
279
279
219
219
305
305
357
357
235
235
197
197
239
239
235
235
189
189
241
241
299
299
237
237
239
239
133
133
219
219
83
83
205
205
299
299
221
221
25
25
73
73
213
213
249
249
115
115
133
133
215
215
183
183
185
185
221
221
181
181
225
225
187
187
259
259
203
203
157
157
251
251
247
247
195
195
211
211
249
249
175
175
145
145
215
215
215
215
99
99
181
181
133
133
159
159
137
137
151
151
141
141
59
59
123
123
231
231
271
271
293
293
133
133
167
167
161
161
261
261
207
207
81
81
197
197
95
95
159
159
49
49
77
77
67
67
83
83
55
55
173
173
109
109
73
73
127
127
17
17
93
93
79
79
75
75
269
269
321
321
383
383
197
197
291
291
325
325
283
283
217
217
69
69
255
255
193
193
143
143
203
203
75
75
125
125
31
31
201
201
85
85
87
87
197
197
183
183
185
185
89
89
97
97
107
107
247
247
269
269
269
269
113
113
223
223
261
261
203
203
245
245
213
213
173
173
63
63
115
115
185
185
163
163
117
117
127
127
245
245
163
163
263
263
203
203
85
85
221
221
35
35
153
153
159
159
233
233
155
155
127
127
127
127
63
63
189
189
207
207
103
103
53
53
115
115
179
179
105
105
153
153
193
193
103
103
153
153
97
97
155
155
111
111
297
297
269
269
325
325
279
279
267
267
305
305
149
149
249
249
261
261
175
175
203
203
223
223
215
215
173
173
151
151
289
289
317
317
157
157
157
157
269
269
163
163
197
197
261
261
373
373
163
163
157
157
95
95
223
223
143
143
159
159
163
163
171
171
287
287
219
219
269
269
291
291
223
223
251
251
169
169
125
125
269
269
213
213
327
327
273
273
203
203
269
269
203
203
235
235
273
273
175
175
127
127
75
75
107
107
121
121
119
119
119
119
151
151
51
51
79
79
71
71
97
97
199
199
141
141
129
129
261
261
147
147
181
181
199
199
235
235
201
201
325
325
241
241
269
269
209
209
111
111
249
249
213
213
89
89
71
71
137
137
185
185
313
313
279
279
163
163
145
145
79
79
193
193
237
237
195
195
89
89
141
141
219
219
227
227
291
291
205
205
245
245
217
217
303
303
223
223
185
185
241
241
129
129
115
115
119
119
171
171
181
181
283
283
219
219
161
161
161
161
233
233
231
231
199
199
219
219
211
211
205
205
153
153
211
211
217
217
199
199
227
227
249
249
185
185
253
253
297
297
163
163
161
161
183
183
187
187
247
247
207
207
143
143
209
209
135
135
271
271
211
211
145
145
297
297
161
161
243
243
201
201
201
201
199
199
167
167
213
213
195
195
175
175
295
295
197
197
267
267
179
179
227
227
183
183
175
175
175
175
255
255
279
279
183
183
201
201
291
291
241
241
217
217
263
263
161
161
133
133
169
169
209
209
195
195
291
291
223
223
163
163
239
239
261
261
191
191
267
267
203
203
311
311
93
93
43
43
41
41
89
89
79
79
61
61
229
229
201
201
219
219
71
71
199
199
107
107
137
137
125
125
165
165
91
91
211
211
61
61
141
141
97
97
253
253
169
169
139
139
217
217
193
193
219
219
89
89
147
147
65
65
181
181
159
159
159
159
143
143
201
201
73
73
199
199
135
135
113
113
155
155
129
129
175
175
221
221
163
163
159
159
243
243
197
197
189
189
145
145
297
297
207
207
197
197
177
177
157
157
247
247
165
165
179
179
237
237
177
177
245
245
215
215
273
273
287
287
221
221
195
195
229
229
215
215
229
229
159
159
237
237
97
97
231
231
233
233
229
229
217
217
217
217
347
347
181
181
179
179
197
197
209
209
187
187
225
225
255
255
265
265
219
219
267
267
231
231
249
249
233
233
223
223
229
229
233
233
123
123
273
273
251
251
227
227
95
95
205
205
271
271
225
225
181
181
269
269
269
269
207
207
201
201
205
205
217
217
275
275
151
151
161
161
249
249
135
135
219
219
273
273
259
259
335
335
221
221
233
233
201
201
217
217
245
245
135
135
235
235
207
207
221
221
245
245
173
173
153
153
197
197
251
251
85
85
249
249
101
101
239
239
209
209
187
187
249
249
127
127
121
121
173
173
259
259
141
141
169
169
125
125
189
189
165
165
211
211
179
179
147
147
177
177
103
103
133
133
197
197
119
119
161
161
43
43
139
139
111
111
135
135
119
119
169
169
115
115
155
155
163
163
173
173
109
109
99
99
159
159
177
177
167
167
173
173
151
151
209
209
163
163
133
133
159
159
157
157
131
131
175
175
189
189
127
127
127
127
167
167
161
161
159
159
177
177
159
159
157
157
119
119
131
131
83
83
115
115
165
165
127
127
151
151
155
155
97
97
157
157
139
139
181
181
135
135
111
111
165
165
153
153
205
205
185
185
123
123
137
137
73
73
161
161
189
189
161
161
231
231
123
123
149
149
145
145
95
95
183
183
245
245
177
177
155
155
65
65
111
111
151
151
131
131
185
185
73
73
85
85
167
167
49
49
91
91
223
223
179
179
109
109
145
145
161
161
209
209
175
175
69
69
187
187
255
255
187
187
161
161
153
153
143
143
167
167
181
181
159
159
127
127
193
193
183
183
157
157
195
195
185
185
131
131
199
199
235
235
219
219
219
219
219
219
193
193
181
181
215
215
147
147
201
201
183
183
157
157
143
143
157
157
173
173
187
187
123
123
165
165
183
183
123
123
177
177
139
139
163
163
115
115
105
105
143
143
125
125
155
155
97
97
173
173
119
119
93
93
163
163
133
133
209
209
157
157
219
219
241
241
85
85
157
157
223
223
123
123
185
185
179
179
183
183
229
229
199
199
299
299
97
97
239
239
231
231
187
187
145
145
135
135
185
185
203
203
141
141
139
139
199
199
195
195
143
143
159
159
199
199
111
111
169
169
221
221
207
207
135
135
155
155
207
207
185
185
157
157
153
153
203
203
197
197
227
227
217
217
205
205
115
115
205
205
171
171
207
207
199
199
147
147
209
209
103
103
139
139
189
189
221
221
251
251
157
157
243
243
217
217
197
197
177
177
173
173
179
179
235
235
189
189
