-17
-17
-5
-5
-7
-7
-49
-49
-41
-41
-35
-35
-15
-15
5
5
39
39
41
41
9
9
-15
-15
1
1
119
119
91
91
105
105
125
125
49
49
13
13
199
199
79
79
103
103
115
115
253
253
51
51
145
145
3
3
79
79
73
73
-45
-45
-61
-61
-13
-13
-69
-69
-27
-27
-73
-73
-53
-53
1
1
-21
-21
-31
-31
15
15
-3
-3
105
105
111
111
55
55
61
61
31
31
107
107
173
173
295
295
131
131
155
155
111
111
83
83
81
81
-23
-23
15
15
-69
-69
-51
-51
-65
-65
-57
-57
89
89
101
101
-47
-47
117
117
-63
-63
-57
-57
-25
-25
63
63
-25
-25
115
115
99
99
145
145
-25
-25
53
53
75
75
107
107
127
127
61
61
-67
-67
-71
-71
-63
-63
-73
-73
67
67
-75
-75
-23
-23
-57
-57
-73
-73
-39
-39
-75
-75
-51
-51
45
45
71
71
125
125
89
89
67
67
-39
-39
-59
-59
79
79
113
113
145
145
193
193
307
307
87
87
83
83
95
95
67
67
167
167
109
109
67
67
1
1
45
45
189
189
229
229
103
103
41
41
-59
-59
21
21
7
7
101
101
93
93
93
93
81
81
121
121
7
7
75
75
115
115
187
187
101
101
91
91
-19
-19
-45
-45
-3
-3
-19
-19
-1
-1
-33
-33
-31
-31
75
75
65
65
101
101
89
89
95
95
97
97
109
109
55
55
115
115
65
65
127
127
379
379
239
239
205
205
151
151
183
183
35
35
157
157
103
103
129
129
113
113
133
133
113
113
45
45
-21
-21
41
41
125
125
69
69
103
103
91
91
27
27
57
57
161
161
345
345
127
127
197
197
119
119
377
377
343
343
247
247
87
87
61
61
-43
-43
35
35
221
221
51
51
25
25
91
91
285
285
195
195
227
227
169
169
351
351
315
315
245
245
95
95
193
193
129
129
143
143
191
191
165
165
59
59
71
71
75
75
193
193
349
349
169
169
143
143
247
247
189
189
283
283
275
275
181
181
197
197
243
243
149
149
335
335
219
219
227
227
173
173
91
91
133
133
117
117
29
29
123
123
219
219
143
143
143
143
187
187
113
113
283
283
201
201
157
157
125
125
203
203
177
177
319
319
255
255
235
235
267
267
255
255
283
283
181
181
349
349
225
225
151
151
31
31
57
57
31
31
111
111
93
93
109
109
87
87
163
163
159
159
313
313
259
259
309
309
289
289
257
257
117
117
207
207
319
319
241
241
197
197
189
189
259
259
241
241
127
127
169
169
205
205
235
235
189
189
57
57
49
49
113
113
63
63
41
41
59
59
11
11
73
73
99
99
89
89
275
275
185
185
123
123
221
221
207
207
67
67
77
77
129
129
99
99
105
105
279
279
211
211
179
179
85
85
187
187
13
13
189
189
221
221
255
255
273
273
339
339
197
197
103
103
205
205
293
293
169
169
147
147
61
61
123
123
145
145
167
167
197
197
165
165
291
291
109
109
65
65
215
215
193
193
261
261
215
215
223
223
281
281
161
161
253
253
227
227
287
287
377
377
-77
-77
219
219
135
135
129
129
45
45
119
119
79
79
233
233
221
221
55
55
75
75
77
77
243
243
185
185
119
119
187
187
247
247
313
313
251
251
277
277
239
239
291
291
323
323
207
207
103
103
143
143
83
83
83
83
301
301
81
81
87
87
35
35
59
59
253
253
93
93
195
195
101
101
149
149
163
163
199
199
113
113
87
87
43
43
51
51
191
191
85
85
267
267
295
295
185
185
323
323
135
135
301
301
205
205
141
141
247
247
201
201
277
277
235
235
197
197
159
159
73
73
111
111
205
205
129
129
55
55
209
209
207
207
113
113
165
165
69
69
115
115
163
163
187
187
117
117
269
269
249
249
177
177
135
135
41
41
63
63
165
165
223
223
115
115
169
169
-33
-33
127
127
113
113
97
97
151
151
41
41
69
69
111
111
189
189
139
139
113
113
243
243
231
231
171
171
299
299
239
239
251
251
117
117
35
35
179
179
253
253
179
179
227
227
209
209
223
223
333
333
253
253
133
133
161
161
37
37
221
221
105
105
69
69
101
101
131
131
55
55
253
253
251
251
157
157
171
171
237
237
169
169
145
145
177
177
125
125
171
171
191
191
87
87
111
111
113
113
239
239
211
211
207
207
117
117
123
123
91
91
225
225
87
87
217
217
197
197
211
211
195
195
69
69
53
53
125
125
107
107
59
59
203
203
253
253
175
175
45
45
229
229
141
141
131
131
187
187
227
227
151
151
75
75
167
167
121
121
211
211
135
135
195
195
221
221
215
215
125
125
137
137
243
243
193
193
339
339
197
197
195
195
177
177
267
267
115
115
149
149
291
291
303
303
421
421
155
155
179
179
177
177
293
293
209
209
257
257
235
235
317
317
165
165
37
37
173
173
237
237
251
251
227
227
241
241
265
265
195
195
231
231
223
223
193
193
309
309
239
239
245
245
99
99
243
243
197
197
255
255
265
265
215
215
247
247
197
197
91
91
219
219
223
223
217
217
265
265
261
261
295
295
309
309
279
279
261
261
293
293
207
207
317
317
165
165
151
151
179
179
317
317
213
213
219
219
263
263
203
203
87
87
261
261
169
169
143
143
273
273
279
279
237
237
85
85
57
57
85
85
67
67
93
93
283
283
253
253
195
195
183
183
145
145
223
223
199
199
243
243
281
281
279
279
149
149
165
165
185
185
183
183
149
149
301
301
373
373
231
231
229
229
215
215
167
167
117
117
73
73
321
321
191
191
201
201
317
317
291
291
137
137
235
235
89
89
227
227
173
173
125
125
247
247
237
237
185
185
301
301
227
227
113
113
117
117
81
81
177
177
215
215
223
223
117
117
9
9
133
133
365
365
251
251
287
287
229
229
199
199
183
183
147
147
175
175
123
123
181
181
221
221
185
185
87
87
329
329
133
133
153
153
87
87
207
207
173
173
181
181
241
241
221
221
259
259
187
187
285
285
203
203
153
153
207
207
237
237
233
233
109
109
187
187
89
89
139
139
107
107
251
251
219
219
229
229
119
119
145
145
201
201
189
189
89
89
1
1
157
157
231
231
173
173
185
185
411
411
307
307
213
213
173
173
153
153
269
269
179
179
129
129
131
131
151
151
219
219
163
163
167
167
209
209
209
209
167
167
119
119
205
205
99
99
179
179
197
197
109
109
125
125
157
157
199
199
249
249
139
139
203
203
7
7
199
199
179
179
191
191
343
343
169
169
109
109
241
241
59
59
137
137
249
249
199
199
173
173
269
269
73
73
45
45
111
111
145
145
139
139
71
71
157
157
135
135
53
53
-1
-1
177
177
115
115
101
101
157
157
167
167
81
81
23
23
173
173
201
201
75
75
131
131
223
223
227
227
187
187
217
217
197
197
135
135
199
199
221
221
155
155
285
285
213
213
235
235
227
227
139
139
163
163
103
103
115
115
93
93
171
171
125
125
103
103
109
109
91
91
131
131
109
109
19
19
-15
-15
-15
-15
19
19
187
187
211
211
221
221
267
267
179
179
283
283
193
193
181
181
229
229
167
167
191
191
275
275
245
245
195
195
183
183
237
237
117
117
163
163
197
197
271
271
205
205
169
169
309
309
195
195
195
195
205
205
217
217
227
227
241
241
285
285
227
227
283
283
195
195
247
247
303
303
237
237
285
285
269
269
273
273
155
155
171
171
189
189
213
213
177
177
205
205
209
209
329
329
207
207
189
189
283
283
191
191
263
263
175
175
245
245
213
213
221
221
211
211
165
165
223
223
103
103
171
171
241
241
183
183
267
267
217
217
215
215
181
181
317
317
155
155
219
219
183
183
293
293
169
169
79
79
209
209
333
333
161
161
229
229
201
201
251
251
247
247
185
185
313
313
227
227
255
255
255
255
203
203
71
71
237
237
81
81
251
251
151
151
161
161
197
197
349
349
325
325
293
293
69
69
59
59
275
275
119
119
91
91
169
169
77
77
57
57
169
169
69
69
169
169
253
253
189
189
97
97
279
279
289
289
259
259
135
135
269
269
129
129
145
145
215
215
247
247
275
275
155
155
217
217
105
105
201
201
247
247
251
251
235
235
243
243
79
79
221
221
269
269
145
145
281
281
183
183
123
123
269
269
187
187
199
199
167
167
247
247
275
275
213
213
197
197
245
245
279
279
321
321
203
203
177
177
193
193
217
217
113
113
243
243
111
111
107
107
175
175
255
255
181
181
63
63
225
225
277
277
293
293
127
127
99
99
77
77
237
237
325
325
231
231
181
181
143
143
175
175
211
211
211
211
159
159
237
237
269
269
221
221
121
121
169
169
165
165
259
259
227
227
243
243
159
159
213
213
311
311
113
113
271
271
221
221
221
221
297
297
171
171
89
89
161
161
135
135
135
135
117
117
45
45
165
165
147
147
41
41
135
135
135
135
183
183
141
141
313
313
317
317
197
197
241
241
277
277
245
245
259
259
135
135
283
283
169
169
287
287
191
191
207
207
233
233
275
275
149
149
219
219
217
217
283
283
141
141
199
199
197
197
265
265
257
257
59
59
219
219
207
207
151
151
45
45
241
241
51
51
227
227
153
153
65
65
117
117
197
197
285
285
223
223
255
255
275
275
211
211
69
69
225
225
209
209
241
241
219
219
257
257
243
243
191
191
313
313
229
229
195
195
207
207
229
229
195
195
255
255
293
293
235
235
297
297
283
283
237
237
247
247
205
205
263
263
261
261
233
233
219
219
293
293
269
269
215
215
217
217
211
211
217
217
195
195
119
119
65
65
287
287
343
343
257
257
233
233
331
331
385
385
397
397
139
139
101
101
253
253
169
169
209
209
183
183
165
165
279
279
189
189
369
369
373
373
107
107
201
201
97
97
157
157
219
219
203
203
315
315
41
41
39
39
41
41
19
19
3
3
331
331
203
203
231
231
233
233
227
227
137
137
59
59
45
45
63
63
193
193
281
281
45
45
99
99
211
211
35
35
229
229
239
239
275
275
153
153
175
175
183
183
281
281
77
77
47
47
185
185
269
269
205
205
189
189
75
75
173
173
151
151
195
195
293
293
107
107
85
85
251
251
251
251
195
195
199
199
81
81
89
89
123
123
141
141
77
77
199
199
167
167
145
145
113
113
3
3
181
181
271
271
177
177
255
255
241
241
245
245
251
251
169
169
225
225
141
141
77
77
273
273
85
85
285
285
65
65
91
91
285
285
289
289
127
127
167
167
181
181
301
301
237
237
259
259
233
233
221
221
213
213
115
115
233
233
271
271
293
293
285
285
181
181
147
147
59
59
221
221
197
197
147
147
287
287
349
349
115
115
363
363
251
251
121
121
115
115
153
153
241
241
185
185
109
109
105
105
151
151
207
207
285
285
287
287
179
179
25
25
53
53
227
227
235
235
253
253
283
283
255
255
163
163
163
163
79
79
115
115
275
275
339
339
229
229
263
263
285
285
135
135
305
305
205
205
131
131
291
291
147
147
257
257
107
107
135
135
239
239
145
145
293
293
221
221
279
279
325
325
213
213
127
127
85
85
159
159
135
135
253
253
277
277
141
141
275
275
145
145
217
217
81
81
175
175
161
161
253
253
311
311
147
147
195
195
61
61
59
59
29
29
-33
-33
129
129
69
69
113
113
69
69
157
157
203
203
73
73
59
59
125
125
169
169
171
171
263
263
203
203
235
235
209
209
165
165
289
289
109
109
179
179
135
135
153
153
167
167
163
163
209
209
109
109
183
183
95
95
205
205
233
233
175
175
91
91
211
211
237
237
173
173
129
129
141
141
89
89
275
275
139
139
119
119
77
77
151
151
219
219
159
159
251
251
187
187
203
203
81
81
123
123
149
149
181
181
57
57
97
97
43
43
183
183
111
111
115
115
147
147
225
225
221
221
89
89
119
119
55
55
287
287
231
231
269
269
249
249
241
241
115
115
229
229
149
149
273
273
209
209
227
227
197
197
207
207
215
215
281
281
231
231
297
297
201
201
227
227
133
133
189
189
153
153
223
223
175
175
205
205
35
35
135
135
217
217
195
195
193
193
181
181
165
165
131
131
231
231
225
225
265
265
237
237
193
193
287
287
275
275
253
253
185
185
259
259
313
313
209
209
137
137
325
325
207
207
247
247
183
183
165
165
271
271
205
205
233
233
247
247
203
203
193
193
187
187
183
183
195
195
207
207
207
207
285
285
369
369
277
277
255
255
237
237
167
167
207
207
267
267
379
379
259
259
323
323
263
263
225
225
37
37
81
81
201
201
269
269
217
217
325
325
227
227
249
249
197
197
273
273
259
259
221
221
249
249
139
139
209
209
233
233
197
197
243
243
207
207
247
247
245
245
297
297
185
185
251
251
309
309
245
245
179
179
177
177
227
227
265
265
283
283
237
237
275
275
245
245
251
251
257
257
149
149
257
257
241
241
85
85
177
177
199
199
251
251
207
207
173
173
227
227
283
283
187
187
287
287
197
197
191
191
197
197
141
141
197
197
213
213
237
237
275
275
177
177
169
169
235
235
163
163
253
253
205
205
139
139
213
213
159
159
143
143
225
225
227
227
159
159
229
229
217
217
197
197
95
95
173
173
163
163
253
253
171
171
173
173
141
141
149
149
127
127
157
157
319
319
147
147
259
259
47
47
151
151
277
277
281
281
257
257
207
207
171
171
