-17
-17
55
55
-39
-39
45
45
35
35
113
113
25
25
77
77
101
101
81
81
233
233
191
191
175
175
63
63
109
109
67
67
69
69
77
77
81
81
57
57
69
69
111
111
77
77
31
31
63
63
53
53
67
67
15
15
71
71
11
11
33
33
37
37
137
137
179
179
251
251
109
109
111
111
125
125
53
53
63
63
3
3
35
35
21
21
41
41
133
133
97
97
93
93
139
139
81
81
177
177
169
169
95
95
191
191
9
9
-7
-7
-5
-5
-29
-29
-37
-37
-33
-33
-85
-85
-35
-35
41
41
13
13
43
43
97
97
43
43
75
75
65
65
121
121
39
39
23
23
21
21
69
69
187
187
135
135
289
289
255
255
113
113
81
81
141
141
117
117
9
9
167
167
131
131
129
129
93
93
157
157
145
145
129
129
171
171
191
191
205
205
127
127
171
171
81
81
237
237
123
123
81
81
39
39
11
11
119
119
193
193
67
67
19
19
15
15
13
13
-21
-21
1
1
-15
-15
-31
-31
41
41
163
163
107
107
195
195
179
179
61
61
257
257
191
191
119
119
79
79
157
157
147
147
157
157
93
93
125
125
35
35
171
171
85
85
-15
-15
79
79
29
29
69
69
97
97
53
53
71
71
93
93
83
83
85
85
69
69
147
147
-9
-9
-25
-25
-31
-31
-9
-9
21
21
-11
-11
1
1
-31
-31
-31
-31
-27
-27
-3
-3
-17
-17
1
1
33
33
69
69
67
67
225
225
79
79
139
139
253
253
39
39
37
37
107
107
149
149
111
111
141
141
119
119
149
149
173
173
139
139
185
185
109
109
73
73
57
57
63
63
63
63
109
109
163
163
101
101
103
103
93
93
83
83
171
171
21
21
105
105
33
33
61
61
63
63
87
87
7
7
-17
-17
7
7
-59
-59
-33
-33
-39
-39
-51
-51
-47
-47
-47
-47
-45
-45
-41
-41
-47
-47
-45
-45
-47
-47
-59
-59
-51
-51
-27
-27
173
173
13
13
103
103
51
51
63
63
33
33
63
63
111
111
137
137
153
153
51
51
113
113
39
39
235
235
157
157
-15
-15
35
35
247
247
175
175
79
79
81
81
63
63
29
29
-15
-15
77
77
61
61
75
75
55
55
333
333
129
129
135
135
173
173
123
123
85
85
239
239
135
135
135
135
193
193
173
173
181
181
93
93
131
131
65
65
51
51
155
155
33
33
337
337
159
159
115
115
111
111
-39
-39
233
233
105
105
159
159
79
79
151
151
265
265
195
195
121
121
163
163
157
157
165
165
23
23
57
57
141
141
99
99
143
143
87
87
35
35
57
57
105
105
59
59
-25
-25
97
97
149
149
197
197
171
171
73
73
133
133
133
133
189
189
275
275
213
213
263
263
83
83
177
177
135
135
125
125
101
101
125
125
121
121
181
181
125
125
57
57
73
73
71
71
175
175
99
99
149
149
147
147
61
61
117
117
59
59
-17
-17
3
3
29
29
107
107
89
89
111
111
123
123
171
171
95
95
105
105
59
59
105
105
85
85
41
41
71
71
185
185
207
207
159
159
91
91
141
141
75
75
35
35
103
103
83
83
19
19
139
139
119
119
177
177
157
157
99
99
-15
-15
11
11
197
197
29
29
51
51
99
99
61
61
83
83
37
37
63
63
57
57
39
39
55
55
195
195
77
77
107
107
71
71
113
113
107
107
111
111
199
199
179
179
111
111
177
177
107
107
93
93
189
189
173
173
135
135
59
59
65
65
67
67
97
97
25
25
111
111
83
83
93
93
129
129
121
121
59
59
137
137
113
113
141
141
93
93
129
129
75
75
59
59
111
111
107
107
175
175
33
33
97
97
131
131
81
81
69
69
113
113
151
151
171
171
151
151
151
151
111
111
79
79
49
49
117
117
65
65
87
87
59
59
95
95
103
103
111
111
127
127
121
121
73
73
79
79
117
117
55
55
55
55
119
119
101
101
83
83
165
165
103
103
77
77
113
113
85
85
51
51
-7
-7
-11
-11
-35
-35
-7
-7
139
139
147
147
205
205
117
117
201
201
181
181
161
161
75
75
31
31
19
19
9
9
95
95
127
127
45
45
81
81
129
129
39
39
63
63
53
53
81
81
121
121
121
121
115
115
-9
-9
3
3
63
63
165
165
53
53
47
47
31
31
75
75
73
73
71
71
95
95
105
105
-23
-23
-17
-17
7
7
-27
-27
21
21
37
37
67
67
11
11
37
37
17
17
63
63
27
27
29
29
-1
-1
61
61
51
51
17
17
45
45
29
29
51
51
57
57
49
49
31
31
3
3
17
17
-9
-9
-9
-9
-15
-15
-1
-1
51
51
11
11
47
47
-41
-41
37
37
19
19
7
7
97
97
11
11
43
43
69
69
-3
-3
25
25
69
69
71
71
25
25
-3
-3
-41
-41
11
11
-13
-13
3
3
9
9
15
15
-3
-3
-13
-13
27
27
23
23
145
145
89
89
65
65
65
65
57
57
83
83
87
87
37
37
87
87
53
53
9
9
65
65
5
5
117
117
21
21
-1
-1
71
71
67
67
-7
-7
135
135
129
129
97
97
91
91
27
27
111
111
149
149
91
91
195
195
189
189
67
67
53
53
115
115
115
115
153
153
23
23
55
55
123
123
129
129
193
193
77
77
105
105
65
65
161
161
135
135
159
159
157
157
155
155
127
127
143
143
101
101
167
167
81
81
103
103
81
81
143
143
111
111
89
89
97
97
103
103
101
101
87
87
131
131
147
147
79
79
55
55
81
81
139
139
119
119
193
193
145
145
195
195
27
27
127
127
161
161
93
93
153
153
129
129
-1
-1
159
159
139
139
193
193
159
159
183
183
77
77
93
93
79
79
83
83
155
155
149
149
217
217
247
247
195
195
207
207
171
171
119
119
223
223
117
117
281
281
265
265
147
147
105
105
91
91
9
9
133
133
195
195
129
129
207
207
197
197
155
155
153
153
75
75
207
207
239
239
139
139
141
141
197
197
137
137
149
149
141
141
209
209
143
143
139
139
75
75
125
125
73
73
203
203
113
113
165
165
193
193
191
191
127
127
177
177
127
127
195
195
167
167
141
141
163
163
57
57
223
223
115
115
87
87
151
151
141
141
33
33
165
165
163
163
53
53
81
81
233
233
107
107
157
157
131
131
43
43
133
133
141
141
201
201
65
65
213
213
67
67
43
43
63
63
257
257
57
57
175
175
189
189
213
213
91
91
65
65
147
147
5
5
227
227
121
121
139
139
261
261
175
175
145
145
259
259
137
137
159
159
171
171
269
269
-5
-5
177
177
143
143
103
103
177
177
203
203
167
167
131
131
225
225
141
141
-1
-1
43
43
171
171
187
187
233
233
163
163
105
105
175
175
191
191
223
223
127
127
53
53
297
297
83
83
165
165
227
227
155
155
117
117
117
117
167
167
99
99
23
23
25
25
13
13
169
169
131
131
135
135
241
241
135
135
111
111
75
75
93
93
187
187
161
161
147
147
85
85
155
155
133
133
127
127
53
53
25
25
105
105
109
109
153
153
65
65
147
147
141
141
143
143
87
87
127
127
171
171
165
165
97
97
79
79
165
165
37
37
37
37
129
129
123
123
157
157
29
29
27
27
127
127
163
163
121
121
83
83
135
135
83
83
137
137
121
121
109
109
137
137
145
145
103
103
115
115
101
101
91
91
115
115
151
151
141
141
201
201
127
127
133
133
185
185
161
161
95
95
175
175
103
103
91
91
189
189
149
149
151
151
149
149
67
67
117
117
73
73
41
41
121
121
9
9
101
101
65
65
135
135
87
87
53
53
83
83
95
95
101
101
71
71
89
89
91
91
105
105
103
103
69
69
79
79
75
75
113
113
53
53
91
91
41
41
79
79
133
133
95
95
55
55
143
143
81
81
59
59
37
37
65
65
117
117
123
123
147
147
147
147
33
33
77
77
89
89
69
69
77
77
99
99
159
159
67
67
85
85
87
87
85
85
161
161
25
25
49
49
75
75
127
127
63
63
89
89
141
141
119
119
95
95
119
119
45
45
35
35
111
111
37
37
97
97
89
89
125
125
109
109
83
83
115
115
55
55
141
141
55
55
75
75
65
65
89
89
71
71
49
49
37
37
43
43
55
55
67
67
55
55
63
63
65
65
59
59
93
93
89
89
61
61
103
103
101
101
49
49
115
115
95
95
91
91
41
41
109
109
-21
-21
39
39
69
69
65
65
45
45
37
37
33
33
127
127
87
87
121
121
77
77
71
71
55
55
71
71
75
75
37
37
85
85
71
71
71
71
63
63
69
69
147
147
105
105
127
127
113
113
51
51
75
75
169
169
31
31
33
33
35
35
87
87
39
39
61
61
83
83
65
65
89
89
73
73
63
63
109
109
33
33
75
75
67
67
73
73
37
37
57
57
83
83
47
47
93
93
65
65
93
93
167
167
107
107
69
69
101
101
149
149
175
175
135
135
67
67
63
63
47
47
63
63
89
89
61
61
65
65
73
73
49
49
111
111
93
93
71
71
89
89
51
51
41
41
35
35
79
79
123
123
5
5
87
87
45
45
67
67
77
77
79
79
77
77
55
55
109
109
65
65
119
119
65
65
103
103
35
35
39
39
23
23
69
69
51
51
79
79
153
153
87
87
99
99
41
41
83
83
83
83
79
79
71
71
91
91
41
41
61
61
63
63
93
93
81
81
99
99
107
107
29
29
55
55
61
61
81
81
87
87
77
77
69
69
67
67
55
55
51
51
67
67
71
71
21
21
41
41
31
31
31
31
55
55
131
131
63
63
55
55
9
9
71
71
107
107
11
11
85
85
85
85
39
39
49
49
57
57
81
81
49
49
53
53
59
59
63
63
83
83
53
53
35
35
75
75
67
67
47
47
63
63
63
63
53
53
95
95
53
53
67
67
83
83
67
67
89
89
119
119
109
109
175
175
67
67
187
187
127
127
131
131
129
129
137
137
89
89
103
103
99
99
119
119
183
183
115
115
101
101
93
93
47
47
141
141
121
121
43
43
95
95
43
43
79
79
19
19
39
39
35
35
127
127
63
63
27
27
47
47
109
109
125
125
61
61
159
159
171
171
115
115
217
217
73
73
93
93
149
149
157
157
61
61
129
129
101
101
135
135
141
141
57
57
129
129
77
77
85
85
203
203
137
137
125
125
93
93
109
109
117
117
107
107
103
103
61
61
83
83
79
79
113
113
147
147
23
23
41
41
43
43
5
5
157
157
81
81
121
121
35
35
155
155
147
147
163
163
171
171
175
175
173
173
93
93
123
123
145
145
131
131
145
145
83
83
213
213
149
149
111
111
141
141
177
177
107
107
195
195
211
211
7
7
145
145
111
111
133
133
119
119
177
177
93
93
151
151
117
117
75
75
125
125
91
91
127
127
91
91
27
27
117
117
135
135
91
91
157
157
73
73
145
145
177
177
235
235
145
145
67
67
73
73
109
109
229
229
51
51
119
119
93
93
143
143
209
209
85
85
-5
-5
143
143
155
155
131
131
-7
-7
39
39
35
35
161
161
125
125
153
153
127
127
55
55
161
161
53
53
73
73
169
169
231
231
75
75
271
271
167
167
175
175
61
61
23
23
219
219
91
91
127
127
117
117
57
57
115
115
117
117
129
129
163
163
103
103
141
141
205
205
59
59
157
157
107
107
65
65
109
109
201
201
97
97
165
165
103
103
151
151
159
159
95
95
185
185
129
129
323
323
279
279
277
277
191
191
163
163
221
221
195
195
215
215
245
245
127
127
247
247
193
193
141
141
251
251
203
203
139
139
81
81
209
209
321
321
141
141
109
109
173
173
203
203
247
247
265
265
133
133
51
51
217
217
199
199
151
151
203
203
189
189
153
153
199
199
225
225
103
103
123
123
153
153
231
231
189
189
41
41
97
97
115
115
139
139
85
85
159
159
101
101
225
225
133
133
151
151
151
151
105
105
193
193
75
75
181
181
91
91
131
131
261
261
103
103
77
77
153
153
101
101
153
153
191
191
81
81
235
235
223
223
141
141
91
91
199
199
93
93
123
123
243
243
201
201
123
123
243
243
259
259
139
139
103
103
39
39
181
181
75
75
89
89
91
91
187
187
103
103
179
179
231
231
275
275
147
147
93
93
107
107
161
161
29
29
217
217
111
111
179
179
163
163
235
235
155
155
199
199
181
181
101
101
129
129
127
127
11
11
131
131
99
99
191
191
207
207
189
189
253
253
173
173
249
249
127
127
137
137
167
167
269
269
191
191
119
119
201
201
201
201
177
177
97
97
99
99
221
221
265
265
203
203
185
185
179
179
201
201
195
195
235
235
321
321
237
237
231
231
269
269
149
149
185
185
373
373
255
255
261
261
281
281
315
315
113
113
95
95
117
117
69
69
59
59
45
45
27
27
67
67
51
51
55
55
127
127
77
77
37
37
87
87
45
45
49
49
-55
-55
-53
-53
-67
-67
-67
-67
-29
-29
-61
-61
-67
-67
-59
-59
-63
-63
-33
-33
5
5
-37
-37
-29
-29
-15
-15
-7
-7
-19
-19
-5
-5
47
47
3
3
63
63
17
17
93
93
157
157
73
73
85
85
53
53
125
125
103
103
125
125
121
121
127
127
111
111
149
149
293
293
321
321
177
177
271
271
273
273
225
225
289
289
183
183
147
147
127
127
171
171
95
95
181
181
109
109
29
29
71
71
111
111
133
133
139
139
89
89
81
81
123
123
119
119
61
61
71
71
145
145
315
315
49
49
105
105
137
137
315
315
105
105
277
277
143
143
231
231
145
145
127
127
169
169
203
203
309
309
195
195
349
349
257
257
83
83
201
201
161
161
179
179
179
179
145
145
173
173
163
163
179
179
55
55
89
89
117
117
187
187
99
99
149
149
287
287
115
115
237
237
115
115
219
219
183
183
167
167
151
151
161
161
173
173
143
143
179
179
127
127
157
157
75
75
89
89
159
159
137
137
135
135
83
83
105
105
77
77
37
37
53
53
53
53
89
89
101
101
111
111
91
91
91
91
113
113
73
73
59
59
105
105
137
137
63
63
79
79
187
187
157
157
43
43
143
143
213
213
205
205
147
147
159
159
53
53
177
177
63
63
63
63
39
39
97
97
45
45
97
97
65
65
35
35
17
17
71
71
31
31
63
63
85
85
-29
-29
5
5
-7
-7
151
151
75
75
129
129
123
123
65
65
43
43
143
143
135
135
247
247
133
133
89
89
123
123
113
113
157
157
139
139
135
135
193
193
91
91
97
97
105
105
257
257
209
209
131
131
177
177
93
93
65
65
37
37
77
77
169
169
99
99
55
55
55
55
147
147
63
63
133
133
195
195
117
117
107
107
39
39
15
15
117
117
123
123
61
61
123
123
117
117
169
169
121
121
119
119
43
43
105
105
49
49
175
175
129
129
63
63
1
1
115
115
119
119
259
259
167
167
167
167
129
129
129
129
73
73
79
79
89
89
73
73
159
159
67
67
69
69
221
221
43
43
119
119
115
115
67
67
89
89
67
67
143
143
163
163
107
107
167
167
131
131
159
159
85
85
145
145
95
95
37
37
143
143
95
95
131
131
115
115
87
87
81
81
159
159
85
85
117
117
141
141
73
73
73
73
101
101
33
33
-23
-23
153
153
65
65
41
41
91
91
67
67
85
85
67
67
117
117
67
67
75
75
75
75
117
117
139
139
77
77
137
137
135
135
47
47
89
89
129
129
51
51
65
65
67
67
93
93
85
85
85
85
89
89
153
153
197
197
121
121
191
191
117
117
119
119
377
377
307
307
145
145
155
155
85
85
141
141
85
85
247
247
159
159
137
137
113
113
113
113
123
123
231
231
169
169
159
159
149
149
155
155
121
121
93
93
129
129
133
133
295
295
87
87
119
119
45
45
77
77
69
69
47
47
163
163
145
145
181
181
95
95
89
89
45
45
81
81
97
97
155
155
129
129
81
81
99
99
71
71
123
123
67
67
209
209
159
159
85
85
113
113
117
117
157
157
117
117
47
47
119
119
87
87
35
35
105
105
57
57
109
109
99
99
41
41
123
123
103
103
35
35
73
73
77
77
139
139
91
91
121
121
301
301
91
91
159
159
77
77
53
53
101
101
65
65
137
137
211
211
161
161
181
181
133
133
135
135
115
115
149
149
93
93
61
61
95
95
97
97
135
135
147
147
93
93
33
33
117
117
65
65
203
203
79
79
115
115
113
113
167
167
217
217
145
145
223
223
123
123
87
87
159
159
161
161
93
93
47
47
81
81
171
171
351
351
265
265
-7
-7
179
179
115
115
117
117
205
205
159
159
93
93
163
163
189
189
237
237
207
207
75
75
103
103
121
121
31
31
59
59
77
77
51
51
35
35
83
83
25
25
51
51
81
81
151
151
139
139
163
163
183
183
37
37
227
227
155
155
71
71
77
77
87
87
115
115
91
91
67
67
123
123
113
113
-9
-9
53
53
75
75
111
111
129
129
119
119
45
45
215
215
163
163
97
97
129
129
129
129
47
47
7
7
41
41
35
35
7
7
127
127
171
171
111
111
125
125
117
117
83
83
95
95
57
57
85
85
9
9
-5
-5
131
131
27
27
31
31
55
55
59
59
33
33
71
71
1
1
21
21
53
53
111
111
37
37
71
71
45
45
91
91
71
71
107
107
51
51
75
75
117
117
125
125
73
73
107
107
113
113
107
107
85
85
131
131
191
191
151
151
193
193
217
217
157
157
339
339
213
213
153
153
227
227
131
131
167
167
89
89
167
167
155
155
177
177
117
117
139
139
97
97
55
55
57
57
185
185
261
261
111
111
113
113
199
199
293
293
165
165
43
43
93
93
33
33
75
75
179
179
85
85
201
201
189
189
255
255
