-58
-54
-46
-67
-15
-59
-42
0
-14
-30
-47
-19
-57
-1
-37
-29
-12
-6
-8
-26
-56
-58
-1
-63
48
-21
-28
12
20
28
26
102
24
30
-36
-24
20
-38
-22
-21
-27
-30
-8
-21
-72
-61
-66
-81
-68
-80
-73
-54
-53
-37
-51
-13
-49
-63
-15
-54
-70
-60
-54
-65
-73
-59
-45
-84
-74
-62
-67
-72
-83
-70
-55
-74
-84
-71
-69
-69
-68
-61
-62
-63
-54
-84
-62
-70
-37
4
-34
-42
-54
-81
-41
-57
-57
-42
-54
-69
-34
-38
-56
-48
-70
-43
-45
-62
-57
-35
-23
-54
-89
-50
-79
-39
-53
-56
-81
-79
-57
-76
-86
-85
-85
-70
-66
-77
-88
-74
-68
-70
-61
-57
-59
-61
-12
-14
-33
-41
-34
-59
-42
-73
-70
-74
-51
-54
-87
-43
-35
-52
-25
-52
-26
-59
-50
-54
-77
-85
-70
-71
-31
-32
-24
-35
-71
-77
-46
-45
-58
-58
-83
-65
-55
-67
-79
-86
-39
-69
-57
-66
-67
-69
-45
-63
-30
-77
-52
-62
-14
-33
-25
-27
-27
-20
-25
-31
-72
-52
-78
-72
-70
-57
-61
-52
-34
-15
-41
-65
27
-55
-10
-65
-24
-21
-53
3
-67
-26
-32
-27
-41
-80
-74
-54
-76
-60
-22
-57
-49
-26
-35
-46
31
-34
-27
-12
-30
-10
-14
-76
-46
-31
-48
-65
-2
-52
-36
-42
-83
-25
9
10
19
7
0
-26
11
-44
-59
-6
-23
-45
-6
-44
-4
-31
-10
-14
-17
-36
-37
2
-20
-24
-76
-69
-62
-44
-46
10
-34
-31
-23
-40
-30
-7
-23
-17
-38
-14
-14
-74
-28
14
-31
-16
-33
-59
-13
-28
-9
-34
-8
-9
-28
-44
-27
-56
3
-37
-31
-4
-7
14
-5
-22
-2
-27
-49
-33
6
-15
-40
-8
-46
27
-6
-27
15
-17
-1
-4
59
39
-16
-49
11
-15
7
-29
23
-25
11
21
33
-38
14
-22
-27
5
-8
-34
25
-1
2
-40
-22
69
-36
-25
67
-10
131
-29
-19
-7
-64
-10
13
32
-26
-30
17
-18
-22
-55
-39
-35
0
-16
-38
-14
-5
-40
-48
-22
-8
-27
-4
-31
-55
-47
-73
-39
5
-42
-45
-18
-29
-12
-2
-35
-45
-18
-18
-57
-25
-9
-27
6
19
-14
-49
-14
-8
39
-31
-39
-23
-47
-8
-1
-42
-21
-9
-46
-24
-33
-59
-26
-49
-46
2
-21
-20
74
-20
-30
-35
70
39
-27
-35
22
-43
-16
60
89
10
-20
-2
108
9
0
38
-8
2
96
-10
23
33
30
-12
1
-18
-11
2
-24
1
5
-43
-3
-24
3
2
18
5
-20
-12
-23
47
-3
57
-2
-31
21
-7
-65
-61
3
36
11
-1
-33
-18
55
0
39
-36
-12
6
-9
-35
-14
-31
-52
-66
-23
-21
-26
1
2
10
-39
-73
-45
-22
-20
-18
-22
-26
-45
-11
-22
-3
11
-58
-18
-15
-19
-1
-37
-32
-35
-6
-14
33
25
18
-10
-14
18
-56
-20
-27
-9
8
3
-22
-73
-50
-6
-25
-31
-51
-17
-1
-32
-20
-6
-37
8
-14
-36
-8
-12
-19
-8
10
-40
-38
-21
-27
-35
-24
-41
-37
-20
-38
8
-1
-11
-51
-40
-48
-13
-63
-31
-39
-25
-40
-24
-25
-22
-22
22
-8
-44
-18
-51
-34
-15
-47
22
-84
-46
-28
-9
-8
49
9
18
-20
-30
-44
-25
36
-60
-23
-54
-71
-26
33
-28
-49
50
16
88
-8
4
14
69
36
20
45
7
4
53
-30
-35
14
14
-6
15
-19
-6
16
63
14
-7
22
3
46
39
57
10
-2
4
-3
23
39
25
40
-11
10
-24
-24
19
-51
-55
24
9
46
45
54
37
44
3
20
-14
25
-4
-15
34
1
-9
57
-7
-16
-11
-8
7
4
23
31
22
25
9
26
27
16
58
45
5
4
-22
3
-12
6
-30
13
-16
-15
-26
-20
0
-3
-29
-15
-16
-1
-22
-22
-20
20
-8
-27
-19
-1
11
1
21
33
58
-1
0
24
-10
19
30
3
9
-4
14
-1
15
10
21
10
-11
-15
22
-13
31
19
9
34
17
7
26
-4
17
41
23
41
24
24
38
24
69
45
22
46
31
18
17
41
18
33
34
61
41
55
45
30
16
28
27
52
15
26
18
24
23
49
34
70
28
42
31
37
19
-1
33
4
32
26
49
-2
6
16
-2
0
-9
17
32
10
25
42
0
9
-17
12
38
37
11
92
15
-14
-6
1
2
39
9
-9
-12
72
-11
23
25
-3
4
36
31
-12
-17
6
7
-9
6
20
44
44
20
1
8
25
33
41
26
22
46
14
8
-20
14
22
17
37
42
44
35
19
15
22
31
14
19
16
28
19
23
24
2
11
27
39
33
31
24
3
17
11
-7
14
32
34
27
20
32
28
-4
37
11
6
6
2
-13
16
6
23
-2
9
3
12
17
18
-11
-9
11
6
2
-4
14
-9
0
-8
13
10
37
2
-6
-18
-6
-14
-4
-6
-11
-19
19
3
36
18
11
14
15
2
2
6
-2
16
2
9
3
60
26
-7
12
22
8
-3
16
-9
5
6
-9
-4
5
6
-14
25
11
7
4
-7
11
-5
9
0
16
0
10
17
29
15
29
71
-10
-8
-23
-15
-6
19
-14
0
-18
29
4
9
48
-10
45
37
20
19
15
0
8
-19
39
27
39
-17
-10
-17
-2
-7
23
35
17
13
-22
11
-2
-22
29
12
5
-13
11
-1
-1
-8
-4
9
30
-27
-15
2
20
-9
-14
39
23
19
19
12
-1
35
-8
12
-9
30
14
29
-5
-8
80
4
7
-7
-32
-11
-10
7
-14
-8
-1
0
-21
-10
-15
-28
-5
-17
14
-11
-35
-17
2
9
-15
-6
5
15
1
-7
-9
-19
2
-15
1
-19
-13
10
-14
17
-21
-11
-12
-4
8
-15
-41
-22
-8
-28
-15
-17
-3
-4
-16
-1
-12
17
-23
-15
-24
-22
-10
-7
-32
16
-18
13
16
-15
-15
-12
6
-26
-4
28
-12
-8
18
12
-1
-20
11
-14
53
40
-10
67
10
62
12
-8
54
40
91
-12
55
63
58
86
-6
61
61
62
5
106
76
89
134
-24
116
120
71
119
78
80
-11
93
85
79
43
-17
-9
19
3
-4
127
72
141
148
65
96
42
151
135
131
121
85
-23
49
61
-12
143
174
99
120
109
88
134
86
152
130
157
113
138
148
106
113
123
33
103
53
165
88
144
77
21
99
104
1
20
107
116
132
21
-12
91
70
61
10
-16
45
52
53
125
51
80
61
68
108
10
107
33
-19
-13
25
103
105
81
101
135
113
94
137
92
59
84
51
115
86
90
138
130
53
31
46
133
114
80
123
95
111
188
159
18
104
113
123
129
84
66
71
-8
124
16
107
107
100
126
83
84
90
122
68
73
83
88
88
111
106
57
88
118
119
90
106
144
163
86
101
132
80
113
134
113
112
90
106
90
112
9
125
112
112
88
30
95
86
117
157
128
113
112
125
7
117
93
77
111
109
92
91
135
71
86
2
98
117
150
89
129
104
110
96
101
66
78
87
122
97
148
-13
-24
90
19
-3
87
73
63
98
126
114
168
102
29
77
87
-6
120
89
40
110
108
76
87
62
116
125
96
144
90
77
106
162
141
164
20
121
139
97
139
99
159
117
108
61
79
146
134
92
126
187
87
94
88
67
121
150
141
90
195
72
68
115
58
86
90
59
170
64
88
152
13
132
89
159
85
96
93
79
137
118
126
96
133
62
49
132
156
-6
99
92
121
96
96
95
105
153
78
79
90
61
168
70
87
89
98
98
98
95
57
146
39
67
86
133
93
86
91
107
117
105
101
-5
50
65
93
87
109
178
128
135
78
88
88
165
60
47
134
113
114
88
120
65
73
90
80
121
146
122
87
60
91
72
95
5
91
-9
67
46
98
98
14
83
80
127
82
45
104
145
111
114
143
144
110
88
118
105
134
117
115
113
103
42
113
123
85
101
118
38
121
27
73
107
38
97
74
89
100
194
148
139
21
132
110
188
98
69
95
187
106
215
85
39
133
112
89
83
96
81
118
63
173
51
49
38
94
121
67
86
110
84
104
146
102
47
-6
112
122
143
136
36
139
69
111
100
-14
80
60
104
68
141
70
101
127
112
30
63
163
94
104
80
126
95
108
77
40
106
57
258
3
18
117
101
156
-8
82
93
51
-20
48
46
128
