-57
-29
-71
-71
-71
-59
-68
-58
-60
-58
-31
-72
-74
-56
-85
-86
-63
-52
-55
-69
-72
-81
-46
-84
-60
-49
-58
-69
-51
-55
-28
-68
-41
-51
-49
-58
-79
-34
-84
-33
-10
-34
-23
-58
-64
-40
13
-17
-24
-9
-15
11
-16
-23
-24
-23
-40
-49
-63
-30
-44
-43
-45
-38
-33
-61
-43
-66
-34
-32
-33
-59
-27
-45
-49
-50
-58
-46
-48
-57
-59
-22
-79
-74
-57
-33
-58
-40
-76
-63
-80
-72
-54
-67
-50
-74
-44
-54
-60
-58
-59
-62
-70
-61
-72
-73
-36
-47
-75
-77
-56
-75
-87
-84
-70
-50
-55
-68
-61
-68
-35
-70
-57
-68
-83
-51
-59
-84
-60
-62
-63
-66
-64
-70
-68
-45
-84
-71
-66
-69
-83
-87
-74
-43
-52
-53
-50
-80
-85
-64
-69
-41
-80
-79
-70
-73
-73
-82
-67
-70
-79
-57
-80
-72
-80
-77
-70
-86
-77
-74
-71
-69
-62
-70
-43
-80
-67
-56
-72
-71
-77
-91
-86
-62
-45
-89
-63
-50
-56
-64
-81
-77
-72
-44
-64
-88
-60
-78
-56
-56
-78
-79
-74
-73
-81
-76
-89
-31
-44
-63
-65
-82
-69
-67
-57
-70
-50
-67
-37
-57
-62
-52
-39
-61
-42
-65
-56
-71
-56
-84
-75
-48
-70
-86
-73
-85
-66
-54
-81
-64
-63
-90
-87
-35
-18
-63
-59
-78
-47
-65
-45
-57
-60
-75
-24
-69
-52
-34
-52
-53
-37
-66
-45
-82
-62
-29
-87
-20
-36
-56
-77
-57
-81
-64
-61
-51
-67
-76
-65
-52
-51
-51
-60
-76
-87
-50
-65
14
-44
-77
-32
-38
-64
-62
-84
-61
-78
-66
-64
-76
-75
-58
-86
-79
-35
-42
-47
-63
-23
-62
-87
-52
-66
-15
-88
-73
-67
-36
-81
-46
-77
-50
-60
-74
-53
-49
-21
-34
-51
-52
-18
-55
-58
-14
-48
-23
-60
-31
-81
-71
-81
-65
-27
-76
-84
-68
-39
-60
-54
18
-22
-9
-68
-41
-73
-45
-46
-23
-44
-62
-70
-76
-36
-59
-24
-43
-51
-49
-32
-34
-64
-62
-72
-58
-39
-19
-48
-44
-78
-75
-70
-70
-65
-38
-45
-86
-65
-55
-74
9
-45
-44
-66
-49
-46
-76
-65
-51
-22
-56
-66
-64
-54
-22
-48
-56
-46
-67
-25
-29
-45
-53
-32
-38
-61
-19
-35
-53
-16
19
-48
-55
-47
-43
-47
-51
-32
-49
-45
-55
-36
-27
-51
-33
63
-17
-29
-40
-18
-50
-40
-38
-34
-63
-9
-26
-31
-14
-4
-35
-20
-47
-35
-22
-44
-44
-35
-67
-41
-41
-78
-59
-50
-32
-26
-51
-35
-30
-57
-49
-50
-52
-49
-41
-59
-52
-59
-46
-37
-22
-52
-53
-56
-47
-33
-39
-61
-26
-51
-34
-39
-44
-76
-18
-58
-88
-71
-33
-70
-73
-45
-49
-50
-62
-38
-65
-76
-56
-51
-63
-35
-44
-47
-56
-36
-44
-35
-56
-41
-81
-57
-49
-47
-56
-34
-51
-45
-55
-77
-56
-34
-68
-43
-50
-45
-37
-47
-32
-36
-69
-54
-50
-62
-43
-57
-67
-52
-20
-83
-63
-65
-58
-35
-68
-45
-37
-41
-26
-47
-34
-47
-45
-45
-19
-29
-42
15
-47
-51
-52
-41
-41
-51
-30
-32
-28
17
-80
-48
-42
-46
-54
-80
-43
-66
-47
-61
-42
-51
-55
-39
-39
-35
-38
-42
-60
-31
-44
-34
-64
-45
-31
-30
-34
-43
-33
-35
-48
-79
-33
-74
-53
-53
-40
-54
-34
-52
-55
-25
-35
-43
-48
-33
-31
-34
-43
-54
-24
-36
-30
-31
-52
-66
-17
-62
-32
-22
-46
-59
-32
-18
-28
-43
-49
-40
-72
-26
-27
-29
4
-6
-29
-25
-7
-16
-12
-30
-41
1
-55
-35
10
-3
-27
-44
-60
-55
-48
-45
-69
-49
-62
-38
-54
-65
-59
-54
-70
-64
-40
-48
-46
-35
-19
-64
-47
-71
-52
-37
-60
-50
-25
9
-22
-54
-24
-15
-41
5
-35
-29
19
-29
-4
-33
-26
-15
-22
-39
-10
-24
-25
-44
-52
-21
-29
-32
-1
-3
-44
-25
0
-36
-24
-26
-54
-22
2
-19
-12
-38
-17
-31
-7
-46
0
-9
-20
-46
-5
-1
-14
-12
-22
-44
13
-32
-21
-17
-27
-2
-6
-28
-24
-23
33
7
-24
-27
-29
2
-26
-11
3
-15
-57
8
11
-9
-16
46
-43
-32
-39
37
24
134
-13
-41
29
61
74
-12
42
31
-29
22
186
55
39
32
105
54
55
47
74
0
-48
-60
10
10
47
-30
-21
-34
-69
17
-35
-38
62
9
-26
-57
-32
-61
-73
5
-36
-12
-53
-32
-26
-27
1
-79
-64
-56
-37
-46
-49
-19
-11
-42
-24
-36
-34
-41
6
-19
-20
-58
-64
-9
-47
-5
-6
-30
-33
-11
-30
-38
-31
-63
-34
-46
-17
-26
-9
-7
-30
-29
15
-1
-1
-35
-35
-29
-13
-10
-5
-17
-36
-52
-29
-50
-44
6
23
-40
48
-60
-30
-17
-34
-22
-1
-8
-34
-34
-9
-53
-59
-16
-41
-41
-18
-34
-52
-31
29
-57
-45
30
11
-38
-22
-24
-28
-4
-2
-22
-18
-33
6
2
9
-20
-22
-29
-10
13
40
-26
28
35
20
22
-29
7
24
0
37
64
0
-22
86
75
-9
52
19
5
-35
22
4
48
59
35
72
104
21
87
43
12
23
40
-36
33
41
-38
-35
-40
-43
13
-25
-34
-26
-27
35
-39
-17
8
-27
11
-20
-39
-14
9
-24
-24
34
14
21
135
110
1
10
39
76
-7
51
22
8
9
60
-19
22
48
-3
46
24
52
35
1
-22
-52
-43
-38
-26
-12
3
-22
-54
-38
-34
-1
-72
43
-5
40
20
-2
16
63
61
74
-15
96
-22
3
-11
28
24
12
-42
41
92
26
10
9
-54
43
35
41
34
-44
17
-33
-26
-18
-4
63
-38
-5
18
-5
-2
4
46
-33
9
7
-4
-43
19
-11
46
38
44
6
77
75
24
13
63
21
59
-5
4
48
53
20
-1
2
-3
-13
-7
91
57
50
-13
79
56
121
44
45
-9
118
76
20
68
56
119
23
28
77
88
98
-5
90
112
72
50
69
70
21
57
60
5
41
77
7
78
62
80
68
70
85
95
59
71
47
47
11
108
99
84
12
73
22
13
58
20
39
37
47
-14
-3
82
9
35
45
27
60
12
17
37
-27
29
67
88
65
71
-7
24
-21
47
67
29
25
31
24
66
42
40
4
41
-24
35
15
12
67
37
25
13
17
34
-10
3
26
59
37
-13
-8
-8
54
45
37
94
58
1
20
5
64
38
8
39
7
40
-28
3
10
-12
23
37
12
21
34
26
18
40
3
-8
15
-9
11
8
18
50
50
21
29
39
25
57
1
29
24
10
-14
15
17
11
12
69
12
56
24
19
105
28
9
6
80
48
45
19
36
38
35
11
-7
34
47
77
-11
38
56
72
34
60
27
43
5
24
25
50
30
27
40
-1
26
82
12
48
1
62
-25
41
57
0
59
11
-14
82
-11
6
37
14
5
29
-26
63
34
58
56
65
56
74
57
45
103
17
-3
-21
-28
-23
-32
-12
87
103
48
35
51
24
26
35
80
-5
-20
10
27
-26
-24
12
59
28
58
46
-3
14
-23
30
23
44
-9
-9
33
35
27
50
-31
-16
-18
-20
-12
-25
-18
43
-19
-6
43
-20
-7
-19
-12
-7
-27
-4
-10
-24
-9
-23
-11
-25
-19
-8
39
20
-16
11
29
-14
-8
-4
-25
-11
-10
1
10
-13
-4
-15
-11
4
-19
-11
8
-19
-32
-20
0
-37
-17
-6
5
-15
10
-17
-19
-2
6
-1
-24
-20
-21
-9
2
-38
7
32
44
78
76
30
36
41
143
54
40
34
-2
65
49
0
15
9
86
76
9
20
60
55
60
93
49
-1
11
78
7
19
49
-3
44
-8
5
5
-3
-2
-25
-37
-12
-30
-27
22
29
62
82
21
131
78
75
67
42
15
89
80
84
47
-2
83
48
59
40
23
69
66
31
42
-11
4
115
-6
31
73
-5
95
59
95
58
53
-18
53
19
4
42
-1
76
-3
50
67
92
136
18
-8
-26
35
-38
-25
-36
-43
-16
-75
-40
-26
0
-18
-62
-29
14
-18
-33
-30
-13
39
8
-11
-8
-6
-15
24
46
18
-17
22
-13
-4
-8
6
78
-6
-14
8
-12
-28
18
-31
-10
-20
-7
5
-6
13
37
48
-6
42
27
74
3
-4
39
-18
-40
17
-14
79
-20
-5
2
-3
-12
10
27
9
-18
-7
82
36
59
84
119
58
67
88
109
89
96
82
40
71
35
93
34
34
38
36
-23
44
94
122
30
106
32
42
60
15
69
134
123
119
97
62
104
126
64
119
35
65
81
140
58
73
71
113
61
60
169
103
117
84
29
127
146
100
106
55
92
-11
171
145
138
85
77
57
40
53
69
109
156
85
48
69
118
41
126
97
71
148
97
34
80
129
98
64
108
105
129
123
112
87
93
39
126
132
68
79
129
41
74
136
100
116
121
7
56
123
101
83
-11
71
78
54
129
50
131
108
87
35
59
129
106
64
54
16
-19
20
102
25
21
85
24
34
5
43
0
85
34
35
145
28
59
129
123
100
129
83
24
46
-21
-17
-5
13
11
-2
42
-17
37
-6
63
13
3
-12
-4
23
-3
74
83
18
27
-30
-25
-35
-4
25
13
-3
46
-35
61
6
14
5
-4
21
11
26
9
12
49
23
11
70
33
5
-17
35
8
14
49
30
5
7
20
-4
13
-7
-12
23
13
25
48
28
15
71
118
41
59
108
1
-3
81
111
104
138
92
150
59
77
115
66
44
64
77
30
72
93
68
83
37
39
118
102
90
81
46
94
111
112
17
241
112
36
32
81
73
90
72
36
29
63
35
96
88
99
62
71
133
101
72
18
57
25
67
119
87
66
108
65
129
131
87
66
136
77
51
95
42
58
67
57
21
39
100
44
78
83
85
89
43
40
48
43
124
128
102
74
25
68
87
59
66
79
121
80
59
143
89
82
85
140
76
50
57
74
61
87
69
65
60
55
62
71
104
102
78
43
59
74
128
44
-5
80
97
12
22
63
51
38
-3
123
56
-20
9
69
6
-5
30
-31
-14
8
-26
8
38
52
1
-26
20
37
-24
14
2
36
-13
23
37
73
10
3
23
1
-12
15
-18
2
-5
-11
17
20
38
-23
34
-1
23
-11
9
8
6
2
14
-13
49
17
8
30
-12
-3
9
