-59
-22
-71
-68
-53
-33
-58
-23
-30
-56
-32
-38
-57
-36
-50
-33
-17
27
-44
-15
-26
-32
-26
-50
-55
8
9
75
-19
6
46
-14
105
-9
34
73
-1
19
47
-3
-7
5
-7
-10
19
-27
-24
-24
-25
7
-11
-39
-10
6
-13
13
30
-13
-26
-23
-18
35
14
-28
-12
5
-38
14
-14
-18
-33
-22
-17
-31
-26
-21
-46
-35
-27
-46
-42
-18
-34
-36
-71
-50
-48
-62
-48
-44
-34
-63
-43
-25
-20
-22
-44
-45
-57
-37
-24
-75
-72
-47
-49
-5
-28
-64
-61
-42
-21
-62
-72
-41
-42
-3
6
-44
-33
-34
-28
-69
-62
-32
-52
-34
-39
-22
-35
-54
-18
-55
-16
-61
-60
-38
-17
-55
-72
-79
-47
-66
-64
-53
-25
-27
-64
-41
-46
-55
-84
-43
-51
-62
-54
-74
-53
-67
-68
-64
-35
-74
-66
-52
-54
-69
-35
1
-56
-61
-11
-35
-31
-19
-47
-68
-12
-16
-37
-42
-39
-9
-22
-8
6
-18
5
-3
62
-41
-30
-31
-19
-42
-13
2
29
16
-16
36
-12
-58
-1
-29
-67
-14
-57
-43
30
4
-11
-61
-49
-63
-51
-85
-51
-60
-62
-53
-35
-41
-54
-70
-79
-59
-58
-66
-52
-78
-71
-30
-76
-70
-53
-71
-72
-81
-56
-71
-20
-46
-3
8
-62
-12
-41
-48
-50
-78
12
-61
-18
-42
-1
-9
-71
-44
-49
-2
-58
-19
-56
-26
-21
-24
-7
-2
-9
-38
-45
-30
-11
-41
-73
-45
4
3
-30
23
-25
-20
-32
-11
-37
-23
9
-3
-40
-31
-47
-46
-26
-13
-32
-31
-44
-42
-21
29
-33
-55
-7
-22
-19
-33
-28
-26
-57
-4
15
-16
-35
-79
-16
70
-25
53
25
-64
39
-53
-31
-33
-22
-2
-39
-20
-41
-45
-35
-33
-50
-16
-31
-4
-33
-26
-27
-16
-44
-38
-22
-16
-17
-16
-23
-55
-19
-33
-57
-61
-42
-46
-36
-28
6
8
-38
-41
-43
-3
14
-21
-20
26
49
-3
58
20
-35
15
-6
-8
29
10
-13
2
-61
11
14
-59
-13
-51
23
-41
23
9
13
1
-13
-20
-9
39
3
25
-9
-10
15
20
14
38
16
40
38
3
-27
37
33
-17
-13
41
12
23
-30
1
7
37
41
-5
60
24
-3
87
45
2
41
36
9
57
7
60
37
61
53
56
10
46
35
46
18
2
61
16
39
69
56
3
28
34
35
60
24
25
64
-30
32
80
41
39
49
-26
8
11
12
-4
-19
53
30
31
-2
94
25
51
-6
-35
-17
-2
-21
-30
55
52
68
22
-7
-19
-2
-37
-10
-33
-24
-7
-2
-49
-13
-14
-6
-8
-18
-17
16
-27
-23
1
-3
-7
18
-26
-24
-2
-8
53
-32
-18
-7
-17
-7
-4
-9
-6
-36
-45
-20
-18
-36
-20
-21
27
-27
4
20
44
46
-39
16
9
-24
-2
5
51
-15
-40
1
-7
3
-31
23
-1
40
2
-1
39
33
22
18
-6
8
-44
-41
-33
-73
-34
-42
-23
-61
-39
-26
-34
-28
-57
-23
-26
-38
-30
-37
-38
-7
-27
-26
-37
-28
-19
-11
-15
-36
-38
-38
-31
-49
-36
-34
-27
-31
1
-28
-33
-20
-8
-19
-36
-23
-20
4
-29
-7
-31
-3
-28
-25
-22
8
-14
-2
-33
16
-36
-22
-43
-14
-27
-19
-21
-12
-39
7
-13
-6
23
10
-18
-19
18
-1
-7
-8
-13
-38
-29
-19
-9
-1
-11
13
-12
-23
-1
-22
13
-13
-4
23
12
-32
-10
16
52
-6
39
-5
-28
-42
13
-19
-10
-26
9
9
18
-33
45
-12
14
-22
8
9
-40
8
6
-1
-27
-21
-6
42
0
-25
22
-12
-1
-1
-5
4
2
-37
-23
-31
-14
-16
4
-28
-11
10
-9
-38
-23
-23
-12
-43
-14
23
-18
-32
-32
-14
-11
10
-19
-29
-26
-30
-26
-12
2
-28
-19
-10
-19
-7
-25
-10
-36
-8
-14
-23
-33
-25
-22
-19
0
-11
-8
-43
-5
-43
-11
-23
-34
-24
-27
-10
-30
-19
-2
-25
-16
-19
-30
-10
-16
4
-25
-18
-36
-26
-17
-8
-11
-14
-26
-8
-32
-16
-15
-6
-25
-33
-38
-33
-15
-21
-24
1
-11
-20
-1
-15
-34
20
-16
-20
-32
-21
-11
-32
-24
-3
-8
-7
-41
-28
-14
-27
-20
-12
4
-10
-56
-28
-24
5
-29
-5
-16
-4
-28
-34
-34
-33
-11
-29
-11
-2
-23
-11
-25
-41
-12
-16
-13
-23
-38
-6
-29
-5
-14
-4
-27
-11
4
-35
-16
-5
-25
13
-31
-34
-6
-6
-29
-15
-3
-34
-15
-30
-4
-14
-7
-32
-23
-24
-42
-18
-21
-1
-15
-36
9
-24
-39
-33
-22
-3
-24
-8
4
-12
-17
-15
-20
-2
-30
2
-6
-20
-13
-33
-9
3
-8
-12
0
-9
-22
-5
-25
-3
-20
-14
-18
-9
-23
-6
-43
-19
-9
-22
-17
-25
-17
-5
-31
-20
-33
-31
-11
-24
-10
-37
-19
-11
-2
-28
-10
26
-19
3
-19
2
39
-2
57
53
-35
-8
24
-19
-3
-34
-16
2
5
-16
-15
-21
-22
-13
-37
-26
-32
-11
-27
-27
-36
-32
-45
-16
-24
-12
-25
-9
-9
-33
-31
-18
-25
-28
-22
-21
-34
-12
-3
-34
-10
-24
-25
-29
-28
-21
-8
-5
-6
-55
-22
-31
-17
-18
-17
-5
8
-23
-15
-4
-31
-30
-30
-34
-18
-21
-11
-12
-14
-26
30
-14
-64
6
-26
26
20
31
1
-27
0
-17
16
48
5
21
15
10
38
25
-12
50
26
-11
36
16
43
46
-11
36
15
15
0
-27
27
-8
10
-19
23
-26
-7
-1
10
-8
-30
12
8
-36
-10
27
4
-8
-2
-21
21
0
22
30
-8
9
0
-1
-9
-22
-2
-5
-24
-22
-6
-16
-25
3
1
-5
-12
-10
-16
-18
-27
-22
0
4
-5
-8
-26
4
-20
-10
-25
-20
-1
-16
5
-12
10
-27
-21
-24
-28
21
10
-12
-25
-9
-22
-35
-14
-26
-22
-5
-3
-31
-14
-10
-22
-19
-19
-39
-17
-10
-7
7
-35
-7
25
-15
-3
-1
-23
-21
-27
-14
-26
33
-10
-14
6
-8
-1
9
-32
-14
1
41
-6
15
34
7
47
8
-24
-19
7
39
-29
9
47
51
-51
-39
-30
-21
-20
-31
-2
-3
35
8
26
6
11
-13
-29
-34
78
-2
-1
8
36
80
27
29
110
103
99
25
76
113
83
92
156
73
49
75
19
123
58
105
81
71
132
92
107
55
75
128
104
76
14
97
131
79
106
29
56
72
45
67
92
113
80
82
119
63
126
62
62
96
147
131
115
113
72
14
94
68
84
-54
-89
23
89
141
48
75
114
99
115
92
84
93
86
66
78
38
90
91
100
84
29
72
92
-16
78
39
95
103
85
102
128
63
121
28
81
67
78
85
75
64
136
99
62
50
105
111
156
24
77
140
69
106
28
21
66
70
-1
40
22
72
89
52
16
120
58
10
77
95
75
69
101
114
91
124
97
112
89
72
74
109
62
56
51
106
110
109
44
130
92
109
77
46
99
86
79
71
98
81
82
91
84
95
82
49
127
98
127
98
98
85
54
138
125
102
72
86
34
166
89
74
155
103
104
89
39
90
110
126
51
89
62
135
-26
68
93
52
35
3
-21
43
-4
22
13
66
24
84
114
13
65
58
138
88
78
80
73
96
116
59
64
108
137
99
83
131
81
112
118
124
100
123
90
45
97
54
79
92
105
102
99
115
103
80
68
91
129
89
89
158
89
-3
119
108
103
139
103
64
87
80
83
188
103
108
86
117
65
40
17
67
35
70
50
93
80
79
92
45
82
2
47
59
99
-11
51
131
60
89
90
63
-18
125
10
106
87
56
62
64
18
76
97
238
67
89
0
52
38
26
40
-13
80
96
76
112
84
86
62
54
57
58
5
43
48
19
67
135
125
-15
25
109
48
105
45
92
101
112
40
60
45
31
56
117
87
116
97
95
97
41
61
95
74
68
95
113
99
120
72
117
76
79
155
95
92
127
115
151
90
148
70
105
70
82
97
99
109
94
100
9
57
34
51
23
70
21
116
106
78
28
97
108
36
101
135
58
166
65
52
102
84
110
23
27
31
18
32
139
11
15
77
26
91
61
63
60
8
25
100
88
107
58
19
79
90
68
101
104
22
-6
0
45
68
26
10
51
110
63
96
30
43
109
59
109
63
18
130
116
123
17
-13
16
-15
79
116
4
29
44
-1
50
137
121
58
43
88
87
48
55
75
65
36
59
36
-64
-15
75
38
-52
24
34
67
114
52
60
57
46
54
27
-13
0
45
103
59
-4
82
54
127
2
90
69
50
82
65
87
19
25
-10
20
89
-15
47
-3
11
82
50
34
4
-12
56
46
45
80
15
51
99
95
93
78
43
2
117
91
67
50
55
95
146
-10
37
35
-5
-29
-25
85
-22
-6
-6
-16
24
6
-15
-5
40
-1
30
2
81
79
83
55
85
102
100
93
59
82
96
85
57
62
91
89
101
115
125
