-56
-36
-65
-77
-47
-47
-57
-45
-54
-27
-75
-65
-70
-70
-63
-57
-56
-75
-71
-88
-83
-59
-76
-75
-52
-78
-41
-78
-52
-41
-43
-58
-76
-54
-80
-69
-75
-50
-60
-41
-31
-43
-53
-7
-55
-43
-40
-8
-2
-14
11
42
-7
42
95
-5
56
66
-19
-57
-41
-3
-11
-49
-32
-25
-11
-57
-64
-42
-63
-58
-57
-81
-77
-67
-72
-79
-76
-33
-60
-58
-55
-65
-83
-67
-62
-54
-69
-49
-75
-47
-78
-22
-55
-69
-74
-73
-56
-51
-61
-76
-62
-34
-69
-37
-79
-65
-40
-67
-60
-78
-52
-60
-65
-43
-73
-82
-57
-70
-59
-48
-82
-73
-78
-78
-55
-61
-47
-61
-80
-51
-80
-34
-62
-54
-77
-84
-70
-57
-69
-72
-69
-56
-55
-49
-65
-25
-57
-44
-80
-30
-41
-47
-24
-43
-7
-53
-72
-57
-10
3
-9
-31
7
-54
-55
-67
7
-22
-12
-41
-35
-26
-40
-61
-58
-19
-31
-41
-37
-32
-24
-84
-80
-46
-70
-47
-57
-71
-60
-71
-67
-88
-67
-82
-89
-61
-86
-78
-81
-82
-85
-73
-78
-81
-81
-78
-93
-75
-61
-75
-38
-37
-74
-47
-22
-58
-56
-68
-51
-48
-46
-65
-54
-47
-67
-56
-72
-86
-84
-68
-72
-77
-48
-76
-87
-77
-86
-69
-35
-90
-43
-61
-87
-84
-41
-82
-67
-72
-78
-80
-86
-68
-87
-66
-81
-51
-78
-70
-80
-59
-52
-68
-45
-64
-25
-69
-55
-88
-41
-72
-45
-85
-62
-33
-40
-75
-50
-27
-74
-45
-52
-84
-41
-55
-47
-44
-30
-27
-82
-53
-41
-43
-32
-35
-43
-58
-42
-68
-63
-81
-89
-48
-52
-41
-76
-43
-34
-68
-47
-59
-34
-39
-59
-64
-63
-56
-47
-72
-37
-64
-16
-69
-37
-63
-67
-29
-68
-59
-81
-83
-45
-50
-54
-71
-61
-20
-81
-41
-38
-34
-54
-58
-53
-39
-56
-58
-63
-48
-68
-85
-47
-67
-49
-56
-49
-73
-62
-78
-5
-69
-58
-88
-87
-42
-59
-70
-70
-82
-41
-67
-48
-34
-49
-57
-25
-78
-85
-87
-65
-68
-86
-88
-88
-72
-67
-51
-84
-77
-50
-35
-89
-37
-73
-83
-60
-83
-82
-73
-46
-67
-72
-41
-80
-50
-85
-34
-27
-68
-47
-65
-68
-29
-40
-35
-48
-40
-15
-36
-53
-65
-21
-35
-46
-57
-52
-53
-22
-86
-85
-82
-88
-72
-90
-85
-9
-34
-84
-66
-77
-76
-63
-57
-51
-87
-69
-30
-30
-42
-58
-64
-73
-38
-34
-86
-56
-57
-7
-30
-34
-23
-47
-34
-16
-74
-32
-90
-72
-67
-84
-71
-87
-85
-46
-85
-92
-69
-54
-85
-18
-51
-78
-69
-89
-82
-84
-53
-83
-37
-65
-75
-82
-39
-74
-6
-78
-65
-77
-75
-39
-48
-59
-73
-68
-67
-35
-48
-48
-81
-64
-63
-79
-51
-74
-24
-80
-33
-32
-52
-23
-57
-41
-18
-20
-44
-24
-30
-44
-7
-35
-41
-29
-38
16
-17
-21
-39
-9
-75
-61
-54
-58
-8
-66
-8
-63
-63
-17
-2
-3
-6
-40
2
-50
4
-47
-32
-45
-30
-15
3
-27
-50
-25
-27
-1
-9
-28
-37
-20
-14
-29
-39
-13
-9
-27
-14
-46
-24
-24
-30
-50
-36
-11
-47
-33
-59
-38
-27
-44
-20
-39
3
-9
-26
-14
9
-32
-12
-31
-7
-11
-15
-15
-14
-59
-83
-73
-89
-56
-6
-59
-88
-77
-65
-84
-90
-27
-47
-35
-70
-31
-31
-24
-24
-41
-30
-68
-69
-52
-47
-25
-4
-2
-22
-31
-38
-26
-50
-38
-23
-17
-31
-29
-9
-5
-45
-42
-36
-28
-50
-51
-32
-19
-25
-34
-40
-26
-41
-30
-41
-28
-29
-22
-29
-21
-30
-13
-15
-10
-43
-49
-26
-19
-20
-35
-32
-20
-18
-56
-3
-42
-10
-6
-34
-42
-29
-32
-32
37
-5
-32
-31
-34
-22
-14
-28
-6
-55
45
98
-22
64
-25
-20
23
54
21
-35
23
33
78
57
-38
-30
20
-30
14
53
29
44
43
23
30
73
25
61
40
12
52
57
114
-37
-10
68
49
50
6
8
86
4
8
-24
68
3
95
-20
36
17
-49
-16
-27
-31
27
22
0
119
-28
-23
9
-12
23
-36
-24
-18
-7
6
-18
1
35
-42
-30
-3
-1
-15
-19
-25
-33
-9
-30
-6
-4
6
5
-4
-33
6
-34
-29
-36
-15
-11
-17
-6
-18
-26
-45
-33
16
-27
-27
-27
-53
-28
-20
-16
-16
-31
-33
-9
-34
-16
-11
-12
-23
-36
-5
-27
-11
-39
-30
-8
-13
-27
-33
-25
-6
-21
-31
-41
-3
-18
-53
15
-28
-17
-30
-32
1
-36
5
9
-21
-11
-21
22
-26
0
-22
-35
-12
-6
-12
-21
-7
-16
-21
-28
-18
12
-16
-48
-10
-21
0
-27
-17
-18
-39
-28
19
-21
-8
3
-12
-11
6
-26
15
-36
-43
-50
-18
9
-20
-28
-4
-23
-18
-31
31
4
-5
21
-1
-18
-13
0
-8
-5
-2
-4
-19
-6
-26
-12
-22
-16
-25
-8
-29
-1
-17
-29
-28
-8
-7
-40
-11
9
8
-5
-12
-17
-11
34
-16
24
11
24
5
0
-23
-13
-21
-21
-5
-33
25
-22
-28
-8
-21
-12
-13
-19
-5
3
-21
12
-18
-15
22
-24
18
16
-1
-21
-10
13
-5
-7
-33
11
5
-29
-7
-23
-30
1
-24
5
-1
-8
-10
-24
-4
-12
-44
-21
11
-38
31
2
26
7
-25
-29
-16
18
-1
-11
-32
2
-14
-20
13
-32
-22
-13
-2
-31
-40
-22
-10
-36
-17
3
-15
-36
-15
-40
21
-14
-17
-1
-23
11
-45
17
30
6
-18
-23
69
34
-23
-19
-33
-13
-5
-3
-11
38
-24
2
-10
-36
-11
-15
-39
-12
-42
3
-15
-2
-12
-8
-30
-49
-19
-37
-25
-11
-12
-14
-26
-25
-20
-20
-28
20
-36
-19
-9
-32
-15
-33
-24
-16
-12
9
-5
-11
-16
-21
-20
-12
1
-22
-45
-19
-31
-27
-25
-5
-4
-21
-34
-10
-7
-20
-45
-32
-8
-14
-29
-30
-22
23
-16
-18
-24
-27
-45
-20
-24
-9
-39
-16
-13
-19
-18
-19
-12
-9
-7
-32
-18
6
-11
-21
-21
-2
-13
-23
-21
-47
-14
-30
-25
8
-30
-13
-23
-43
-19
-14
-6
-12
-50
5
-18
25
-28
2
-39
-25
-8
-8
-3
-29
-9
-18
-11
4
-39
8
-36
-22
-22
-25
-14
-12
-1
6
-11
-5
22
-1
15
-12
44
21
26
57
28
55
79
63
39
52
21
42
63
72
65
111
31
66
28
11
29
3
95
45
18
-16
20
21
-4
42
-30
3
26
35
62
21
-16
-27
-15
-4
27
19
26
13
-2
24
20
-31
-35
-18
-25
-11
-24
-27
-32
6
25
-23
-38
-34
-27
-8
-28
-4
-14
-23
-33
-14
-21
-7
-26
-12
-21
-21
-16
-17
-9
-33
-3
-31
-23
-30
-39
-11
6
6
-29
-18
-41
6
-23
-28
-44
-5
-27
0
-6
2
-47
-20
0
-22
-28
-23
-8
-1
-57
-21
-24
-19
-32
-19
-5
-3
-14
-9
8
-42
-37
-11
-16
-6
-15
17
-24
-36
-25
3
-26
-20
-28
6
-12
-34
-36
-19
-9
-38
-18
-17
-13
-10
-26
-15
-12
-27
8
-37
-14
-12
-17
-19
-16
-25
-8
-24
-20
-31
-35
-24
-33
-33
4
-18
-35
-21
-33
-40
-30
-21
-37
-13
-19
-34
-7
1
-17
-15
-7
-24
-46
-19
-4
-19
-24
-21
0
-31
-39
-21
-13
-9
-14
-8
-41
-22
-13
11
-41
-7
-44
-13
-25
-13
-14
-30
-7
-19
-29
-28
-19
-5
-26
-5
-23
-25
-12
-10
-19
-17
-23
-1
-19
12
-1
-14
-15
-7
-2
-27
-43
-12
-16
-35
-7
-26
-46
-10
-7
8
-21
-11
-17
-18
-41
-27
-35
-9
-22
-9
-16
-17
-14
-30
-28
-53
-41
-22
-32
-60
-32
-45
-21
-24
-29
-33
-45
-32
-35
0
-19
14
51
-31
14
38
-2
30
30
-22
-8
36
-1
8
-31
8
19
-1
-18
14
-10
7
17
-3
9
-14
24
-18
-8
39
-15
31
-3
-14
-17
-10
51
37
7
-4
1
-4
-11
9
-13
-30
8
36
34
11
-5
-9
2
13
23
-36
-17
54
27
13
1
14
24
2
-13
-22
-8
-25
-30
-15
-45
-13
-18
-14
-8
-18
-2
-8
-26
-34
-7
-30
-9
-31
-21
-34
1
-16
-25
7
31
13
-22
-1
-8
-14
-44
62
12
30
18
5
-39
20
-44
-21
12
-18
-28
-3
-2
-7
-11
-25
-2
-24
-22
-12
-13
13
-32
31
-5
-5
19
48
29
9
-14
0
5
2
-4
42
52
14
-23
-28
-28
-38
-14
31
50
13
-17
-21
-10
4
21
-26
14
-8
-2
37
20
-4
15
16
40
-13
52
1
2
10
0
30
-20
53
65
-23
118
93
35
54
-5
23
39
83
32
-5
69
33
-21
41
42
82
12
38
42
10
102
19
53
-6
-14
101
0
26
-6
64
86
38
-4
-10
73
-2
61
-32
18
-21
-23
16
12
-7
36
11
-10
-5
-41
-22
-3
54
43
12
-17
72
34
12
28
32
13
-3
44
-9
-11
0
-9
-5
56
-4
10
-1
-39
28
-25
-18
-16
-3
12
-19
-7
13
11
0
35
-4
28
16
-10
7
39
24
-13
-12
-30
-13
-20
-4
9
-6
-53
-15
-34
40
100
35
-1
-24
1
-21
-5
-9
-13
-32
-28
-17
4
-33
-29
-25
-10
-14
-40
29
-7
32
-15
-38
-4
8
-2
63
35
-28
17
102
59
20
-15
3
-6
-24
-4
2
-17
-13
-33
-13
-13
7
-3
13
-17
-15
-8
17
-26
44
22
-20
-26
10
82
19
-10
69
4
1
-19
-22
30
6
36
-13
18
55
39
29
48
87
63
24
29
109
-12
69
58
25
-17
-1
102
42
1
34
70
68
88
35
33
27
-11
51
4
-8
-19
-37
-9
-39
13
-18
-14
94
-14
10
72
47
63
-20
39
46
-21
68
59
66
67
-15
86
60
57
38
81
-7
46
34
-17
32
-14
-13
-6
-8
79
48
144
-8
25
-33
13
-24
-12
-6
57
59
-15
-3
-15
35
53
-23
-6
-16
-25
-7
-9
-39
-19
-2
-22
-30
-11
-4
-35
-25
-4
-18
-1
-12
-28
-22
1
11
-5
-16
-38
23
-23
54
10
46
-29
-10
78
-13
2
-17
-37
-18
-21
3
-7
-17
-23
-19
-33
100
-28
-37
-3
8
-27
-16
-23
41
-44
-12
-15
7
3
-11
-25
-28
-34
-15
-8
1
80
-27
1
-30
-17
53
66
-10
-13
12
-16
-42
20
30
3
109
43
-23
-35
-13
39
-16
-20
3
15
26
-12
1
37
25
70
64
76
-12
34
-2
20
5
16
95
32
43
4
4
-18
-19
-8
9
103
-17
78
34
16
94
-16
74
68
103
42
29
-14
52
-7
49
-24
-18
-7
117
-18
-28
-4
-28
-29
-22
-14
35
-25
64
-39
73
-18
15
7
16
-19
119
95
-4
6
79
28
61
139
41
34
23
-4
-12
-13
-27
52
-29
64
-37
-37
56
-26
-25
-11
-26
-38
0
49
-13
-12
-11
26
-25
35
-4
-26
-14
-28
-7
-10
13
123
51
1
-15
34
57
28
31
7
-15
14
51
-20
-21
23
21
11
47
36
17
21
4
33
-20
47
33
0
6
18
37
61
22
16
20
7
13
36
63
-12
25
-39
38
21
29
17
33
-12
89
73
-24
36
19
-19
5
10
30
21
38
-7
-52
40
-14
-1
2
14
-17
-21
-34
-4
-13
-15
-28
5
-15
-16
-24
-8
-32
-20
-16
-15
2
-13
45
-10
-31
18
-10
1
-19
-15
46
37
-3
-11
0
-1
46
-7
7
28
29
21
3
8
-21
16
3
-12
2
-26
-19
32
8
31
-3
10
-3
-19
46
20
105
68
63
14
15
-12
4
-14
52
18
35
112
45
129
48
66
39
20
47
9
24
118
15
41
24
45
30
30
17
-23
24
-31
-10
-6
-7
-7
-6
13
-18
-18
11
51
51
-23
15
-35
4
-20
-3
-20
1
10
-6
37
23
-3
-15
-17
27
40
-7
78
7
-12
97
162
15
17
5
33
79
-38
18
27
-17
8
-43
28
-32
5
9
120
58
8
84
82
53
67
63
96
78
85
93
33
99
14
-10
-22
115
102
73
-2
17
-24
-19
-6
12
22
-5
-43
45
-31
129
-5
83
42
