-57
-32
-66
-66
-43
-52
-55
-27
-40
-42
-46
-47
-58
-41
-45
-48
-35
-26
-30
-46
-54
-50
-37
-62
-33
-25
-23
-20
-31
-21
0
-1
3
-21
-32
-20
-39
-30
-29
-23
-11
-17
-20
-18
-31
-37
-26
-31
-29
-19
-26
-11
-13
-9
7
-12
5
-9
-21
-32
-41
-25
-27
-51
-40
-42
-44
-50
-50
-44
-47
-56
-53
-60
-50
-52
-58
-60
-56
-54
-62
-43
-56
-63
-62
-59
-59
-60
-61
-46
-58
-60
-59
-51
-50
-58
-60
-60
-59
-54
-49
-65
-69
-53
-62
-44
-35
-56
-46
-50
-39
-63
-71
-63
-63
-39
-42
-59
-60
-60
-49
-70
-70
-60
-74
-61
-57
-53
-62
-56
-58
-59
-50
-51
-62
-54
-44
-49
-55
-52
-54
-61
-52
-48
-47
-51
-55
-42
-63
-46
-59
-34
-41
-63
-36
-61
-42
-64
-61
-55
-48
-46
-50
-43
-38
-55
-60
-57
-47
-48
-39
-54
-57
-47
-53
-69
-47
-41
-37
-44
-49
-47
-42
-50
-39
-49
-34
-32
-27
-53
-44
-47
-37
-43
-41
-51
-37
-41
-52
-43
-51
-67
-59
-62
-69
-52
-61
-41
-39
-42
-36
-46
-41
-55
-35
-45
-44
-47
-40
-52
-44
-48
-44
-61
-58
-53
-49
-52
-44
-70
-59
-45
-56
-60
-41
-61
-61
-51
-56
-55
-30
-72
-42
-23
-51
-51
-34
-58
-53
-56
-48
-50
-26
-39
-21
-31
-50
-33
-33
-38
-56
-37
-39
-57
-34
-48
-32
-37
-28
-51
-47
-53
-39
-39
-54
-41
-50
-58
-45
-30
-41
-28
-46
-48
-36
-43
-22
-2
-29
-26
-35
-41
-35
-53
-32
-29
-48
-49
-41
-50
-49
-58
-45
-52
-31
-27
-23
-25
-30
-25
-20
-25
-24
-28
-38
-14
-45
-15
-12
-49
-16
-34
-12
-42
-29
-18
-16
8
-23
-30
-18
-26
-23
-15
-12
-17
-40
-30
-48
-28
-40
-34
-24
-37
-28
-31
-22
-46
-23
-17
-44
-30
-40
-45
-33
-34
-28
-36
-31
-17
-32
-38
-19
-39
-9
-23
-24
-32
-38
-30
-30
-14
-31
-28
-6
-18
-24
-42
-69
-50
-28
-49
-48
-38
-35
-47
-48
-25
-36
-19
-32
-35
-55
-22
-35
-43
-22
-39
-28
-26
-12
-22
-35
-17
-44
-34
-48
-38
-18
-25
-30
-21
-19
-17
-47
-25
-20
-2
-14
-16
-19
-35
-22
-9
-29
-16
-25
-32
-17
-10
-30
-3
-40
-18
12
-8
-10
5
-1
-10
-29
-16
6
-25
-12
-2
-10
-18
7
2
-16
-10
-12
27
6
-31
-5
-2
-11
10
-2
-11
2
1
-8
-19
-13
-5
-17
-14
-25
-8
-24
1
-26
-36
-30
-17
-19
-23
-2
-21
-6
-31
-18
-30
-40
-25
-34
-43
-46
-27
-28
-25
-30
-33
-41
-16
-32
-37
-32
-28
-35
-38
-45
-37
-30
-40
-48
-37
-19
-15
-20
-33
-24
-26
-49
-29
-29
-25
-35
-26
-19
-25
-14
-24
-20
-10
-42
-10
-12
-20
-12
-43
-7
-14
-10
-8
15
0
-3
-24
-27
2
-23
-9
-16
-7
7
-16
-14
-9
0
1
-9
1
-13
-9
-9
-1
-21
-5
-21
-8
-21
-33
5
-20
-7
-26
-18
-28
-18
-7
-11
-8
14
-14
-15
-12
-12
-7
-21
-14
-40
-34
-25
-37
-39
-34
-27
-23
-21
-6
-21
-18
-23
10
-20
-31
-26
-17
-8
2
-14
-2
-27
-30
-33
-21
-19
0
0
-25
-14
-22
-40
-47
2
-32
-28
-37
-8
-2
4
0
-11
21
-14
-18
-12
-7
-4
-2
-10
-13
-6
-28
-29
-7
-15
-19
-2
-16
-13
-6
-2
-9
-10
9
43
-5
-18
-11
5
10
-3
-11
-7
-25
-27
0
15
-10
-14
-22
-14
-23
-21
-7
-27
-26
1
-19
16
-16
-14
-16
-12
-33
-32
-28
-10
-13
-22
-15
-25
-26
-18
-24
-16
-17
-21
-26
-30
-17
-9
-21
-15
-25
2
15
-21
14
-12
-12
-11
-6
-7
-16
-3
-13
6
-6
-13
-27
-8
-16
-1
0
5
15
-3
11
-6
-11
5
16
1
1
-4
3
7
-6
-15
12
0
-5
-8
-4
0
-4
-24
-17
-13
-13
2
-21
2
-8
-16
-9
-30
-18
-3
12
2
6
-6
-12
4
-1
1
2
17
-5
8
4
-3
-5
18
-4
-8
-12
16
2
22
-11
-9
1
10
19
1
12
19
-8
9
37
3
-5
-1
24
17
1
9
22
-2
-22
-12
2
14
8
-8
-4
-13
-19
0
-9
-6
22
-7
0
-17
-17
-13
-12
-7
0
-3
-11
-6
-10
-7
-6
-31
-18
-10
-3
0
-25
-19
-2
-14
-2
0
-18
-26
-7
2
-2
-19
-18
9
-15
5
-1
-1
-18
-7
-3
-20
-5
-19
8
-6
7
-4
-1
3
-7
-3
-1
-11
1
-27
-5
-8
-11
-12
1
-7
-7
-9
1
9
-5
-2
12
-9
5
-12
-17
-5
-8
-5
-11
-17
-16
-21
8
6
-2
14
-10
21
6
4
7
21
13
-3
-3
9
-10
17
-2
0
-6
9
-4
8
4
-10
-7
19
12
7
19
-4
18
20
17
18
7
17
11
9
-3
15
19
28
27
26
19
-8
28
6
11
12
6
16
0
-4
10
10
2
16
21
23
-5
15
21
13
20
4
7
33
21
2
-2
23
-15
-2
-5
-8
4
-21
16
-21
-16
-4
-27
0
-9
-1
0
-23
-17
-18
-15
-28
-8
1
11
-12
-1
1
8
-9
-11
-9
-18
-19
8
9
-18
-11
-16
4
-12
4
22
3
-11
-15
-22
-13
3
24
0
-5
-1
0
3
25
-6
3
-11
-2
7
6
12
21
20
15
21
31
-4
-1
-11
3
12
26
-5
5
15
23
18
-5
-7
25
14
7
-4
0
15
-5
-1
-9
-12
2
-14
0
0
4
13
0
29
-8
18
11
8
-1
-14
-1
8
1
-2
-10
19
6
-8
-6
17
-5
12
-4
1
-4
-1
-20
-22
-15
-17
-15
-20
11
-1
0
-30
12
12
16
4
3
-5
17
1
-12
-4
16
12
-5
4
12
1
8
5
12
18
18
13
5
8
2
1
0
-11
-15
-1
-10
19
25
-7
21
17
17
23
13
3
3
-3
-3
1
28
13
-6
21
-1
-3
1
-8
3
6
30
-16
24
32
19
21
3
15
7
18
1
15
20
26
56
17
16
24
9
2
29
30
41
33
5
44
37
32
40
38
27
35
37
29
41
25
27
7
29
28
28
58
23
46
69
35
41
28
32
36
48
52
51
24
35
36
18
45
77
49
46
57
45
63
39
18
54
62
30
69
54
54
54
49
40
44
54
52
45
52
32
33
49
47
28
37
51
47
47
23
-4
40
39
35
-19
-12
10
34
45
56
33
45
29
36
60
50
62
15
29
13
25
58
57
64
74
62
53
46
35
62
6
28
52
70
53
55
59
76
16
24
25
46
64
50
60
34
46
86
51
48
53
68
23
58
63
35
50
7
45
44
44
39
40
36
27
37
34
29
52
46
56
68
64
67
66
49
69
58
51
45
42
45
39
35
65
78
49
52
61
52
55
53
75
58
48
22
36
35
32
38
32
51
48
60
94
45
41
58
45
49
48
54
93
61
67
53
58
58
38
30
30
23
67
79
24
57
62
36
47
44
46
31
36
18
51
52
45
-6
30
21
28
24
34
24
29
34
28
38
32
16
41
49
16
36
36
38
44
54
23
27
28
48
30
29
44
56
36
32
51
40
59
26
35
41
26
32
19
44
29
27
21
30
51
37
34
41
55
34
49
42
36
48
76
50
13
63
33
46
44
26
22
51
46
59
44
31
53
22
56
42
54
32
27
43
39
32
56
43
29
40
33
26
31
43
15
34
10
31
49
32
45
57
58
15
69
35
52
66
47
40
66
28
61
53
63
48
65
36
33
35
40
40
42
39
33
52
81
45
24
37
28
48
40
60
46
47
43
40
61
37
44
26
47
28
45
40
52
70
46
24
28
36
18
25
35
18
25
24
13
39
8
29
-10
15
21
34
24
5
35
37
67
28
24
49
45
36
65
69
64
54
46
26
47
29
52
46
39
41
25
34
30
28
18
34
5
37
0
41
61
30
25
38
46
56
77
57
58
44
43
39
57
57
46
32
65
28
46
21
30
38
33
39
50
51
42
56
53
48
24
58
52
61
69
35
34
59
42
83
61
41
25
18
26
55
69
54
46
90
35
77
64
14
76
52
82
63
74
59
69
83
45
31
29
53
71
78
35
62
45
56
32
56
79
38
105
47
44
62
82
93
47
38
45
37
34
41
60
56
