-58
-19
-78
-51
-31
-64
-54
-13
-42
-39
-49
-42
-35
-45
10
-39
-30
-24
27
-34
-34
-23
-39
-39
-50
11
3
-40
-57
-45
-3
31
4
-23
-33
-26
-61
-51
-27
-17
18
13
-13
3
15
-18
-14
-25
-30
1
-46
-19
18
-35
29
-33
32
14
15
0
-34
-54
-39
-75
-50
-73
-86
-58
-67
-66
-39
-73
-81
-75
-43
-52
-34
-73
-62
-68
-81
-57
-54
-78
-46
-61
-68
-78
-78
-79
-70
-78
-66
-61
-87
-70
-84
-86
-72
-57
-70
-76
-86
-79
-51
-63
10
-45
2
-33
-37
-49
-59
-84
-61
-62
-36
-46
-68
-49
-67
-90
-67
-45
-72
-76
-69
-25
-82
-30
-64
-55
-32
-33
-64
-72
-34
-24
-35
-18
-41
-23
-13
-16
-34
-54
-48
-14
-40
-24
-27
-4
-12
-76
-9
-58
-28
-66
-23
-3
-48
-35
-64
-30
-39
-44
-72
-59
-65
-42
-45
-69
-75
-57
-81
-69
-19
-29
-10
0
-37
-40
-11
-28
-35
-31
-14
14
-35
-29
-39
-25
-5
-18
-37
-69
-41
-52
-33
-67
-8
-47
-69
-78
-61
-37
-48
-42
-48
-15
-71
43
-39
-43
27
-5
-47
-57
18
-57
-44
-74
-42
-29
-45
-40
9
-9
-18
-46
-18
-54
-31
-21
-63
-43
-53
-33
-29
-62
-20
-58
-31
1
-40
-33
-30
-34
-69
-24
-47
-30
25
-24
-14
-18
-48
-12
-1
-24
-49
-36
-21
-67
-39
-81
-40
-66
-32
-62
-58
-70
-23
-8
-58
-54
-73
-77
-19
-54
-9
-35
-56
-41
6
-48
21
30
-12
22
23
-54
-32
-77
14
-32
-47
-64
-45
-77
-61
-70
-35
-78
-41
-12
60
48
-13
65
12
35
42
-5
-22
-20
-66
-14
42
-39
41
28
38
-20
3
28
92
97
48
30
28
58
37
9
11
-30
-34
-26
-66
1
-44
-5
-43
-13
2
-56
-26
-20
6
-1
-46
0
-36
-37
-35
-44
-57
-53
7
24
-9
-20
-85
-21
-49
-31
-40
-31
-85
-45
-25
11
-7
-11
10
-9
-16
-38
-84
-64
-21
-36
-40
-2
-62
3
-85
-6
-30
-3
-51
-45
-59
-16
13
-46
19
-12
-6
-4
65
-6
-66
-29
-86
-53
-65
-72
-47
-5
-18
-34
-26
-27
-57
-58
-20
4
-53
-23
-31
-34
-32
-57
-56
43
-74
-51
-5
64
21
58
-51
-2
35
26
-6
-19
79
47
-12
-42
29
6
-6
12
36
-37
-15
-36
-48
18
22
64
38
1
-6
39
-54
-12
59
30
70
34
1
32
37
52
10
35
10
-17
31
85
1
-14
13
11
10
41
15
-32
-13
-61
-20
-10
-24
-31
-20
-46
-43
-13
-19
-30
-4
-27
-34
-29
2
-60
-59
-8
-49
-48
-81
-33
-27
-18
-54
-18
30
2
55
-46
-16
-10
-53
-8
-44
33
-45
41
35
11
27
14
-7
-6
-8
26
2
-19
-37
-52
10
6
46
46
83
66
94
34
-4
54
59
81
35
54
88
-20
17
49
91
59
55
77
63
71
88
120
49
57
45
43
23
-24
47
-2
89
24
-16
-21
65
82
53
66
112
90
79
63
75
58
34
33
-39
2
53
-42
5
-22
21
-4
36
25
-1
51
-31
72
-8
-1
-13
24
30
106
38
44
44
51
40
46
33
25
106
15
62
54
-2
-26
43
8
-23
6
104
116
42
107
94
86
4
-65
47
42
54
-55
-17
-19
15
-37
-47
0
11
1
23
-4
29
37
59
17
14
18
212
45
-7
-13
-2
0
-6
-23
-6
-5
-26
-5
90
-9
-21
-19
-16
-35
8
-18
-15
12
90
-32
110
-7
-46
-21
-20
-85
-59
-75
-40
-34
0
-52
-2
-42
-81
-17
-58
-46
-41
-65
-39
-52
-34
-63
-72
-33
-39
-59
-33
-23
-26
-10
-28
-28
-43
-8
8
-14
-2
-12
-2
-34
21
-24
17
48
50
46
4
99
-6
-38
10
51
21
64
-25
-20
-23
22
-30
-41
-22
-58
-14
-5
-63
-38
-76
-41
-66
-62
-26
-52
-8
-24
-22
-14
-58
-41
10
7
-6
-54
-14
-2
20
39
27
44
91
34
13
6
-6
-19
1
10
-18
-19
35
9
13
-22
6
-8
-12
4
-20
-27
20
-22
10
-5
-14
-33
-36
29
49
-27
-14
43
-27
-11
-10
-29
75
13
-9
31
4
14
22
-6
7
64
-29
72
-26
-14
41
79
9
23
39
-5
0
26
-1
23
-22
-22
7
29
-5
-22
-19
36
-8
76
-12
-11
-54
-4
25
32
-23
-33
37
19
42
-4
18
12
-16
32
14
27
-19
47
5
47
53
40
53
21
-22
-9
-29
-14
-57
-10
58
-1
-24
57
-24
-39
-10
4
89
32
-14
22
8
-24
15
-34
43
1
-4
-28
-67
-63
-76
36
96
16
86
3
118
78
72
86
114
43
29
42
10
-33
114
44
51
28
68
51
74
96
-11
-14
141
86
92
126
42
125
117
37
93
37
69
55
-4
-9
54
-6
55
94
76
101
28
85
28
90
46
-5
133
56
-16
56
9
-9
78
57
18
-4
0
118
86
99
14
76
68
68
88
30
153
-6
2
42
20
61
-36
95
-27
-35
-5
-64
-17
-10
63
49
-72
-63
-44
-68
-78
-66
-57
-75
-66
-54
-51
-48
-57
-68
-76
-47
-48
51
80
-67
-66
-64
-11
-54
1
2
71
22
-44
-54
-40
24
101
2
77
21
71
-23
109
60
-31
-44
-64
1
-45
12
-26
54
26
17
31
-50
-51
-7
-23
19
110
29
-16
-16
90
53
47
19
122
64
16
-11
14
83
-22
2
3
-18
-66
-9
35
20
30
47
-17
112
-7
30
58
65
24
-15
58
19
-2
-5
7
51
-11
-8
-45
45
-4
35
29
24
-29
0
-59
-70
-71
-35
-21
-51
-48
-40
-10
-72
31
11
13
19
33
-9
1
-3
-47
-21
-6
-41
-14
33
37
27
21
78
37
55
60
35
13
18
20
-2
-53
-13
-31
-25
-33
47
84
-31
31
25
26
32
71
-3
32
-16
3
-41
-4
26
20
30
-21
-20
-27
7
3
-39
-3
-26
40
73
46
19
-20
21
-15
-11
-17
24
55
37
68
94
17
42
36
17
105
30
50
-22
23
27
40
-1
66
57
64
43
65
2
50
-42
-54
-59
21
-6
-16
-32
-40
-53
-52
-59
-86
-72
-67
-23
-19
-18
-34
-27
-21
19
-6
-50
13
31
46
38
-33
-23
40
-61
62
50
-58
37
64
63
39
56
61
-35
134
58
60
33
21
34
96
51
-10
-25
15
7
3
-6
-19
18
41
38
-18
60
-19
39
28
65
39
0
-17
-2
15
141
135
-47
49
-21
48
120
68
95
146
167
107
53
2
89
-29
-33
56
109
45
3
67
133
16
-16
12
1
115
76
78
1
18
124
57
102
69
18
-4
59
47
36
56
42
109
73
64
102
8
45
13
10
51
-28
60
71
129
122
117
114
118
52
82
83
35
73
32
43
9
39
56
86
100
76
30
33
50
112
84
122
65
35
16
28
12
44
35
31
33
90
248
34
60
100
51
104
50
81
292
71
113
89
108
56
62
58
93
12
91
141
1
8
94
29
79
112
97
-12
4
-36
104
87
101
84
12
62
124
34
70
73
52
44
-2
56
29
52
76
81
88
19
51
37
37
120
-11
-2
5
38
-52
7
17
91
11
13
10
27
26
26
-42
-8
-44
-18
-45
-24
-7
-11
-13
-6
24
31
-17
-21
-23
-37
-5
-17
6
3
-37
-6
-7
10
11
26
-21
3
-9
91
31
-5
-6
-9
-21
-7
-26
-15
10
10
-5
-1
1
-43
-10
-15
-48
-7
21
-1
17
49
42
-7
-17
31
31
-8
8
13
-3
-12
26
-24
40
18
29
54
57
-49
65
43
-2
-15
7
77
10
30
-22
14
101
-3
6
58
41
12
-3
7
39
-4
-16
69
-10
24
29
-21
50
-33
14
22
1
-22
-18
-15
14
27
52
64
29
39
-10
-40
-9
-38
-27
35
-28
40
25
21
-43
-13
11
-6
-40
-31
-19
-34
73
17
8
2
17
-2
-21
57
14
30
6
-11
14
-18
6
14
19
14
5
-12
10
42
-7
24
-3
14
-29
18
43
18
-25
-16
15
52
41
-20
45
68
60
15
10
28
30
-2
96
33
40
8
-14
55
26
-10
48
53
31
27
20
-18
5
41
36
18
33
-13
-31
13
11
80
36
-5
46
59
-14
44
55
24
61
30
34
21
41
-8
71
14
55
29
33
4
31
-26
2
40
-8
12
22
21
-5
43
5
-41
-44
-7
8
-12
10
60
60
25
48
48
34
23
-8
39
85
-32
74
12
37
31
1
32
62
79
15
-20
-40
68
69
50
55
8
-11
23
20
34
33
-32
0
45
39
3
-53
-21
53
52
7
17
119
56
53
47
-2
17
93
113
-15
21
-29
128
35
35
-13
79
106
57
69
0
39
-30
100
26
-5
68
68
65
68
19
32
27
40
105
102
68
51
57
75
45
-2
67
80
0
76
44
92
92
24
84
69
99
103
-27
47
55
57
20
-1
46
120
60
86
14
117
35
62
148
125
84
119
76
77
94
31
42
75
85
28
-38
47
81
65
86
54
53
-21
141
5
39
-32
54
24
132
42
97
6
-12
-17
-34
32
35
22
44
38
-54
-16
-3
26
51
30
-24
13
48
42
103
68
29
30
59
0
6
29
-22
26
71
31
-38
-34
46
25
-14
72
72
28
73
26
108
77
7
0
37
-6
-9
0
28
34
47
37
42
82
-9
57
94
23
108
58
53
