12
16
34
16
15
16
27
16
11
11
14
22
10
16
35
12
25
12
15
14
19
25
23
18
16
16
16
13
16
14
12
29
10
22
18
15
18
19
19
18
24
18
24
24
19
18
13
22
22
15
14
21
19
20
22
36
22
19
14
22
16
21
13
18
21
17
21
19
15
24
18
16
20
28
12
15
19
16
12
22
14
13
20
18
24
16
18
18
19
29
17
19
24
15
18
16
15
14
18
17
17
12
18
19
16
22
17
16
21
16
17
15
13
11
13
12
18
22
18
18
19
21
14
17
14
14
16
14
17
16
10
19
16
18
13
18
12
13
19
14
16
18
23
20
17
17
20
19
21
11
13
16
23
16
13
18
15
18
12
16
26
16
14
15
12
15
20
14
11
13
13
17
12
17
16
17
15
23
19
12
18
13
18
15
15
15
16
12
19
15
19
12
19
12
20
15
18
18
12
16
13
18
13
20
18
11
14
19
21
12
20
22
10
14
16
15
20
14
16
18
17
15
12
17
13
19
15
11
11
13
14
20
9
12
9
10
9
13
9
10
14
9
9
11
11
8
9
20
10
19
10
20
13
9
13
14
11
8
9
11
11
10
10
19
11
10
15
9
15
19
9
11
8
14
9
9
10
19
9
25
13
10
9
9
9
9
20
11
10
10
9
14
9
10
9
10
16
8
9
10
9
10
13
9
11
10
9
9
9
11
9
10
18
9
20
10
9
12
9
9
10
11
19
10
10
10
10
9
10
10
10
8
10
12
9
18
9
10
9
9
9
9
12
14
9
8
10
9
10
10
10
10
9
8
10
14
9
9
10
8
9
10
8
9
9
9
18
8
10
20
11
9
9
16
10
9
8
8
9
8
10
9
9
12
9
8
9
9
10
10
18
10
9
9
15
9
10
10
10
18
10
10
9
10
10
9
10
9
9
10
10
10
9
11
15
9
8
11
10
15
10
10
10
8
10
10
10
9
9
13
12
9
10
9
9
10
9
10
10
9
9
12
9
10
8
10
10
10
9
10
9
8
8
11
10
12
9
9
12
9
10
9
10
9
11
10
10
10
10
9
9
9
9
9
12
9
13
8
10
8
9
9
10
9
10
10
10
11
9
8
9
10
13
9
9
11
10
9
9
10
9
8
8
9
9
9
10
9
9
9
10
9
10
10
8
10
9
10
9
9
11
10
10
10
9
10
8
8
10
9
9
9
10
10
8
11
9
10
8
10
10
9
8
13
12
8
10
14
10
9
8
10
9
8
10
8
10
10
9
13
9
10
9
10
8
9
10
10
11
10
10
11
10
10
9
11
9
10
10
13
8
10
10
9
10
9
9
8
9
9
10
9
10
10
9
10
9
11
10
9
12
10
10
9
10
11
12
10
12
11
9
10
10
9
9
9
10
9
8
10
10
10
10
10
10
10
8
10
10
10
14
8
9
10
9
10
8
8
9
10
9
8
9
10
11
9
11
9
8
10
10
10
9
10
8
12
10
10
9
10
8
10
9
10
9
10
10
9
9
9
12
9
9
8
9
10
9
11
10
10
9
10
10
9
10
9
10
12
9
10
10
9
9
9
9
10
9
8
9
8
9
9
9
9
10
11
12
9
9
10
10
10
8
10
10
8
9
12
10
9
8
10
9
10
9
9
8
10
10
10
10
10
10
13
10
9
9
9
10
10
12
8
10
8
8
9
9
8
10
9
10
10
10
10
10
8
11
10
9
8
10
10
10
9
11
8
11
10
12
9
8
10
8
10
10
9
10
10
8
9
10
9
10
10
9
10
12
9
9
11
10
10
12
10
12
8
9
10
9
9
11
9
11
10
9
9
8
10
10
11
10
9
11
10
9
10
8
9
11
10
9
10
10
8
10
13
10
10
8
9
10
8
11
9
9
9
9
11
10
10
9
9
10
10
10
9
9
9
10
10
10
8
9
10
11
8
10
9
10
9
11
10
8
11
9
9
10
8
10
10
10
9
8
10
11
9
9
10
10
10
9
10
9
10
10
10
10
10
10
8
10
12
8
9
9
10
9
9
9
12
10
10
9
9
9
12
10
8
8
11
10
9
10
10
10
10
9
9
9
10
9
8
9
10
10
10
9
9
9
11
10
10
10
10
8
10
8
9
10
10
9
10
9
10
10
10
10
10
9
10
10
10
10
9
9
10
12
9
9
11
10
9
10
9
11
10
9
9
10
11
10
10
10
11
10
10
11
9
10
10
10
10
9
10
9
10
9
12
10
9
10
8
9
10
10
10
9
9
10
8
9
9
10
9
9
9
14
9
9
9
10
9
10
10
10
9
9
9
9
10
10
10
10
9
8
9
10
9
10
9
9
10
10
9
8
9
10
10
10
9
9
9
9
10
9
8
10
8
10
14
9
8
10
10
9
11
9
9
10
9
9
9
10
11
10
11
12
10
10
9
8
9
9
9
10
8
10
9
9
11
9
11
10
9
9
11
10
9
9
10
9
8
10
10
10
10
9
9
10
8
10
9
8
11
12
9
8
9
10
8
9
8
9
8
8
11
10
8
9
10
8
10
10
9
10
10
9
10
13
11
9
9
9
10
8
9
10
11
9
9
10
10
10
10
11
10
9
9
9
9
10
10
10
9
9
10
9
10
10
10
9
10
9
11
9
9
9
10
9
8
9
10
10
10
10
9
10
11
10
9
10
10
10
10
10
9
9
11
10
10
10
10
10
8
9
12
9
9
11
9
11
10
8
9
9
10
12
9
11
9
11
8
9
11
9
9
10
9
9
10
8
10
11
10
9
10
10
9
9
11
10
10
9
9
10
9
9
10
10
9
8
9
9
10
9
12
10
11
10
8
10
9
8
10
10
10
10
10
9
9
10
9
10
10
10
8
11
10
9
10
10
10
10
10
12
11
9
10
8
9
8
9
11
9
9
10
10
9
9
9
12
9
9
8
9
10
9
11
9
8
10
9
9
9
8
10
10
10
10
8
10
9
10
9
9
10
10
10
10
10
10
8
10
8
11
9
10
9
9
11
10
8
11
9
11
9
8
8
8
9
10
9
9
9
9
10
9
10
10
10
10
12
10
10
9
8
9
9
9
9
10
9
12
11
10
8
10
9
10
9
9
9
9
12
10
10
10
9
9
9
10
10
11
9
10
9
12
10
10
9
9
11
9
10
10
10
9
9
10
8
9
10
10
10
8
10
9
10
9
10
9
10
9
11
9
9
10
9
9
12
10
8
9
9
8
9
11
10
9
9
10
9
10
10
10
12
9
9
10
9
8
12
10
9
12
9
12
9
10
8
9
9
10
9
9
10
10
9
9
9
11
9
8
10
10
10
10
10
10
9
9
10
8
10
9
11
10
12
8
10
8
9
8
10
10
8
10
9
10
10
9
9
8
9
10
11
9
10
9
10
10
9
9
10
11
9
9
10
11
10
10
8
8
9
9
8
11
9
9
9
11
9
10
11
8
9
10
9
9
10
9
9
8
10
10
9
11
9
8
10
9
9
10
9
10
9
12
9
9
9
10
10
10
10
10
9
9
10
9
10
10
10
11
8
10
8
9
10
9
8
10
10
10
9
9
10
8
10
10
9
9
10
9
11
9
9
10
10
10
10
11
9
11
10
10
9
10
10
10
9
9
9
11
8
9
10
10
9
9
9
9
9
10
9
8
10
11
9
10
10
9
9
11
11
10
10
10
10
9
10
10
9
10
9
10
10
9
10
10
9
9
9
10
9
9
10
8
10
9
9
10
8
9
8
10
9
10
9
8
10
9
9
10
11
10
9
10
10
8
9
10
10
10
10
11
9
10
9
10
10
9
9
9
9
9
8
8
10
10
9
10
10
10
11
8
11
10
9
10
9
9
11
9
10
10
10
10
11
10
10
10
11
9
8
10
10
11
9
9
9
10
8
9
10
12
10
10
9
9
10
10
8
10
10
9
9
10
10
9
8
9
10
9
10
11
10
9
10
9
9
9
8
10
8
9
8
9
10
10
10
10
10
10
10
11
10
9
10
9
9
10
9
10
10
10
8
8
9
11
10
10
10
9
9
10
10
10
9
10
9
10
8
10
9
10
10
9
9
10
10
10
10
9
10
10
9
10
9
10
10
9
8
10
9
9
9
9
8
9
9
9
10
10
8
9
10
9
9
9
10
9
11
9
10
9
9
9
10
9
8
11
10
8
12
9
10
9
9
11
10
9
11
9
10
10
10
10
10
9
10
11
10
9
9
11
9
16
11
10
9
10
8
10
10
9
8
10
9
10
10
10
9
10
9
8
10
9
8
11
11
10
8
9
9
12
10
9
9
9
9
9
10
9
11
10
10
10
9
10
10
9
10
9
9
9
10
9
9
9
9
10
9
10
9
10
9
9
10
9
10
10
10
8
11
10
10
10
9
10
9
8
10
9
9
11
8
11
8
9
10
12
10
10
10
11
10
10
11
10
10
10
9
8
10
10
10
10
9
10
11
10
10
11
10
10
10
9
10
10
10
10
10
9
9
10
10
8
8
11
11
9
9
10
11
9
9
8
10
9
11
10
9
10
10
11
9
8
9
10
10
9
10
8
9
9
10
9
9
11
10
9
10
9
10
9
10
10
9
11
10
10
8
10
9
10
10
8
8
9
9
9
9
10
9
11
9
9
9
9
9
9
9
10
9
9
9
9
10
9
9
9
11
10
10
8
10
10
10
8
11
10
10
10
10
9
10
10
10
10
10
8
9
10
11
11
11
12
9
9
11
9
10
11
10
10
9
9
9
9
10
9
9
9
11
9
9
10
9
9
10
9
9
11
9
10
11
9
10
11
9
10
10
10
9
10
10
9
10
10
10
10
11
10
9
8
11
10
10
9
10
9
10
10
10
10
9
11
10
9
9
9
8
10
10
9
14
11
9
10
9
9
9
9
9
9
8
10
10
9
10
12
11
9
9
8
9
10
9
9
9
8
11
10
9
9
9
9
9
9
10
9
10
9
9
9
9
12
9
9
9
10
9
9
11
9
10
9
10
8
10
9
9
9
10
12
10
9
8
9
9
10
10
11
10
9
8
10
10
10
9
10
9
8
8
13
12
12
10
8
9
9
9
11
10
10
10
8
10
10
9
10
8
9
10
10
11
10
10
10
11
10
9
12
10
10
10
10
10
10
9
9
10
9
10
10
9
11
10
9
11
8
10
10
10
10
10
10
10
10
10
9
9
9
10
10
9
8
12
10
8
11
9
9
9
9
9
10
8
10
10
9
10
9
8
9
8
10
10
9
11
10
10
8
9
9
10
9
12
9
9
11
9
10
10
11
10
10
11
10
8
11
9
9
8
10
10
10
10
10
10
10
10
10
10
10
10
9
10
8
9
9
10
8
10
9
8
10
12
10
10
10
10
8
9
11
9
9
11
10
10
9
10
9
10
10
9
10
10
9
8
10
10
10
9
10
8
11
8
10
9
9
9
10
10
9
10
10
8
8
8
10
9
11
9
10
11
10
10
10
9
9
11
10
9
10
12
10
9
10
9
10
10
10
12
10
10
10
10
10
9
10
9
9
9
10
11
9
10
10
9
10
9
9
8
11
9
10
9
10
9
10
10
9
10
9
10
11
10
9
13
9
8
9
10
8
8
10
11
10
10
10
9
9
10
9
10
9
12
13
10
8
10
10
10
9
8
10
10
10
9
10
8
11
10
10
10
10
9
10
11
10
9
11
10
11
9
10
10
11
11
8
11
10
10
9
9
10
12
9
11
9
10
9
10
9
10
10
9
10
10
9
10
8
10
9
10
9
10
10
9
9
11
9
12
9
10
10
10
9
10
10
9
10
8
9
10
10
9
10
9
10
13
10
9
9
9
9
8
8
10
10
9
9
10
8
9
10
9
9
10
9
10
9
9
9
9
9
10
10
8
9
10
8
9
10
13
10
11
10
10
10
9
10
11
9
13
9
10
9
10
10
9
10
8
10
10
8
11
10
9
10
11
10
9
10
9
11
10
8
10
10
10
9
10
9
8
13
10
10
10
10
10
10
10
9
9
9
10
10
8
9
10
10
10
9
10
9
8
10
10
9
11
9
10
9
10
9
9
9
10
10
9
11
10
10
12
11
11
9
8
13
9
9
8
9
9
11
9
9
9
10
9
8
9
9
9
9
10
10
9
9
9
9
10
10
9
10
10
11
9
10
8
11
8
12
10
11
10
9
10
10
9
9
10
9
11
10
10
9
9
11
11
8
11
9
8
9
10
10
10
8
10
10
9
9
9
10
10
9
9
10
9
10
11
8
8
8
10
9
10
10
10
10
10
8
10
10
11
9
13
9
10
10
9
9
9
10
11
10
9
9
8
10
9
9
10
8
9
10
10
10
9
8
9
11
10
9
10
9
9
10
13
9
9
11
9
9
11
11
9
10
11
10
10
8
9
10
10
8
8
8
10
8
9
9
8
10
10
8
8
10
10
10
9
10
10
9
10
10
10
9
8
9
10
9
9
8
10
9
10
9
9
10
9
9
9
9
9
10
12
11
10
9
8
8
9
9
8
8
8
9
11
9
8
9
10
10
9
10
9
8
8
10
9
9
8
8
9
10
10
10
10
11
10
8
9
9
9
9
9
11
11
10
12
11
10
9
10
9
9
9
11
11
10
9
10
10
9
10
9
9
11
10
10
9
11
10
12
9
9
8
10
9
9
10
9
8
10
8
9
9
8
8
9
8
9
10
9
10
9
8
10
10
8
10
9
11
10
9
9
10
8
9
9
10
10
15
10
9
10
10
10
9
11
10
10
10
9
10
8
9
9
9
9
9
10
10
8
9
10
9
8
9
10
10
10
10
10
10
9
8
10
8
9
9
9
9
10
9
13
9
9
10
8
9
10
9
9
8
11
8
9
10
11
10
8
10
9
11
10
12
10
12
12
10
9
9
10
12
9
11
10
9
14
9
9
12
8
9
10
10
10
10
9
10
8
10
12
9
9
10
9
9
10
8
8
11
10
9
10
12
9
8
9
10
10
10
10
9
10
9
8
10
10
8
12
10
10
10
8
9
8
9
9
9
12
8
10
10
10
11
9
8
9
9
9
12
10
10
8
9
9
11
9
10
14
10
10
9
8
9
10
10
9
9
9
11
9
9
11
8
10
10
9
10
10
9
10
11
10
10
9
8
10
11
10
12
11
10
10
9
9
8
8
11
9
9
11
8
8
9
10
10
10
10
9
8
9
10
9
12
10
10
9
10
8
10
9
8
9
9
9
11
10
9
9
10
9
8
10
9
13
13
8
11
10
10
9
10
11
9
10
10
9
10
10
12
10
9
9
13
9
11
9
10
9
10
11
10
9
10
12
10
8
9
10
10
10
10
11
10
11
8
11
9
10
10
9
11
10
8
9
9
9
10
10
10
10
10
10
10
9
10
9
10
9
10
10
9
10
10
8
9
10
9
11
10
11
10
9
10
17
10
10
8
9
10
9
9
9
9
10
9
10
10
11
10
9
9
9
9
12
10
8
10
10
11
10
9
11
10
9
9
12
10
9
8
9
9
9
13
10
10
8
11
9
12
20
8
10
10
16
9
9
15
9
9
9
10
9
10
38
14
9
8
11
9
12
9
10
14
13
10
10
11
32
13
10
9
12
8
9
9
11
10
9
9
10
14
8
10
10
15
10
11
10
12
9
12
15
12
19
12
30
15
12
15
10
9
12
9
12
10
11
12
9
8
12
10
10
9
10
10
10
9
10
8
13
8
10
10
9
12
11
9
12
11
10
8
30
11
9
13
17
10
11
10
14
13
9
11
9
9
10
9
9
9
9
9
10
16
10
11
11
14
10
9
13
11
9
11
11
10
14
9
9
10
13
9
34
19
18
18
9
9
16
32
9
10
11
9
17
9
19
10
12
15
8
14
17
14
14
12
10
11
9
10
9
8
14
9
9
15
11
9
11
11
13
10
8
13
13
9
14
15
12
12
11
10
10
14
13
9
12
9
10
9
12
8
9
11
11
11
10
10
10
13
16
10
12
13
10
28
29
17
12
10
8
15
11
14
13
11
12
16
13
11
9
11
11
14
12
9
11
10
8
13
13
13
10
15
11
15
12
10
8
11
13
12
16
15
10
28
9
17
12
9
10
13
11
11
10
10
10
10
12
11
11
11
9
14
10
17
16
13
33
16
17
13
11
14
12
15
13
14
13
11
11
11
10
13
13
12
14
12
12
14
10
11
18
11
8
15
15
11
10
13
13
11
16
14
17
13
16
11
10
13
12
13
11
13
15
9
9
13
18
17
13
9
17
13
16
17
11
13
14
8
16
23
11
13
14
12
11
12
14
14
12
14
30
13
15
15
15
11
11
15
11
15
11
16
10
20
14
17
12
11
15
10
14
13
12
17
13
11
15
18
14
9
11
24
10
15
12
19
14
17
13
17
15
10
14
15
15
12
13
11
14
13
14
15
14
11
10
16
12
16
12
10
20
13
12
17
16
9
14
14
13
10
15
14
15
9
13
17
14
11
13
13
12
11
13
19
14
9
13
13
11
49
13
13
50
15
11
13
13
14
45
17
18
10
15
12
16
16
13
11
14
18
41
12
11
12
12
18
12
14
18
15
12
13
12
15
11
19
10
34
11
12
12
14
15
13
19
17
16
13
16
24
28
36
30
16
12
12
18
17
14
15
30
14
20
9
12
15
19
20
30
14
17
13
20
25
19
17
22
50
17
18
24
28
41
11
58
15
13
15
30
12
21
29
33
42
20
14
16
16
35
19
20
12
17
38
58
20
29
28
18
24
71
21
14
33
19
22
32
29
40
38
22
37
36
34
34
40
35
28
27
25
38
65
35
27
28
16
33
24
16
28
29
39
28
21
30
29
36
21
36
39
42
28
14
34
38
36
34
42
47
24
44
39
41
27
53
35
27
44
36
37
46
37
36
52
31
54
34
41
35
26
33
57
33
31
34
31
40
31
33
45
55
36
27
32
38
35
43
36
30
39
42
64
37
27
33
32
36
41
35
44
41
40
101
38
42
39
30
27
44
32
29
83
39
29
28
45
35
34
56
58
62
48
46
29
47
74
36
34
35
47
43
44
34
34
102
63
96
69
45
55
45
30
36
37
45
33
84
28
27
48
42
62
56
37
40
37
57
30
36
41
52
39
30
48
40
45
44
39
53
49
37
50
39
36
55
142
36
37
33
49
44
83
36
28
33
56
36
35
27
41
77
77
30
61
62
32
45
57
46
37
26
29
31
39
41
48
58
28
38
37
124
33
49
41
39
33
41
47
34
55
30
48
45
37
81
48
71
31
73
49
41
35
48
41
46
45
38
48
118
57
44
41
52
112
35
31
36
45
35
27
32
44
59
53
35
35
32
42
37
55
36
39
48
37
37
38
33
90
41
33
27
42
32
55
32
35
50
47
33
29
38
36
70
34
35
46
34
31
35
26
37
44
60
74
44
30
34
47
35
40
40
86
33
56
54
35
47
49
32
38
37
31
61
47
37
41
47
40
44
35
31
39
52
35
51
49
48
34
47
58
49
51
50
59
61
55
42
32
46
49
44
51
115
34
152
29
43
53
44
45
39
46
35
39
38
55
62
76
54
35
42
63
34
33
39
40
52
33
36
35
41
43
47
48
56
50
49
46
43
37
60
41
46
52
43
48
43
68
50
37
37
41
31
30
35
46
42
46
46
64
48
45
50
66
37
37
46
47
46
45
46
45
60
57
36
55
43
50
66
32
47
42
35
69
62
102
35
32
32
51
41
41
65
41
30
33
52
47
43
30
50
48
46
38
52
33
59
44
49
114
52
40
48
45
43
54
41
65
45
44
46
48
42
46
39
57
43
74
46
58
35
31
58
46
38
59
49
41
89
39
52
46
55
45
55
71
46
44
41
48
49
88
41
64
39
37
63
53
49
42
44
46
45
54
55
75
48
51
41
59
52
39
50
47
55
45
52
50
47
49
56
45
35
54
183
48
43
152
41
50
149
163
179
37
162
159
193
172
146
47
54
163
151
155
161
63
166
39
39
37
39
54
43
175
191
153
155
182
153
40
142
156
168
180
146
150
139
147
175
161
151
174
159
153
152
31
163
157
63
158
155
162
140
159
151
166
153
154
154
146
152
155
170
141
158
168
179
162
154
160
44
181
155
170
54
163
162
176
169
154
154
161
149
161
149
174
146
142
138
157
217
145
158
167
171
164
151
161
157
139
136
149
156
180
161
169
165
171
148
177
176
149
154
175
153
143
157
154
170
149
141
166
138
142
160
147
157
142
145
141
142
153
152
153
141
139
182
143
147
139
146
147
150
140
140
154
143
157
143
159
152
140
144
157
144
158
142
137
170
166
152
154
142
139
152
146
159
134
139
136
159
135
144
152
133
132
143
139
142
140
148
152
147
142
135
149
134
150
142
139
156
142
142
142
135
136
144
148
153
137
144
132
151
128
137
129
134
134
147
121
142
147
135
143
141
146
139
129
132
135
142
134
141
134
127
113
152
140
137
138
132
138
145
154
134
139
126
124
148
123
