24
32
28
24
14
23
15
21
11
22
45
29
24
17
17
18
10
15
9
12
10
12
17
10
16
16
18
18
16
14
12
11
13
11
14
9
14
13
12
24
13
11
10
8
21
14
13
10
10
11
10
10
11
10
10
10
12
12
17
14
13
14
10
12
13
15
11
11
13
12
12
10
13
11
12
10
12
9
8
11
10
11
14
12
15
11
15
11
9
16
11
11
9
10
10
9
10
10
9
14
12
13
13
8
10
9
11
8
10
9
10
11
10
9
9
12
13
11
8
10
10
11
9
11
11
14
11
10
10
15
10
9
11
11
9
10
13
10
11
10
9
10
10
13
9
11
9
12
10
18
9
9
10
9
10
11
14
10
14
12
10
9
8
11
10
12
10
9
9
11
10
15
10
12
10
10
15
10
10
10
10
8
9
10
10
9
11
13
10
10
11
9
9
11
9
9
12
13
13
13
11
11
12
10
9
13
8
10
9
11
10
9
9
9
8
11
10
9
9
9
10
9
9
10
9
10
10
12
9
9
9
9
9
10
11
9
9
8
11
9
12
10
10
10
8
9
11
10
10
10
10
10
9
10
10
11
10
9
15
10
11
11
10
9
9
11
11
10
9
10
10
9
9
10
8
10
8
10
11
10
9
9
9
10
8
9
9
9
9
11
10
10
10
9
9
9
11
10
10
9
10
9
10
12
11
8
8
11
10
10
10
10
10
10
8
9
9
9
9
8
10
9
9
10
9
9
8
11
10
9
10
10
9
13
10
9
10
15
11
9
9
10
10
9
9
10
9
9
8
11
9
9
9
10
10
10
10
10
9
10
11
9
8
10
10
9
9
10
10
10
9
12
10
9
9
10
9
11
12
11
10
9
8
9
9
10
10
10
9
10
9
9
9
10
9
10
10
9
8
10
8
10
12
10
10
10
10
10
8
9
11
10
10
11
8
11
9
9
12
10
10
13
9
9
11
9
9
9
11
8
9
10
9
11
8
10
10
9
10
9
12
10
10
10
9
11
11
10
10
9
10
9
9
10
10
9
8
11
10
11
9
8
9
9
9
9
9
8
10
10
10
8
8
11
9
10
10
10
8
9
12
9
11
8
10
10
9
9
10
9
10
8
8
10
11
10
9
8
10
9
10
11
9
10
8
9
9
10
10
12
10
10
10
10
10
10
11
9
12
9
9
9
10
9
10
11
9
11
10
10
10
10
10
10
10
9
11
8
10
9
9
10
9
9
9
12
11
11
10
8
9
9
9
9
10
9
9
9
9
8
9
9
11
9
10
13
9
9
10
10
10
9
10
10
10
10
12
11
9
9
10
9
9
8
9
12
10
9
11
10
10
10
8
8
8
10
10
9
10
10
10
11
9
12
9
10
9
9
9
9
9
9
10
10
10
10
10
9
9
10
9
10
10
8
10
8
10
10
10
9
11
11
10
9
10
10
9
9
9
8
11
9
9
11
11
12
10
9
9
10
8
8
10
8
9
9
9
10
9
10
12
10
10
9
8
10
10
10
10
10
9
9
10
9
9
10
10
9
12
8
11
8
10
10
9
9
8
10
9
10
10
10
10
10
10
10
8
10
10
10
10
11
12
9
9
9
9
9
10
8
10
8
10
11
9
9
10
10
10
11
9
9
9
9
10
10
9
11
10
9
10
8
10
9
10
9
8
10
10
9
10
9
11
8
9
10
8
9
10
10
10
10
9
9
14
9
8
10
10
10
10
9
10
9
10
10
9
10
11
9
10
8
8
9
12
9
8
9
9
10
10
12
9
10
10
9
10
9
10
15
12
10
9
9
10
10
12
11
9
9
10
9
9
9
9
9
9
11
10
9
10
9
9
8
9
9
10
10
12
10
9
11
8
9
10
9
9
11
11
10
9
10
9
9
10
10
10
11
9
11
10
11
11
9
9
8
10
10
9
10
10
9
10
10
12
9
8
11
10
11
8
8
11
9
11
9
8
8
10
10
9
10
9
10
10
10
10
9
11
11
11
9
9
10
10
8
9
9
9
10
8
12
9
11
10
10
10
10
9
12
9
9
9
9
9
10
10
9
9
10
9
9
9
9
9
10
11
10
9
10
11
10
9
10
9
9
9
10
10
10
9
9
10
8
10
10
10
10
8
8
9
9
9
9
9
9
9
9
11
9
10
10
13
9
9
10
10
10
10
10
9
10
10
10
10
10
9
10
10
10
9
8
11
11
10
8
9
10
10
8
12
10
10
8
10
10
10
8
11
10
9
9
12
8
10
10
9
9
9
9
10
9
9
10
9
9
10
9
10
10
8
10
11
10
10
9
9
8
9
9
10
10
10
10
9
8
8
9
8
9
10
10
10
9
9
10
10
8
10
11
8
10
8
10
10
10
10
10
9
10
8
10
10
10
8
9
9
13
10
12
8
9
8
9
9
10
11
9
9
13
9
10
10
9
11
10
10
10
9
10
8
9
8
10
12
10
11
10
10
10
9
9
10
9
9
8
11
10
11
10
9
10
10
8
11
10
11
9
11
10
9
8
10
9
10
9
10
9
11
9
10
10
9
9
9
10
9
9
9
11
10
9
8
10
10
12
9
10
8
10
9
10
10
10
10
10
9
11
10
8
10
10
10
10
10
9
9
8
8
10
10
9
10
10
13
9
10
10
13
10
9
9
10
11
9
10
9
9
9
10
8
9
10
10
10
10
10
11
10
11
10
9
10
11
10
8
9
9
9
8
8
11
9
10
11
8
10
11
9
9
10
11
10
8
9
11
8
10
8
11
9
11
10
10
8
10
8
9
8
9
9
10
9
10
10
11
10
10
9
10
9
10
9
10
9
8
9
9
9
9
11
10
8
10
9
10
10
9
9
12
9
10
9
10
10
9
10
11
9
10
9
11
10
9
10
11
9
10
9
10
10
10
9
12
8
9
10
10
9
9
8
10
8
9
9
11
10
9
9
10
14
11
9
9
10
9
8
10
12
9
9
10
10
9
10
9
10
10
10
10
9
8
8
10
10
8
10
11
9
10
10
10
9
8
9
10
10
11
9
10
11
9
9
10
11
10
9
8
11
8
9
11
8
10
10
11
9
9
10
10
9
9
13
9
10
10
10
9
10
10
8
10
12
10
10
9
10
10
8
9
9
9
9
10
9
8
10
10
10
8
8
10
9
9
9
8
10
9
10
9
10
9
8
10
9
10
9
9
9
10
9
10
9
9
8
10
9
13
9
10
12
9
10
9
9
9
9
10
9
10
10
11
9
11
11
9
9
10
10
9
9
10
10
11
8
8
10
11
10
8
9
9
9
9
12
9
8
9
9
10
10
9
12
10
10
10
10
9
8
10
9
10
10
10
9
11
9
10
9
9
8
10
8
8
10
10
11
10
9
10
9
10
10
10
8
9
9
9
9
10
9
8
10
10
9
11
11
11
10
10
10
10
11
9
9
10
9
11
10
10
10
9
8
10
10
10
10
9
9
9
10
9
10
9
10
12
8
10
11
11
10
10
8
8
9
10
9
10
10
10
11
9
12
9
10
10
10
10
8
10
9
9
10
12
12
11
10
9
10
12
11
11
11
9
8
9
9
10
8
9
10
9
8
12
9
10
11
9
11
13
10
9
9
8
8
10
10
10
8
9
9
9
10
9
10
10
10
10
10
8
10
11
11
10
9
11
9
8
8
10
9
10
9
10
10
8
10
9
11
10
9
10
9
9
9
10
10
10
11
9
9
11
8
10
11
12
8
8
10
10
12
10
8
10
8
9
8
9
10
11
10
9
9
10
10
9
10
9
9
10
10
9
10
8
10
10
10
10
8
10
9
10
10
10
10
10
12
10
10
9
10
12
10
9
9
9
10
11
8
8
10
10
10
10
10
10
12
9
9
10
9
11
11
9
9
9
10
10
10
12
8
10
11
9
10
9
10
10
10
9
12
11
10
10
10
9
8
9
10
9
9
8
10
9
8
10
10
10
11
9
10
9
9
9
8
8
11
9
8
9
11
9
10
10
10
10
13
9
10
10
9
9
10
10
11
9
10
9
10
9
8
9
9
9
11
12
9
9
10
9
9
12
8
8
10
8
9
9
10
11
9
11
9
10
8
9
9
10
10
9
9
10
9
9
9
10
10
12
9
10
11
10
10
9
10
8
10
10
11
8
9
11
10
10
10
9
9
9
10
10
9
11
9
9
9
9
8
8
10
9
9
8
10
10
9
10
10
9
9
9
9
9
10
10
9
8
10
9
9
9
11
9
10
10
8
10
11
10
11
10
9
9
9
11
8
10
10
9
8
9
10
10
12
10
10
9
9
9
11
10
10
10
9
11
10
11
11
9
10
9
8
9
10
9
10
10
10
10
10
10
9
9
10
9
10
8
9
9
10
10
9
10
9
11
10
9
10
9
10
10
10
9
9
9
10
10
10
9
8
11
10
11
10
10
9
9
10
9
8
10
12
10
9
10
9
10
9
10
12
9
8
10
10
9
12
9
11
10
8
10
11
12
9
9
9
9
9
10
10
12
9
8
10
10
9
10
9
8
10
8
9
9
10
14
10
10
9
10
10
11
10
9
8
11
9
10
8
10
9
9
10
8
9
9
9
10
10
10
9
9
10
10
10
8
9
10
9
9
11
11
10
9
11
10
11
9
9
8
10
9
9
10
10
10
10
10
9
12
11
10
9
10
10
9
8
9
9
10
9
10
10
10
9
9
9
8
12
9
10
10
13
10
10
9
10
10
10
10
9
8
9
8
10
9
10
10
10
12
8
9
9
10
10
9
10
8
10
10
9
9
10
9
10
10
9
9
8
8
10
10
13
11
9
9
9
10
11
10
9
9
10
10
8
10
9
9
9
9
9
9
9
12
10
10
10
9
11
8
9
9
11
8
10
11
11
9
10
8
9
11
8
9
10
10
12
9
10
10
8
9
11
10
10
8
9
10
12
10
10
9
11
10
10
10
9
10
10
8
9
10
10
11
11
10
10
10
10
10
10
9
10
9
8
10
14
10
9
10
11
9
12
9
8
9
11
9
9
10
10
10
10
12
9
9
14
9
8
10
9
10
9
10
8
11
10
10
8
9
10
10
10
10
9
9
9
9
9
10
10
10
12
9
12
9
10
10
9
10
10
9
9
9
9
10
10
10
11
10
10
8
10
8
14
10
10
11
9
8
9
12
9
13
12
9
9
12
10
8
10
8
9
10
13
9
9
10
9
9
10
10
9
10
10
10
10
9
10
10
11
11
10
10
10
9
10
10
10
10
10
9
14
12
10
9
8
10
10
10
8
10
10
10
10
10
11
10
8
10
10
10
8
9
10
10
10
9
9
10
9
8
10
9
10
8
9
10
8
10
10
9
9
10
10
9
9
9
10
8
10
10
10
9
9
8
10
9
9
10
10
10
8
9
10
10
10
8
10
10
12
8
9
9
9
9
10
8
9
9
10
10
9
10
10
10
10
10
9
10
11
8
12
9
10
9
9
10
9
10
8
10
9
8
9
15
10
10
10
10
11
10
9
10
10
11
10
10
10
11
12
9
9
9
8
10
11
9
8
9
9
10
8
9
11
9
10
10
9
10
9
8
9
10
10
10
11
9
10
11
10
10
10
10
10
9
8
12
10
9
10
10
10
10
9
8
11
9
9
10
10
8
11
9
11
9
11
10
10
8
11
10
10
9
8
9
10
10
10
10
12
9
9
9
10
8
10
10
9
9
10
8
13
9
9
9
9
10
10
12
10
13
10
9
9
10
11
10
10
10
8
9
11
10
9
9
9
8
11
9
10
9
8
9
13
14
10
10
9
10
9
10
9
9
10
9
9
9
11
9
10
11
10
10
9
10
9
10
9
8
10
9
10
12
10
10
9
8
9
11
9
9
12
10
14
9
9
11
10
9
10
9
8
10
12
10
9
10
10
9
10
11
9
9
9
12
10
11
8
10
8
8
11
14
10
9
9
10
9
9
10
10
10
10
9
9
10
10
9
8
10
14
10
10
10
9
9
10
10
11
10
8
13
10
10
9
10
10
9
9
10
9
10
11
9
9
10
9
10
9
12
10
9
10
10
11
10
11
10
10
8
9
10
10
11
10
11
9
9
9
10
9
12
10
11
9
12
10
11
9
9
11
9
9
10
11
10
11
10
9
10
10
9
9
10
10
9
9
10
9
10
9
9
10
10
9
10
10
9
11
9
10
9
8
10
9
10
9
8
10
10
10
11
13
9
10
9
8
10
10
9
9
8
9
10
10
10
9
9
15
10
9
11
9
11
9
12
10
10
9
9
9
9
9
9
10
10
10
10
10
11
9
9
8
9
9
10
10
10
10
11
10
10
9
13
11
8
9
10
10
9
10
10
10
12
10
10
10
10
10
11
11
11
9
10
9
11
9
10
10
10
9
9
9
9
9
10
10
11
10
11
8
9
10
8
9
10
9
12
10
9
13
10
9
10
10
10
9
8
9
12
9
10
11
9
9
9
10
12
10
12
15
9
9
10
8
10
8
9
13
9
10
8
10
11
9
9
8
10
9
12
10
10
10
9
16
10
9
10
10
10
11
9
9
9
10
11
10
11
9
8
9
9
9
10
15
9
10
9
12
8
10
9
10
9
13
12
10
10
10
10
8
9
10
10
9
9
13
10
12
9
9
9
9
8
9
10
10
9
9
8
9
9
10
10
12
10
10
11
12
10
9
9
9
8
11
10
13
10
10
10
10
9
9
9
9
9
9
9
11
9
10
10
10
9
9
11
10
8
10
9
8
9
9
9
10
16
9
12
10
9
15
14
9
10
12
10
15
9
8
8
10
10
9
10
8
10
13
9
12
13
10
11
9
10
11
9
9
9
9
18
9
10
8
11
10
9
10
10
10
10
8
9
10
10
16
10
9
9
8
9
9
10
9
8
12
13
8
9
10
10
9
11
10
9
12
12
10
9
15
10
10
10
10
9
12
10
8
10
10
10
12
9
10
8
10
10
9
10
10
12
9
9
15
9
13
10
9
13
10
10
10
10
13
10
10
9
9
8
8
10
16
8
10
11
15
11
9
10
9
9
9
15
10
9
9
10
11
11
9
9
10
9
9
13
9
11
12
14
9
12
13
17
8
14
16
10
13
14
10
13
9
10
9
10
17
12
13
9
9
10
9
9
9
11
10
8
10
8
9
10
12
10
11
12
10
11
10
10
9
10
10
8
9
8
12
13
9
9
16
10
8
8
8
10
10
9
9
10
20
9
9
14
10
9
10
10
10
12
10
10
11
13
8
9
10
10
8
9
9
12
10
9
10
10
9
9
15
9
12
10
11
10
9
8
10
10
10
10
9
10
8
15
10
9
10
10
9
9
9
10
11
10
8
9
9
10
9
9
10
12
9
11
10
9
10
10
12
9
10
13
10
9
11
8
12
10
8
9
10
8
9
12
11
12
9
9
10
9
17
9
9
12
10
14
10
10
9
10
10
9
10
10
9
9
9
9
12
9
8
17
10
9
11
10
10
9
15
10
8
12
14
9
10
12
10
11
8
10
17
10
9
10
8
11
10
8
10
10
10
9
10
8
11
11
9
9
9
14
9
9
14
10
9
9
9
10
9
9
10
10
9
8
10
9
9
9
10
9
9
10
9
9
9
9
10
9
9
14
9
9
10
10
8
10
9
11
9
8
9
9
9
11
12
9
10
9
10
9
11
9
36
13
9
15
20
10
9
9
11
10
10
13
11
9
9
9
9
9
15
10
9
8
11
9
11
15
9
8
10
14
10
10
9
10
10
9
12
8
10
9
12
10
14
9
8
9
10
9
10
9
12
10
10
15
8
11
12
16
11
13
15
9
10
9
9
10
14
13
15
9
16
8
13
15
9
17
11
9
12
9
9
11
11
9
12
17
9
9
10
16
12
10
11
9
11
10
12
13
9
8
9
9
10
15
10
9
10
9
9
10
9
10
9
10
10
9
10
14
12
9
9
10
9
9
10
9
10
13
13
14
8
8
12
9
9
9
11
8
10
9
10
10
25
13
11
9
19
13
10
8
8
12
8
16
10
9
9
9
9
9
9
9
15
9
10
12
9
10
9
8
10
9
8
9
12
11
8
10
12
11
10
9
15
11
10
16
17
8
12
10
9
14
9
12
8
9
25
12
9
13
12
23
10
9
8
12
10
8
10
10
13
15
17
9
21
12
11
10
13
9
13
27
25
10
10
13
11
9
8
10
9
9
8
8
12
11
9
9
10
12
8
9
9
25
10
8
11
10
9
10
10
16
8
9
13
8
14
9
13
18
18
9
9
15
21
9
23
9
23
9
18
11
17
24
9
9
10
28
31
8
9
9
11
14
15
8
28
14
8
9
16
12
41
11
10
9
10
42
10
14
10
27
15
23
16
8
9
22
23
21
16
19
35
9
18
9
12
9
10
14
29
20
11
18
8
13
10
8
9
10
14
21
9
17
16
17
23
22
8
13
46
8
35
8
9
12
10
9
9
11
14
13
36
10
16
9
10
12
15
10
46
23
20
9
17
15
10
9
9
12
50
30
10
8
12
43
9
9
25
12
10
8
30
48
12
9
17
19
8
10
11
16
10
13
16
12
8
10
12
20
11
19
9
31
13
13
18
22
14
10
10
24
8
11
21
16
9
12
10
20
24
12
29
11
10
22
31
10
12
12
13
27
14
10
9
14
20
18
13
18
26
14
17
12
9
38
13
10
26
9
11
18
34
8
14
12
16
13
14
21
11
63
14
8
12
20
19
30
21
11
19
13
11
10
8
15
15
20
33
17
9
9
43
21
17
24
9
32
11
15
22
11
37
9
9
11
35
10
38
21
17
20
15
22
14
8
32
10
18
22
12
12
41
10
35
15
14
20
10
12
59
17
9
15
16
14
40
26
18
14
29
10
26
10
20
11
14
28
13
24
10
17
76
16
11
20
9
14
57
15
16
21
11
13
9
16
11
10
15
9
35
14
18
63
10
25
13
13
19
27
15
11
15
18
10
10
12
13
22
26
15
21
10
15
10
34
43
16
38
11
14
11
27
14
26
12
30
22
31
21
16
12
25
17
16
12
16
26
20
14
19
10
36
33
18
11
18
17
37
13
25
25
10
13
10
18
31
15
8
36
25
15
19
35
15
20
14
13
16
11
48
18
9
31
14
22
14
14
25
14
13
31
42
12
19
58
31
19
23
15
30
38
28
18
19
23
16
22
16
18
34
28
15
29
15
35
19
8
21
25
15
19
15
20
22
13
43
21
38
18
30
21
14
14
33
48
27
34
23
20
23
39
21
13
21
17
27
34
24
18
21
28
24
30
26
37
25
25
31
23
41
9
20
34
29
46
17
32
26
32
13
22
26
9
28
33
40
35
14
21
20
20
23
35
40
31
15
27
38
21
49
37
12
24
36
21
29
22
16
26
75
45
10
25
43
33
35
29
12
71
20
22
19
75
22
77
22
11
26
26
56
53
18
38
32
71
82
82
63
99
76
54
71
87
98
71
62
33
102
47
54
83
114
80
10
39
59
33
117
93
45
123
30
107
111
117
37
143
128
102
104
96
110
143
103
121
55
103
94
87
97
135
100
42
98
69
45
27
35
19
42
69
52
57
63
59
63
59
58
36
56
54
116
43
35
52
83
51
63
93
47
48
119
76
75
62
96
61
83
83
64
82
60
40
50
82
43
60
56
55
19
78
49
75
59
70
55
99
45
61
87
55
99
69
47
57
61
42
45
53
38
108
56
54
61
61
46
44
69
36
37
65
59
78
22
65
51
60
59
61
43
46
65
64
50
46
62
45
57
89
51
77
50
44
62
52
55
55
42
53
52
49
52
48
51
96
67
51
55
34
60
63
41
60
51
56
65
43
45
50
39
73
50
48
40
79
48
56
62
54
39
63
43
56
46
43
42
58
77
57
55
60
58
58
75
52
76
77
57
67
56
52
59
49
77
61
64
35
46
45
77
63
44
56
49
85
73
58
63
70
52
64
46
44
80
45
46
65
63
58
45
51
47
61
49
43
49
47
68
60
38
47
73
46
54
43
67
75
60
38
58
69
61
35
60
60
54
62
50
50
47
43
77
82
58
65
50
46
69
69
50
71
75
61
45
78
54
82
55
47
47
59
62
62
43
56
57
64
78
59
51
59
72
51
56
75
60
51
53
52
72
103
64
76
72
65
66
49
64
51
79
64
66
45
43
76
61
74
70
61
54
58
46
50
70
54
55
67
71
57
60
54
72
75
57
50
67
63
50
61
67
52
53
64
72
65
51
56
58
64
60
56
86
55
116
107
59
54
62
52
65
71
66
91
73
120
57
75
104
103
111
110
77
65
68
104
78
70
82
89
87
81
57
55
62
62
61
65
67
77
51
83
79
106
106
75
68
97
79
64
111
94
73
82
93
63
18
71
112
80
24
108
109
72
61
57
94
60
97
109
114
107
59
68
137
126
113
97
107
111
88
109
119
63
131
75
83
113
62
72
77
73
87
121
101
140
122
113
101
115
123
82
117
105
101
137
124
124
144
126
85
108
139
133
148
105
125
192
120
145
108
105
106
147
36
97
119
114
124
135
126
131
143
125
133
148
132
103
111
133
138
145
113
127
132
103
107
138
117
149
110
139
115
120
102
120
142
109
113
178
45
138
151
160
141
107
111
112
210
99
130
30
103
51
135
34
107
182
262
115
167
164
47
138
102
298
66
108
182
36
116
52
98
22
23
104
50
105
65
96
102
229
171
167
144
359
308
143
151
255
202
181
184
186
230
345
123
188
326
135
286
204
225
142
214
200
129
363
361
222
248
108
154
294
153
136
256
160
126
141
163
12
121
107
119
158
162
117
204
138
219
140
120
27
110
146
129
100
108
191
