17
32
14
17
15
10
14
30
13
10
23
23
39
13
13
26
34
11
21
10
15
9
11
10
12
14
23
13
16
12
26
17
9
37
12
13
10
12
13
14
12
24
21
13
10
11
11
10
17
16
10
14
11
10
11
11
11
12
10
14
12
8
10
10
8
8
16
9
10
11
10
18
11
10
12
9
15
10
11
10
12
10
9
11
12
9
13
12
11
21
16
8
15
12
13
12
9
9
10
15
9
10
8
10
13
10
9
9
10
9
10
15
11
11
15
36
19
19
12
16
12
39
31
17
11
16
21
45
9
14
33
39
22
8
17
23
17
15
17
23
17
17
13
19
24
13
37
16
19
11
21
12
19
19
21
34
23
15
14
8
11
24
16
15
12
38
9
23
15
15
12
18
13
20
18
16
10
13
21
22
29
10
19
16
24
27
17
15
9
18
29
10
10
12
15
9
33
10
14
20
15
23
15
12
11
11
18
20
12
17
22
16
19
21
25
14
13
17
17
36
17
16
13
12
42
12
22
12
15
49
31
18
37
44
14
18
21
24
25
21
36
26
26
60
31
39
14
21
59
16
70
30
60
29
39
69
18
15
14
22
19
57
49
21
52
13
24
24
30
17
21
83
19
18
9
12
36
10
22
41
77
37
30
34
74
27
16
26
15
44
52
68
46
59
51
11
90
75
25
41
74
54
13
37
20
34
15
20
35
60
49
21
26
26
50
28
25
30
23
13
26
41
63
51
12
27
50
61
16
18
37
19
18
22
11
67
17
33
28
26
34
28
18
26
51
40
27
45
30
53
13
26
29
38
53
54
50
75
44
42
51
22
28
23
73
84
85
34
69
73
59
13
52
34
54
26
13
43
75
24
86
59
201
91
13
78
38
65
47
110
85
43
29
57
14
36
31
58
47
79
39
81
86
55
60
113
66
47
54
146
106
62
82
55
39
62
55
49
82
26
56
37
54
62
96
46
73
100
59
79
107
91
36
78
31
68
105
38
71
56
107
100
74
156
106
72
92
131
22
43
54
117
131
132
95
182
96
226
163
137
145
129
99
159
167
164
56
149
171
255
185
213
173
153
154
254
409
151
291
66
268
194
211
281
200
207
236
240
374
177
199
269
84
275
204
193
276
248
55
144
62
217
197
62
17
173
183
252
339
231
236
280
355
201
299
312
259
277
299
322
355
273
86
299
328
201
360
274
234
500
211
500
223
414
336
106
143
190
281
361
196
104
236
215
203
219
131
111
92
93
133
129
43
69
125
77
20
32
104
85
130
122
151
120
132
55
183
147
169
90
172
159
130
315
168
129
175
177
296
148
127
142
140
209
253
227
195
292
223
192
175
204
286
235
244
500
262
247
339
229
237
258
375
294
369
38
461
293
259
302
395
374
400
225
336
288
293
291
254
343
397
320
344
248
261
358
389
261
402
368
205
233
307
445
419
309
500
328
497
500
400
308
389
411
332
20
415
394
333
489
395
387
272
275
500
500
420
332
382
500
271
296
500
471
377
308
352
472
414
500
500
489
320
500
437
378
379
480
459
500
414
358
439
406
59
450
477
432
487
370
500
496
308
385
375
428
394
500
46
500
500
500
500
500
436
317
432
441
500
500
500
500
500
500
500
443
355
500
500
435
500
500
500
500
500
500
416
500
500
500
500
500
500
500
500
500
500
14
260
253
282
247
402
352
