15
13
12
16
23
22
28
10
15
19
28
46
12
44
19
22
17
11
14
26
11
15
12
28
13
12
12
14
8
10
9
9
11
21
14
15
9
11
13
12
13
10
18
11
11
9
38
13
19
21
9
11
10
9
11
9
10
13
25
12
11
10
9
9
10
22
9
12
18
14
11
13
10
13
8
15
12
11
9
11
11
12
12
15
23
8
14
14
16
9
11
12
14
9
14
18
12
18
9
13
23
32
21
22
18
33
12
19
24
18
14
15
11
21
40
16
22
32
16
15
22
19
12
20
45
15
41
25
12
22
20
10
17
14
13
13
11
9
14
17
48
16
15
18
18
20
16
25
46
14
10
16
20
12
21
12
17
15
25
28
15
9
41
15
14
31
11
13
18
14
11
15
10
12
15
17
9
16
33
8
12
15
11
17
23
11
17
13
17
13
13
16
12
13
13
15
16
13
10
11
12
20
13
18
15
16
27
18
13
18
26
11
13
15
11
13
12
9
15
19
12
8
12
13
15
15
13
18
14
23
11
15
12
12
25
19
24
19
26
14
23
18
8
27
24
38
41
11
16
18
23
17
10
51
10
15
34
80
16
21
11
24
26
42
31
22
17
42
16
13
35
27
27
83
14
16
24
45
21
35
14
56
19
23
32
45
23
14
24
22
20
72
60
13
25
44
21
11
38
89
37
16
62
32
49
35
23
61
47
54
10
41
53
18
23
34
41
86
95
52
36
94
61
41
47
38
34
26
69
129
27
18
36
57
19
84
37
103
26
50
98
27
15
25
60
76
176
52
75
47
20
22
45
58
117
56
108
54
37
179
60
174
62
95
44
79
59
43
66
91
110
141
97
43
63
86
55
233
88
87
127
66
129
111
121
70
107
106
69
101
188
34
83
118
265
76
122
223
130
141
112
204
116
135
151
229
285
141
202
186
240
153
243
45
102
31
268
204
199
331
200
202
213
451
364
247
82
277
22
281
393
172
480
284
18
332
500
429
500
250
275
288
149
226
241
203
500
74
40
171
466
344
226
39
36
364
243
500
15
237
165
238
500
229
386
500
281
500
500
500
123
500
272
259
263
12
301
301
331
500
79
431
500
340
437
470
500
288
342
322
500
473
19
267
500
456
500
500
500
500
449
500
490
500
500
500
500
485
500
500
500
500
348
500
351
500
500
500
500
500
500
500
500
500
500
500
500
500
81
443
500
469
479
500
500
500
500
500
385
460
500
500
500
428
500
363
500
500
500
500
221
203
76
178
93
297
289
121
500
192
244
156
114
208
153
165
73
128
74
172
34
152
17
132
170
206
211
288
302
500
152
496
500
407
500
289
320
220
500
500
261
207
384
500
500
500
500
166
165
160
158
159
127
138
132
153
156
126
143
126
122
117
123
140
156
197
143
111
151
130
126
139
195
254
159
189
213
232
14
151
153
189
441
248
195
162
437
241
206
206
500
189
134
159
143
155
107
120
497
500
500
500
500
500
500
500
500
500
17
8
11
9
14
11
10
11
10
12
500
500
500
500
428
333
449
408
278
319
210
206
196
167
198
166
205
196
270
430
279
257
500
211
500
500
