65
54
554
55
378
179
658
184
265
198
324
277
654
308
379
327
462
356
257
555
398
697
264
511
218
346
341
612
159
138
431
605
508
398
257
610
449
277
300
408
60
218
323
216
443
532
562
340
273
436
195
311
230
206
404
318
506
348
417
258
598
229
358
473
267
559
261
370
302
477
311
410
277
124
507
244
735
330
194
424
522
396
398
282
230
247
333
127
278
283
175
172
298
497
402
401
312
261
331
241
501
387
309
286
542
466
285
143
330
248
367
583
402
50
89
448
333
156
376
326
460
323
498
247
381
301
279
263
96
271
358
316
506
435
164
125
276
243
226
297
174
198
181
135
480
263
296
59
373
190
193
487
395
292
280
429
411
147
365
132
42
190
348
610
290
217
187
240
118
378
372
483
452
325
560
142
613
217
293
423
331
401
74
151
417
59
323
525
299
286
417
307
220
342
505
562
453
301
411
325
276
476
272
409
267
335
358
292
349
178
303
381
173
540
332
469
232
312
333
370
521
374
282
359
466
319
218
212
201
220
214
267
282
155
106
182
384
226
216
145
180
195
500
281
127
245
394
416
151
102
257
358
339
475
484
449
169
300
302
247
308
174
195
100
265
314
466
244
282
559
167
338
212
126
419
399
519
247
