65
54
554
55
378
179
658
184
282
12
390
336
33
125
1000
186
1000
766
329
1000
30
1000
38
383
13
380
26
610
315
296
1000
1000
499
71
1000
97
150
52
439
152
59
619
358
535
433
96
88
259
21
1000
408
259
56
6
194
423
92
718
1000
640
827
124
382
148
148
95
153
124
200
1000
21
35
291
1
14
135
1000
12
97
298
826
273
523
949
90
525
23
74
46
1000
4
87
471
453
35
507
114
271
53
333
267
94
339
46
1000
34
208
289
266
129
455
753
36
138
7
58
1000
234
114
704
236
28
1000
246
197
257
5
125
132
15
735
445
675
1000
435
192
30
143
65
157
97
654
147
181
151
353
110
3
56
107
255
385
1000
783
283
49
1000
56
675
133
66
362
8
838
345
265
184
419
196
135
113
528
186
103
527
223
366
16
3
17
185
106
41
393
173
112
92
123
185
622
229
3
24
10
645
432
383
202
157
109
597
917
35
70
85
133
2
341
43
115
41
9
17
189
100
948
54
170
1
13
171
339
251
214
80
395
107
329
197
3
47
200
158
99
14
68
912
288
75
135
86
280
954
753
172
81
27
668
365
18
398
505
88
1000
379
343
170
195
39
50
13
134
333
100
71
60
1000
52
283
67
495
181
213
288
18
34
611
127
645
310
5
456
221
288
228
26
373
27
487
91
785
267
383
63
468
92
376
96
252
392
233
22
644
159
311
292
286
115
115
69
82
34
19
431
188
202
658
107
670
46
172
709
50
206
106
44
183
59
156
777
333
272
4
147
96
44
318
205
28
65
201
168
374
89
212
69
827
16
800
179
71
246
106
178
640
287
