65
54
554
55
378
179
658
184
265
330
15
74
336
33
125
503
294
47
186
156
676
1000
145
1000
202
298
57
846
32
60
17
1000
1000
48
9
1000
1000
277
741
779
179
84
30
143
1000
526
1000
128
786
358
361
109
798
19
812
408
734
507
10
19
745
24
192
322
813
107
562
107
287
136
202
1000
46
19
406
125
583
636
254
224
816
185
218
90
270
15
175
166
330
73
540
462
299
76
897
412
91
223
540
430
123
483
29
143
63
259
95
217
365
42
572
129
153
39
147
819
65
299
310
134
328
338
150
209
543
130
16
120
1
26
368
113
538
499
5
32
601
115
546
114
105
16
171
179
1000
404
607
154
55
454
556
342
161
292
1
43
138
17
20
119
21
127
205
141
477
422
189
44
5
325
807
248
79
184
249
60
965
238
346
369
444
209
79
34
224
67
594
200
627
299
559
821
4
357
133
239
54
138
291
149
320
44
54
200
126
110
1000
556
595
198
129
1
14
368
352
1000
42
428
1000
434
1000
355
110
444
918
1000
483
128
406
433
121
153
554
300
52
7
51
25
172
98
126
477
1000
420
51
873
791
305
67
271
278
86
49
76
393
326
220
11
962
844
57
108
91
57
26
77
127
570
426
236
243
116
55
23
106
90
302
250
413
329
25
149
544
186
127
237
61
229
805
143
100
34
147
176
43
115
333
37
143
396
243
407
64
107
78
100
117
360
82
200
253
85
689
206
139
1000
44
224
763
487
361
58
792
236
246
4
155
106
231
129
451
217
57
138
177
177
329
627
