-42
-57
-49
-67
-40
-50
-81
-38
-14
-25
-40
-30
-1
-14
19
7
-4
53
31
34
-2
44
9
3
-1
17
13
4
12
21
7
-50
49
65
8
-1
98
71
30
76
83
-26
20
25
54
70
13
102
13
62
15
-19
24
82
59
15
25
100
39
30
11
25
96
39
61
80
31
45
54
48
50
34
21
41
17
35
37
53
61
49
7
81
-2
15
43
71
18
26
43
71
66
49
42
66
77
51
94
0
69
101
21
84
38
34
40
36
29
76
-6
42
-13
48
90
53
77
71
52
-19
40
105
99
57
-1
61
64
95
64
48
29
79
110
53
70
26
85
55
19
40
77
36
43
8
87
95
123
66
66
18
52
61
74
92
85
65
26
-2
45
102
88
59
71
70
79
86
38
89
119
44
107
57
77
114
111
78
54
74
69
97
116
59
136
80
81
110
124
54
89
121
74
74
33
70
78
40
86
102
75
82
61
110
76
63
60
42
26
131
116
87
110
53
11
84
84
28
77
77
61
71
75
99
124
92
79
79
89
52
80
118
101
94
79
94
3
47
54
142
101
62
43
86
68
48
137
91
127
66
98
112
117
39
61
87
145
60
75
17
57
94
55
93
17
108
131
70
63
123
31
61
78
48
82
105
45
110
90
98
62
68
123
53
110
96
81
62
107
123
84
71
39
101
94
116
47
65
59
108
106
89
99
119
99
59
169
88
120
116
79
125
117
108
136
106
95
71
83
113
103
116
85
83
69
10
88
135
75
117
171
50
57
99
73
120
76
99
102
70
46
29
78
51
106
90
90
138
61
96
23
108
116
84
109
113
105
129
90
165
108
63
76
95
80
45
78
99
102
112
116
97
98
14
135
69
81
78
91
67
7
80
93
44
123
112
62
91
69
59
38
129
74
115
105
118
105
-22
129
96
232
81
109
3
86
97
137
77
91
68
68
120
101
138
65
101
113
73
96
65
90
140
125
88
84
59
74
142
105
122
64
108
34
127
76
99
91
110
50
92
99
75
88
84
64
70
163
95
58
117
61
142
124
93
86
70
117
83
110
144
52
111
121
78
104
98
102
61
98
90
80
85
81
81
98
124
50
102
84
114
118
76
118
126
119
121
139
96
95
119
98
73
105
122
156
29
121
139
72
62
125
86
93
89
79
87
46
120
169
114
89
103
127
55
75
75
84
42
136
94
77
85
81
88
101
124
112
73
69
91
96
109
85
98
139
144
114
105
138
91
99
225
82
120
160
111
47
114
83
91
105
122
127
81
106
-21
122
118
113
146
120
107
33
105
111
110
99
74
94
151
109
76
83
112
57
92
116
99
103
134
51
42
111
111
71
142
92
137
60
95
277
87
92
134
141
163
104
116
104
98
148
46
108
52
128
115
110
165
157
155
110
134
121
90
108
117
142
138
72
96
90
89
93
105
76
103
117
110
119
266
92
113
154
73
131
114
102
106
128
49
127
36
175
111
176
98
99
136
127
96
89
112
136
147
105
138
88
119
107
124
121
159
116
95
86
96
90
52
104
108
146
74
114
141
86
140
131
112
74
149
105
104
69
92
133
118
129
89
184
173
131
115
138
267
296
74
157
119
69
124
333
120
136
116
94
77
158
162
98
125
99
154
90
87
104
132
142
128
177
425
100
126
92
63
101
145
142
67
130
85
124
92
119
75
98
119
63
95
172
84
116
38
176
96
115
82
134
101
85
96
145
78
94
126
96
87
130
131
120
46
98
157
147
114
112
116
148
122
115
90
139
76
75
126
65
98
134
-11
114
64
123
105
86
81
121
43
97
72
28
105
120
62
143
93
99
88
88
132
120
147
114
88
158
103
100
134
109
143
