-14
-57
3
-67
-69
30
-5
42
10
10
31
37
38
49
113
55
44
6
45
25
32
-10
7
44
-8
55
37
23
51
93
24
12
4
-15
18
87
45
34
53
10
65
31
13
126
18
50
98
18
144
22
-9
-6
63
55
40
72
77
118
71
8
20
25
0
91
126
97
33
26
38
86
45
61
22
79
90
50
54
4
83
107
122
69
106
-15
38
92
103
106
26
54
76
89
68
89
29
109
72
85
99
89
71
73
106
39
78
102
34
7
115
104
28
115
92
72
81
25
58
80
67
81
33
112
54
69
103
79
66
47
62
46
37
87
84
120
26
71
90
97
51
62
95
141
103
12
67
63
19
101
77
101
30
95
108
112
187
77
84
48
24
137
105
59
87
89
118
94
77
120
68
104
48
46
71
83
54
122
53
79
146
81
93
25
41
79
52
97
66
134
96
46
90
75
74
18
99
86
109
96
134
74
99
138
67
102
98
53
30
94
50
26
52
41
22
60
89
54
85
27
107
104
36
99
66
94
80
45
48
122
77
94
39
101
115
56
38
49
69
58
129
102
81
148
88
75
116
80
103
62
94
112
148
57
141
128
119
116
62
63
106
68
63
82
68
118
117
47
126
77
73
78
79
129
101
96
122
108
202
5
35
104
103
29
122
55
107
37
114
69
81
84
100
64
124
80
64
77
74
111
98
120
55
81
84
120
120
151
173
118
69
86
-7
70
43
87
131
88
118
60
132
84
51
69
54
102
86
60
262
117
104
77
110
64
113
125
132
136
112
106
65
45
72
78
72
102
74
141
82
140
132
110
105
113
96
90
91
35
93
102
84
87
87
108
90
129
83
115
141
104
56
115
73
60
123
101
16
116
111
88
83
124
95
110
65
66
68
66
99
101
128
88
122
103
103
71
106
93
117
78
115
113
51
115
64
131
99
75
137
65
107
61
68
93
96
92
130
140
94
111
143
117
69
107
77
128
137
118
126
128
84
145
122
123
86
87
115
116
81
150
66
93
104
89
65
101
110
83
102
126
84
74
102
84
82
84
139
83
95
58
120
67
106
145
89
125
76
96
79
47
116
54
85
121
134
49
103
90
64
105
92
119
30
73
87
58
116
52
94
107
66
120
67
41
51
143
61
76
123
113
99
111
89
68
118
60
91
96
180
93
101
110
65
58
109
100
78
91
92
90
97
141
77
101
69
112
111
122
97
166
98
95
102
124
99
140
31
72
66
115
89
95
83
63
63
85
57
48
93
77
124
91
127
92
164
31
139
9
114
94
74
101
77
98
132
83
99
120
67
130
103
91
51
116
80
106
78
54
113
80
79
61
60
90
129
82
124
137
255
121
62
102
136
147
56
29
108
70
108
81
114
116
74
36
116
80
56
115
70
135
110
127
54
94
129
98
49
180
116
73
59
99
109
78
41
88
48
94
114
123
66
99
82
101
70
147
92
162
89
130
115
146
79
68
130
120
88
127
70
97
70
104
110
117
33
121
89
69
120
130
153
79
126
119
118
108
129
114
103
131
137
89
95
144
137
153
92
65
62
88
55
78
129
116
103
117
118
75
72
119
50
58
117
76
70
116
92
75
130
121
110
103
111
88
101
63
87
92
83
109
117
127
81
130
115
90
68
92
62
98
64
80
36
104
130
139
106
194
75
114
144
98
36
98
73
173
99
114
148
65
82
98
74
147
113
98
92
154
81
112
58
111
128
132
131
136
125
86
93
81
62
88
15
73
91
125
130
73
121
82
13
92
99
60
127
161
141
106
69
159
133
116
102
148
115
147
64
87
72
103
172
108
77
78
64
117
98
120
105
92
94
113
103
