-85
1
-38
-61
-37
-37
-2
-19
0
0
-2
-22
37
26
32
26
17
31
-15
51
-6
23
8
33
58
41
84
6
61
49
29
50
44
11
22
44
43
-7
99
-4
57
103
98
43
95
118
98
36
90
64
81
88
58
54
16
68
38
89
37
31
64
39
59
55
10
58
31
64
97
2
51
75
38
55
86
104
91
81
47
85
90
50
52
32
64
49
63
57
61
93
74
78
89
24
91
16
64
11
77
65
27
23
65
81
77
56
43
56
95
86
74
39
62
63
121
22
41
123
122
48
97
33
91
116
54
74
-1
74
101
20
42
47
54
76
48
90
105
15
103
30
35
89
46
116
29
76
78
40
50
26
17
18
67
52
102
92
86
37
53
36
-11
46
102
47
9
43
52
90
95
61
44
84
34
69
23
84
114
77
54
98
104
56
56
25
65
48
111
89
117
85
36
64
109
82
57
69
116
71
79
67
53
59
39
96
92
120
89
81
26
142
76
33
72
60
72
39
78
58
0
67
106
93
37
78
102
61
135
60
43
90
87
131
73
76
36
25
78
44
87
74
77
88
41
54
91
112
38
87
43
91
48
99
22
61
29
100
127
46
70
110
58
77
93
36
85
50
87
119
24
97
65
75
75
55
85
81
124
111
36
54
73
70
53
28
31
59
44
97
59
93
55
48
21
73
59
107
64
65
92
42
108
104
71
139
91
42
53
91
81
53
82
50
110
121
18
64
85
51
71
112
87
61
91
92
56
71
123
43
78
53
94
114
108
32
107
88
42
59
87
16
75
29
24
76
10
82
73
89
140
37
42
134
68
73
84
129
102
62
44
72
61
86
97
34
66
37
43
148
132
114
48
96
49
62
79
116
72
105
41
99
73
80
76
80
130
111
96
38
66
79
120
122
62
108
63
74
65
49
79
56
47
65
141
93
102
87
85
105
62
73
15
97
101
98
81
66
71
98
103
103
33
74
116
65
87
38
103
73
131
61
109
41
71
86
55
83
80
62
109
76
94
90
62
25
81
89
34
25
24
69
65
79
114
72
0
93
69
68
88
127
86
84
85
131
105
33
81
72
95
78
89
91
90
51
70
126
96
89
80
62
68
70
70
86
79
118
55
53
43
150
70
100
82
73
80
93
80
88
122
-5
97
121
75
117
101
78
131
133
91
86
69
75
5
70
64
105
99
92
134
99
127
96
114
-27
66
122
133
123
79
61
116
46
144
8
119
110
101
96
95
45
79
19
76
117
81
93
46
16
63
113
87
74
92
58
76
91
50
88
29
17
72
66
56
112
106
91
89
114
118
111
118
108
107
81
98
120
43
91
68
75
108
69
92
79
40
89
114
125
111
70
99
126
87
88
109
76
93
35
77
70
107
65
86
91
66
100
77
101
80
48
87
90
86
85
137
98
109
111
103
100
71
107
128
85
73
135
108
55
122
123
124
104
133
57
94
115
104
124
103
76
86
75
96
107
115
88
133
39
92
146
112
60
78
64
83
5
113
99
101
134
92
147
97
76
110
77
113
72
105
101
-8
116
63
53
138
127
120
83
87
92
43
134
117
80
121
118
80
-10
82
69
107
76
96
131
96
104
49
81
110
142
98
61
122
65
68
20
106
121
69
96
101
119
129
33
44
100
63
96
46
112
97
65
39
54
129
124
71
72
66
134
73
75
95
92
83
136
50
102
60
137
53
144
76
131
91
95
73
58
94
130
110
101
122
57
83
124
86
58
106
147
113
87
109
119
37
94
73
137
110
112
69
71
93
67
90
73
54
74
102
50
72
94
64
46
104
96
93
84
72
82
121
127
116
109
112
65
97
109
62
133
132
112
119
133
45
45
94
116
104
99
110
101
102
50
79
81
92
118
72
134
77
76
65
135
64
79
59
116
95
148
65
69
125
97
127
77
108
86
136
127
82
136
77
70
79
