-32
-47
-35
-42
-38
-30
-22
-34
-33
-51
-40
-43
-40
-45
-34
-52
-60
-20
-27
-42
-42
-39
-37
-31
-40
-34
0
-11
-33
-11
-2
26
-8
0
1
9
-29
-8
6
2
-6
-9
4
27
-13
-28
19
-7
23
13
1
20
2
20
16
1
34
18
4
-2
19
13
27
14
49
7
-1
28
21
9
25
-7
15
-6
23
16
7
25
38
-12
46
20
30
8
44
47
36
47
34
45
29
63
40
47
61
48
52
28
31
53
33
43
49
53
49
58
50
37
57
55
50
19
42
63
52
33
39
43
42
44
34
30
72
35
26
75
103
55
27
44
25
46
50
35
41
53
48
46
84
49
64
76
55
45
63
50
69
64
43
46
71
37
57
45
64
68
56
48
55
63
81
48
47
36
71
67
61
64
71
82
102
69
67
41
75
59
60
55
43
39
60
67
58
90
68
49
85
42
88
78
59
60
86
68
86
65
68
65
94
83
79
66
83
50
84
58
74
76
52
59
79
82
67
66
72
99
60
44
69
70
77
61
51
72
77
82
82
62
91
63
58
56
85
87
76
82
57
77
75
60
76
86
80
65
39
65
92
62
84
65
87
76
95
86
64
79
82
115
77
82
71
95
98
91
103
59
91
74
53
129
81
72
84
91
95
60
86
80
95
75
134
83
85
73
73
92
73
103
87
80
74
85
88
76
38
108
87
89
81
84
87
81
89
82
119
86
70
89
88
93
79
98
77
88
73
98
75
77
63
103
91
111
101
134
78
121
74
97
83
70
119
93
96
103
98
77
78
94
89
122
65
92
79
111
95
102
88
91
75
77
107
78
105
78
79
70
87
84
77
88
96
90
83
84
79
84
84
77
80
91
103
105
103
92
94
81
91
73
95
100
111
80
67
113
80
93
78
101
89
102
92
64
86
84
94
80
71
86
81
50
109
106
92
87
107
85
64
67
81
95
69
95
79
98
111
93
108
96
85
78
80
103
122
96
105
89
88
89
104
85
90
71
82
89
96
103
95
80
113
101
109
95
124
85
92
94
89
94
111
97
84
98
106
90
90
80
108
92
92
102
93
89
89
84
114
87
115
95
107
87
86
106
98
101
97
90
116
95
109
105
86
124
127
91
87
85
71
107
95
87
126
116
94
102
120
59
89
85
103
56
62
87
111
79
88
81
115
100
80
65
83
70
72
89
64
104
96
101
89
102
78
109
75
107
105
91
94
82
81
81
90
87
93
95
93
97
96
113
90
103
105
109
92
97
87
101
102
85
99
109
109
111
81
96
105
83
89
96
87
97
87
100
89
85
111
109
90
97
82
117
104
102
95
67
73
103
120
92
100
104
103
79
98
97
108
116
107
93
97
77
83
111
98
110
97
87
116
95
83
86
79
75
114
107
98
100
92
78
79
95
88
124
91
98
83
99
82
61
97
81
100
82
119
122
105
82
86
79
93
81
87
103
115
82
93
92
102
111
92
90
94
119
106
89
99
119
109
112
81
99
93
106
119
156
89
95
109
79
111
94
93
116
98
123
128
95
83
75
104
85
106
109
86
97
83
106
94
121
84
107
85
109
99
85
120
76
105
98
103
87
91
86
102
103
100
105
107
90
104
81
113
106
113
98
127
91
116
108
98
113
81
96
115
119
97
83
100
123
66
74
115
107
98
111
148
103
96
85
92
100
97
84
89
99
107
111
85
84
72
111
90
114
122
93
86
95
85
100
85
104
109
104
101
102
105
123
93
111
85
95
105
112
110
97
103
109
113
108
133
97
119
105
117
99
140
112
121
