-32
-61
-27
-62
-28
-33
-56
-33
-49
-77
-59
-34
-55
-33
-7
-26
-51
-39
-57
-21
-65
-37
-57
-35
-70
-71
-50
-11
-77
-57
-9
-12
-25
-63
-47
-24
-57
0
-8
30
-37
-21
12
53
17
-39
0
33
67
76
9
49
16
4
42
-22
59
67
18
-23
20
4
56
-23
202
1
26
-3
-31
95
27
-38
8
-43
51
-2
-22
44
11
-13
54
-9
-16
33
39
61
46
60
6
19
-8
23
42
23
43
22
101
36
-20
59
33
41
11
13
40
34
30
-3
49
86
24
35
9
65
6
-5
32
20
21
25
36
-27
62
-32
32
111
16
9
-7
14
20
76
38
-22
44
28
68
64
63
25
-6
101
18
29
54
59
37
65
-31
15
107
85
33
-13
46
72
84
34
40
46
93
44
72
16
43
53
82
35
125
45
56
-8
53
30
42
81
39
21
16
52
59
55
79
79
31
11
69
44
117
102
75
65
37
52
73
8
63
3
51
65
25
41
98
38
62
70
81
117
44
32
104
69
12
22
-18
35
37
-21
51
27
11
30
9
35
39
82
46
37
92
11
91
45
41
54
4
36
-3
121
24
48
51
53
61
42
-28
43
91
20
82
42
87
45
67
55
37
112
19
50
81
80
26
110
78
33
113
102
53
75
26
42
92
72
114
93
47
49
91
100
17
59
83
45
63
66
65
69
47
76
19
32
48
26
98
24
46
86
99
95
54
43
65
72
61
123
80
49
16
114
93
66
50
99
92
75
-8
128
107
87
11
72
52
87
91
68
73
132
69
60
76
111
88
91
33
107
23
35
129
98
87
49
25
103
83
94
111
103
81
95
24
35
121
63
77
97
83
83
48
32
73
101
112
69
75
80
94
72
40
105
70
73
28
89
105
105
66
32
130
62
137
100
121
60
48
125
18
128
48
119
51
70
77
15
41
36
11
67
48
108
130
80
112
97
76
59
98
45
85
27
27
62
-1
65
78
67
132
43
110
43
64
51
88
73
97
31
49
38
92
63
93
105
41
51
114
47
110
111
82
99
35
73
91
91
54
79
94
34
87
76
104
87
95
105
111
69
34
76
47
97
21
92
80
60
56
46
141
80
106
122
58
103
24
109
37
91
51
92
81
131
84
63
17
123
67
86
112
32
100
78
92
106
114
108
88
115
114
54
77
83
87
40
46
62
75
102
162
-5
105
127
98
107
93
99
85
131
28
49
61
86
111
92
66
131
30
128
87
97
42
58
93
76
83
121
77
87
9
79
87
101
47
97
120
128
106
144
23
109
104
88
105
98
74
88
39
73
86
37
110
102
73
64
51
112
64
72
96
119
67
73
72
124
65
113
68
32
11
107
116
108
89
121
115
82
117
125
128
109
70
117
40
84
101
93
113
82
89
61
110
70
131
63
94
68
86
107
114
31
93
98
107
93
79
94
92
85
79
97
79
71
60
111
78
58
107
63
88
115
99
63
136
89
64
78
65
81
42
78
100
100
93
85
99
109
149
108
113
86
105
124
110
82
68
93
220
291
95
65
145
107
114
80
138
129
101
88
146
99
114
66
114
139
107
122
108
56
75
84
50
142
60
126
103
153
93
90
123
90
78
74
108
50
128
126
114
91
85
73
114
126
51
78
118
107
148
98
105
75
140
108
84
134
57
74
121
107
122
65
94
120
24
26
101
88
91
87
119
96
115
27
34
80
71
52
61
115
105
116
-25
71
38
134
77
82
93
104
35
101
63
97
51
53
89
106
73
109
115
105
49
33
63
39
98
31
129
105
114
71
137
86
116
140
125
58
118
60
91
79
86
91
48
119
81
62
63
63
112
144
72
73
116
58
87
101
88
100
83
118
72
89
54
89
58
133
111
52
140
130
73
84
96
114
125
73
119
291
150
98
112
134
76
121
10
65
67
132
113
76
121
86
133
124
75
48
66
114
55
156
104
113
69
113
103
102
123
81
8
88
128
77
97
160
82
89
84
103
96
45
104
53
132
154
82
96
99
214
133
6
21
86
191
93
97
49
54
101
112
80
-5
120
91
115
147
77
103
116
64
16
63
113
-29
113
-22
150
