-4
-32
-36
-57
-33
-26
-32
-39
-53
-75
-49
-81
-36
-35
-61
-63
-68
-9
-28
-60
-51
-50
-38
-36
-57
2
1
-1
-7
1
16
51
39
88
26
8
-8
58
31
52
74
27
49
31
37
-15
25
-16
4
12
11
74
23
5
27
19
46
64
-60
-29
6
35
-37
25
2
27
5
-20
53
-15
51
12
40
27
112
42
68
67
63
-5
57
65
79
50
38
48
48
51
65
89
64
112
59
48
93
73
13
47
69
65
6
133
52
86
35
79
92
78
63
49
88
49
81
79
74
80
91
118
47
31
86
69
108
85
31
78
132
69
68
68
14
95
67
69
84
49
72
99
114
66
60
62
98
56
92
76
63
110
33
71
91
46
116
110
118
116
38
84
66
105
62
63
42
73
86
124
83
89
76
88
212
71
114
55
70
114
89
74
66
66
71
90
20
99
57
35
89
33
120
33
69
69
97
103
127
99
77
108
245
118
110
75
138
59
129
23
103
91
124
67
109
92
107
69
111
133
128
87
40
90
119
80
101
90
92
159
88
86
99
82
50
78
96
132
124
87
99
82
131
52
111
125
138
59
63
54
104
87
106
67
80
88
118
101
30
108
112
87
119
112
95
141
115
121
110
38
142
101
86
329
150
107
70
128
116
94
73
53
144
56
59
53
104
43
72
98
84
148
127
119
71
122
119
118
48
134
124
117
85
95
82
61
113
94
250
97
113
56
96
136
99
140
111
105
91
108
85
23
148
100
124
169
114
162
92
150
50
108
109
41
130
103
135
78
126
83
23
137
122
96
74
118
73
138
145
129
75
123
121
91
98
98
130
73
87
81
115
93
128
103
110
123
59
139
73
113
138
78
112
103
151
83
72
106
80
116
79
67
112
110
107
85
65
107
137
102
84
88
117
143
72
107
127
117
133
129
90
108
87
69
178
101
92
127
142
80
43
148
91
86
103
136
100
133
118
106
94
97
82
103
113
134
137
131
120
128
98
140
89
104
104
132
129
123
97
90
69
92
137
107
123
158
134
89
120
72
88
165
129
137
108
85
139
77
144
121
149
94
137
115
82
116
99
100
147
125
114
80
128
79
116
129
181
144
132
108
132
131
113
127
110
135
131
108
51
119
99
184
117
40
251
142
121
74
125
101
107
63
85
114
75
60
137
60
83
118
110
96
69
51
105
56
45
32
83
113
102
102
101
158
66
128
80
142
90
56
101
68
108
112
61
142
94
126
179
176
122
134
112
124
141
103
90
81
119
104
96
108
109
138
153
161
135
120
139
89
76
62
101
98
120
117
126
46
156
94
94
125
68
125
159
125
97
88
59
90
106
117
129
142
119
88
121
100
143
94
143
80
120
40
136
157
132
147
117
101
164
91
6
65
82
63
39
103
142
137
122
91
106
113
153
116
112
112
99
123
102
140
133
129
130
120
163
149
149
94
81
142
127
70
102
146
168
114
112
123
113
118
62
98
113
164
152
101
65
126
109
104
146
174
101
106
113
143
131
104
112
57
140
128
113
133
134
72
87
151
90
40
134
68
141
132
104
138
115
133
141
136
85
94
79
115
127
51
123
101
118
94
67
74
101
83
95
132
138
110
163
124
150
133
155
83
94
100
124
108
133
124
121
158
105
72
125
153
88
77
110
110
80
70
103
108
68
143
124
90
93
144
134
113
110
95
147
99
120
103
157
50
91
83
142
158
151
112
108
115
91
75
94
131
139
113
111
104
102
159
100
156
115
128
85
101
147
109
120
149
139
170
168
96
151
111
152
84
139
126
129
