-57
-41
-53
-40
-12
-25
12
-26
-20
-13
-51
-25
-46
-80
-27
-71
-77
-62
-42
-69
-9
-58
-53
-7
-27
-60
68
35
-37
14
30
67
31
61
-36
38
29
-13
8
11
-17
20
55
18
-43
-10
32
23
48
1
30
24
7
107
69
54
75
-12
62
28
116
29
7
62
66
12
-18
101
58
5
7
-20
-10
-15
-9
2
-42
22
59
5
42
49
40
-29
15
48
5
21
5
16
51
99
24
37
69
64
68
-2
-6
40
42
39
45
77
84
46
66
76
130
55
47
27
37
3
43
-45
10
-11
27
54
13
24
46
64
11
66
125
46
28
66
22
1
85
90
37
98
-1
19
109
68
115
103
40
55
102
41
67
76
90
58
98
-7
61
32
74
96
95
16
85
58
97
51
59
11
109
51
61
81
43
97
46
116
100
124
109
58
96
55
33
68
85
85
59
68
94
64
110
60
107
70
39
86
59
66
53
83
72
90
34
97
94
41
66
38
81
62
68
78
76
40
62
91
55
100
107
88
114
81
87
106
87
37
34
112
81
60
130
67
69
60
84
43
96
109
162
79
81
96
46
64
76
92
73
118
77
63
123
76
110
47
116
58
113
76
96
119
94
108
44
84
104
89
114
96
85
36
87
63
42
84
-9
90
96
83
127
66
70
92
101
79
228
72
130
86
67
51
78
81
96
89
64
117
81
74
-14
180
82
83
83
63
75
97
49
80
48
97
42
112
77
102
81
70
55
110
112
63
47
74
81
119
70
119
96
88
106
124
110
81
85
68
117
121
108
127
137
137
111
122
93
120
77
146
137
113
84
122
117
125
60
108
127
71
144
79
101
78
73
122
58
73
55
116
118
68
84
156
56
73
82
116
100
122
90
131
108
123
63
75
76
76
107
57
75
123
110
57
85
104
100
98
106
65
99
108
198
57
66
112
81
67
21
81
105
69
91
48
77
36
97
119
87
89
90
118
125
119
64
113
65
45
61
58
229
107
113
67
73
75
110
81
90
56
29
42
110
86
109
72
147
90
106
61
114
98
39
157
113
63
71
79
55
102
81
97
100
67
55
92
125
80
100
62
112
107
122
91
149
75
86
57
118
87
145
66
127
110
105
93
114
117
120
109
214
95
139
129
81
36
69
83
42
109
87
115
139
-4
75
136
82
73
86
62
124
86
77
112
70
81
44
58
21
89
40
82
70
127
97
114
45
81
75
111
70
62
144
69
122
35
64
73
103
84
99
77
93
89
65
130
77
140
116
86
72
78
103
104
84
41
40
51
90
59
67
116
76
96
51
120
103
141
139
122
88
109
86
136
83
73
125
134
108
116
105
64
139
108
247
85
101
87
73
90
93
66
99
119
84
77
122
61
38
125
46
93
61
72
86
87
88
122
53
66
66
111
79
65
27
51
13
111
45
137
102
82
101
47
71
70
39
17
96
83
101
60
79
104
100
111
46
136
93
77
110
43
131
77
80
60
126
140
54
83
46
106
102
140
121
100
46
61
100
99
78
62
125
83
111
113
132
98
76
130
108
111
66
46
114
99
56
61
89
134
93
116
76
86
138
128
80
143
97
85
126
59
108
49
112
111
115
124
79
96
65
100
96
92
55
123
129
82
47
103
112
77
128
57
108
74
81
92
77
88
122
135
91
99
74
120
89
90
130
103
107
107
232
133
83
96
96
124
89
65
78
104
87
111
68
114
56
55
49
81
126
64
68
57
108
122
57
86
91
92
111
42
87
69
95
97
58
85
132
150
54
103
130
120
75
102
88
53
88
117
85
77
106
142
119
92
114
88
101
151
84
105
99
152
97
107
112
100
162
147
118
43
121
116
97
75
122
93
92
114
107
103
137
116
116
111
144
77
90
110
92
128
100
57
144
57
90
134
117
103
58
111
90
107
133
79
133
49
120
81
119
130
95
103
101
135
114
92
