-47
-54
-22
-41
-73
-25
-16
-44
-38
-46
-44
-63
-82
-41
-35
-49
-43
-41
-8
-15
-25
19
-20
-20
2
22
-16
-6
34
-5
-25
64
-8
-21
-16
-8
-32
-35
53
-24
-57
-34
-29
37
-34
-37
-17
-32
-18
-1
-43
-51
9
13
-20
-22
38
-1
9
16
23
-49
-16
-1
26
-26
22
29
8
20
52
12
14
8
33
36
55
4
39
-54
68
-13
24
0
71
45
34
44
76
22
48
54
50
43
92
73
102
41
68
75
47
55
78
65
65
93
61
2
56
53
78
-9
84
60
65
65
55
41
40
46
0
69
75
11
46
79
132
79
30
46
14
57
20
54
54
20
29
16
97
64
81
69
94
58
50
31
99
30
78
51
66
29
62
70
59
43
34
35
85
87
99
62
8
46
78
70
63
55
72
119
117
71
42
17
141
5
47
54
53
75
109
71
104
149
90
109
93
68
15
108
68
-8
136
61
106
74
38
85
56
87
107
111
110
101
89
108
66
77
50
97
99
98
74
62
67
123
-26
34
98
33
112
57
35
68
79
86
139
42
94
95
34
47
137
21
63
133
112
56
53
50
69
109
111
72
94
67
63
69
38
113
89
69
75
97
71
76
76
112
86
68
69
87
128
106
147
84
71
80
67
96
74
14
109
60
112
66
88
99
128
147
222
171
102
82
89
118
111
100
99
80
129
92
109
112
51
93
107
82
81
135
119
96
118
59
115
128
90
78
117
101
112
93
113
49
95
110
77
65
32
71
127
83
97
231
46
107
74
128
68
76
133
82
101
139
87
69
76
82
76
236
93
72
64
126
88
100
62
63
108
81
110
80
81
68
95
99
82
77
87
43
136
76
92
94
88
48
120
92
62
113
115
117
147
61
70
39
88
74
102
141
97
143
82
112
67
77
78
116
65
108
98
78
65
38
77
58
94
14
9
36
105
140
115
47
123
101
62
70
86
105
64
92
98
79
112
121
124
128
90
89
71
129
86
87
151
112
99
100
97
82
98
41
126
99
84
149
114
81
113
96
128
106
238
84
105
116
68
97
97
63
137
79
130
116
75
73
83
95
90
93
68
86
79
49
66
52
68
100
136
102
83
85
33
104
88
26
124
9
108
108
98
162
97
92
82
88
20
142
68
97
77
115
72
74
125
97
82
118
148
46
98
166
128
115
73
56
206
95
158
23
78
32
115
113
60
118
101
123
74
79
66
97
89
131
101
150
116
127
95
137
82
69
97
97
51
102
147
81
67
73
100
89
128
72
145
86
118
77
133
99
140
148
97
102
161
88
137
109
80
106
104
82
64
80
96
103
117
121
99
94
108
112
107
111
101
124
80
119
74
76
86
72
102
117
102
143
112
136
127
109
72
118
108
115
91
100
114
107
109
103
112
102
160
104
105
134
129
87
91
122
87
132
76
126
88
100
66
38
121
92
120
78
125
111
104
66
90
27
88
54
115
139
101
99
113
94
122
125
96
69
110
144
81
69
106
120
145
131
60
115
100
142
121
147
64
112
106
74
106
102
95
82
75
278
259
104
71
117
99
75
79
108
58
127
74
140
87
124
125
95
79
122
130
117
170
94
138
124
156
114
45
51
167
133
55
135
115
125
117
123
129
138
155
144
145
110
109
120
140
89
67
139
131
94
111
99
122
128
80
139
98
133
123
129
108
105
52
93
165
120
113
96
106
62
123
122
133
106
98
158
106
141
145
72
121
123
88
135
124
144
135
88
139
150
114
155
99
171
145
129
133
154
140
95
87
116
132
74
147
126
131
118
128
159
245
140
160
112
70
123
114
123
172
111
100
103
71
99
99
111
95
115
110
110
61
152
110
99
162
47
139
142
102
136
160
145
109
102
62
112
51
109
73
91
117
118
85
