9
13
15
31
22
41
8
76
22
20
25
10
12
40
9
19
16
35
21
44
47
14
17
22
27
17
31
23
66
9
15
23
9
12
38
25
22
9
16
12
15
16
10
44
13
15
48
11
12
27
23
13
19
32
26
13
10
15
20
27
9
16
13
19
19
10
17
12
24
15
12
13
38
28
22
13
12
21
16
17
68
11
27
10
13
37
40
14
16
11
17
47
10
17
26
13
23
34
35
30
36
27
27
16
10
49
14
89
11
12
18
47
13
21
16
9
13
15
26
24
33
35
14
16
41
24
39
16
10
20
39
13
14
11
14
22
33
32
10
15
28
23
29
16
12
8
51
21
11
15
14
31
54
18
42
37
49
21
50
31
21
20
21
66
14
20
13
13
39
18
24
12
21
43
20
35
36
34
18
49
18
22
14
19
10
12
12
13
33
85
20
62
27
18
38
12
27
34
25
31
81
38
13
48
18
30
20
40
30
20
17
31
13
35
10
41
23
20
27
20
23
29
19
34
51
23
26
36
14
16
14
29
10
13
19
15
19
30
12
19
17
56
14
22
32
29
112
18
13
13
45
11
22
16
15
16
21
17
20
25
16
21
25
40
14
12
40
28
15
12
50
11
76
70
16
11
16
18
39
13
52
22
14
39
33
13
38
33
58
55
25
19
14
19
33
64
111
20
19
22
17
28
17
18
21
35
43
27
43
32
20
37
48
25
20
29
17
15
14
15
28
32
12
21
20
38
50
53
13
16
83
14
26
26
57
29
31
43
59
32
17
19
76
19
16
54
61
27
20
19
41
19
32
19
26
31
60
16
14
29
54
67
50
33
46
72
23
25
38
16
19
9
40
12
23
77
16
51
101
25
50
34
58
30
15
44
59
69
121
57
23
16
32
26
28
95
25
71
46
22
24
27
37
30
47
92
10
47
30
24
32
45
43
49
43
25
65
20
53
40
69
87
42
32
18
98
79
39
12
41
15
28
41
73
42
48
43
111
26
56
108
41
52
79
91
49
26
15
70
89
14
18
27
34
94
31
23
21
160
17
25
53
28
75
86
19
56
62
23
28
21
15
98
29
129
44
11
26
61
28
43
125
53
96
41
13
44
54
143
109
54
30
39
50
108
46
152
18
75
65
18
45
84
57
67
28
52
41
39
79
58
55
16
26
30
37
57
43
56
24
51
60
68
66
21
80
17
80
21
76
23
61
61
76
45
61
29
46
99
71
50
86
65
85
71
60
55
165
67
107
48
34
42
39
81
60
84
96
98
108
53
66
123
31
81
87
40
37
68
56
29
55
102
66
37
101
57
56
59
90
51
48
37
24
54
45
96
114
40
17
34
50
64
84
129
41
46
162
31
35
74
195
29
74
36
74
108
31
84
106
66
98
40
25
23
68
38
40
86
24
90
198
109
81
133
109
133
117
50
89
73
152
59
118
43
114
153
100
39
31
46
21
122
19
38
78
20
73
66
109
59
26
90
144
110
56
20
96
169
32
83
38
66
70
116
142
26
62
60
82
33
82
85
121
66
127
78
25
77
65
15
57
24
72
159
177
144
89
26
97
81
72
119
91
87
95
22
20
128
86
154
78
128
121
12
124
78
20
116
261
93
34
91
40
81
81
70
142
30
97
163
207
150
89
49
166
66
69
103
30
86
88
86
26
154
342
163
204
26
41
108
33
104
180
115
26
133
82
44
93
84
107
33
62
22
115
17
38
113
28
177
175
113
106
99
179
126
35
80
104
17
248
207
119
188
75
161
102
107
134
109
196
54
119
285
36
122
86
198
47
92
98
151
120
114
118
62
101
146
74
120
111
102
91
87
207
69
140
125
179
63
81
123
124
117
91
65
194
30
34
322
114
36
115
140
297
142
154
228
130
48
169
180
128
132
307
170
119
73
120
101
215
111
98
85
132
199
69
106
100
117
143
107
49
111
203
141
87
106
221
187
128
185
96
94
70
205
111
153
221
145
61
155
44
109
110
212
29
38
223
97
197
88
155
136
202
131
179
138
135
86
181
122
145
134
112
177
206
199
67
123
208
131
290
136
188
51
260
68
225
206
273
140
141
135
139
247
111
138
143
276
174
174
205
209
67
138
262
108
176
120
196
179
212
141
148
228
133
167
153
93
145
62
82
31
149
194
41
176
174
174
155
211
145
140
136
85
131
353
199
120
156
125
26
133
297
98
161
115
115
211
318
174
27
110
194
198
185
254
55
195
230
239
213
115
236
112
136
240
101
152
122
239
150
177
168
229
216
177
104
151
276
255
183
114
168
212
144
38
114
207
224
171
132
68
136
121
203
197
168
222
119
100
226
154
135
199
117
153
205
264
200
144
149
197
292
112
184
198
163
310
141
94
205
130
118
66
264
125
213
164
143
180
143
240
108
140
104
179
33
158
236
107
180
154
279
101
204
195
119
320
36
182
142
247
111
106
128
160
158
63
62
252
187
199
139
127
200
130
142
194
145
90
174
193
155
120
198
192
226
283
153
295
149
190
149
438
135
147
213
291
347
133
169
299
153
88
198
198
356
160
170
311
243
325
130
220
321
159
177
255
144
162
300
119
246
178
137
106
213
173
42
188
186
187
124
236
327
215
280
203
169
151
160
116
155
180
134
