10
17
25
14
21
12
20
18
24
22
16
13
24
36
24
10
8
20
16
18
12
32
10
20
12
13
11
21
20
20
21
56
23
39
24
18
9
33
27
10
23
15
41
15
12
18
15
42
21
16
24
11
18
14
17
8
23
24
62
28
14
11
54
31
16
62
21
13
45
14
14
15
24
29
22
29
13
26
108
16
16
42
18
21
15
11
12
29
10
18
12
12
24
11
14
21
21
26
20
42
15
36
20
27
32
17
17
10
67
9
15
13
39
24
62
26
16
12
26
12
15
33
10
25
21
22
16
21
9
15
34
32
24
16
13
15
32
16
26
28
18
25
14
32
26
12
9
14
9
11
36
21
11
12
12
42
15
17
18
60
20
18
18
49
19
18
38
10
40
13
29
18
12
12
14
43
40
9
17
20
29
10
27
32
30
18
40
40
20
33
14
11
27
14
41
26
13
18
34
37
56
11
11
20
7
11
61
10
26
16
10
29
27
39
10
16
10
17
11
16
20
19
36
24
15
13
17
10
45
18
19
12
14
45
9
13
24
18
16
11
19
44
26
8
22
32
32
17
21
15
19
25
45
9
10
13
10
14
27
23
28
16
14
24
19
14
17
14
18
14
19
18
38
26
22
18
18
18
27
68
23
53
58
31
29
79
25
11
16
17
15
14
69
41
36
25
10
16
20
12
11
16
20
50
54
19
26
32
20
22
59
56
10
18
17
25
28
18
17
28
38
40
14
21
23
49
30
14
20
19
16
28
40
24
66
24
83
11
15
19
35
21
17
12
18
23
24
35
11
12
21
64
26
57
13
15
17
11
27
26
9
16
25
33
11
26
22
33
17
20
11
17
28
26
21
30
39
37
29
27
29
49
16
44
19
18
44
26
34
26
35
23
9
40
36
62
22
11
42
45
10
14
10
23
23
14
22
21
66
17
30
36
18
14
41
12
14
21
21
59
30
18
18
17
12
22
33
22
34
17
8
25
28
11
28
28
22
9
17
32
19
21
16
22
19
23
10
14
13
14
19
10
30
16
27
12
57
27
39
20
21
14
21
17
13
17
10
23
23
26
17
12
11
35
25
13
14
13
43
57
28
20
12
14
16
27
18
13
12
9
16
23
62
48
19
14
25
18
13
48
13
13
21
24
23
20
18
18
16
70
41
9
10
10
12
42
30
31
38
101
11
18
15
25
26
14
21
14
26
66
23
23
38
42
55
28
104
14
23
52
29
21
44
73
24
14
20
43
13
96
16
34
20
19
18
10
19
19
21
12
15
17
22
31
24
27
37
14
14
16
80
19
13
21
61
13
14
51
36
64
19
14
29
59
38
37
20
28
37
45
19
22
52
36
44
11
20
28
14
58
64
52
15
21
55
32
18
17
26
18
21
14
13
47
48
97
34
50
35
39
42
45
25
57
72
23
46
17
30
68
44
15
48
33
38
56
58
17
50
52
76
23
20
12
18
29
13
27
16
28
71
30
48
8
15
43
16
42
14
61
11
51
30
23
13
48
21
53
48
56
8
24
16
30
23
31
15
20
24
69
21
12
25
30
27
59
16
73
14
17
59
29
27
51
38
32
26
29
57
17
58
30
16
38
29
19
31
42
44
20
54
15
25
34
26
18
33
30
24
77
73
48
28
41
62
56
42
58
42
12
47
33
20
15
42
32
12
21
46
13
21
40
63
50
20
39
25
17
19
22
32
63
39
15
21
28
35
44
48
18
66
12
44
49
25
27
46
15
91
27
19
44
55
22
24
37
80
22
13
18
72
32
47
19
77
36
69
81
15
39
30
31
30
63
23
36
47
18
24
38
33
57
36
30
59
12
32
23
64
15
25
17
25
21
56
13
28
60
23
24
32
59
33
25
31
26
33
46
26
30
18
27
43
21
24
25
45
21
26
39
38
13
64
18
45
56
54
64
28
27
9
17
42
33
73
27
17
49
29
15
24
47
77
10
57
42
46
38
76
14
70
39
31
33
58
29
49
54
83
54
44
39
57
18
41
28
31
19
30
41
13
18
29
15
98
32
28
17
30
24
24
41
73
67
25
32
33
42
12
41
23
22
19
42
18
32
22
21
45
21
25
14
33
57
37
34
50
21
22
85
50
45
99
17
69
70
19
22
13
26
31
61
98
54
16
31
24
62
11
30
23
23
27
16
13
30
45
33
40
26
41
34
60
19
94
36
96
32
17
14
58
20
50
19
49
19
65
27
88
13
33
22
27
22
16
23
43
29
36
13
23
48
24
77
67
29
9
68
32
51
59
56
13
44
13
41
25
44
14
34
23
32
31
57
26
13
19
29
44
43
59
47
59
35
24
48
70
99
104
26
27
23
142
55
27
90
40
16
53
21
36
83
77
31
38
34
24
65
19
64
28
38
17
35
32
79
17
28
54
54
35
31
41
24
22
27
125
39
49
27
110
33
25
20
41
61
25
37
56
76
23
24
67
48
15
29
56
35
43
24
39
24
31
26
43
26
24
27
13
68
21
35
23
96
19
53
50
28
42
57
36
17
46
30
25
38
28
19
29
50
42
22
31
36
53
24
57
45
157
45
44
27
26
29
42
46
37
116
85
48
27
43
49
45
48
49
22
10
32
33
31
11
25
68
54
34
82
52
17
68
51
60
29
87
36
44
35
35
36
72
34
102
50
43
36
60
21
33
48
97
17
19
49
60
57
14
84
31
44
24
45
35
15
56
20
65
32
84
31
30
54
17
32
80
40
27
30
55
48
107
56
70
36
72
24
49
71
35
35
77
34
28
36
58
60
80
33
35
19
59
32
62
78
78
47
73
48
40
52
45
28
79
59
36
25
44
33
76
75
27
52
26
75
70
36
32
23
38
72
12
39
27
33
38
79
33
43
30
64
25
39
87
8
36
99
67
35
24
47
56
25
58
16
69
27
34
27
23
91
104
67
37
19
79
20
42
32
25
16
23
39
43
43
40
48
78
73
23
75
145
57
30
24
75
22
63
35
13
82
46
43
55
28
98
32
49
24
69
23
90
31
107
33
80
85
46
49
42
20
85
69
24
59
55
38
39
36
100
30
139
18
100
36
14
76
31
42
70
88
51
36
33
33
41
70
38
30
33
10
27
50
85
77
41
58
75
53
37
61
39
63
59
74
22
51
26
70
35
27
72
28
51
28
62
90
21
24
48
53
60
29
99
13
26
148
34
39
78
30
94
87
35
31
36
143
69
42
30
111
29
41
32
25
51
124
21
37
37
91
47
31
72
84
64
46
28
31
96
52
48
15
27
20
61
101
64
104
54
18
67
54
61
90
36
45
47
34
31
95
32
28
91
43
101
78
75
108
35
42
44
51
17
96
94
61
43
27
23
21
76
78
23
41
24
45
55
40
43
29
32
57
102
54
113
18
24
48
25
39
97
42
10
17
38
31
90
11
73
22
56
125
39
56
36
117
54
91
53
97
96
28
127
99
26
63
95
45
44
42
150
25
95
97
116
76
112
61
68
26
47
45
51
32
29
117
40
37
37
106
90
20
144
32
20
50
73
26
96
95
49
88
70
23
18
34
35
89
72
79
29
43
71
49
87
87
52
52
50
20
24
134
20
24
80
19
17
15
76
39
76
42
74
72
95
29
50
39
105
40
117
85
41
91
25
27
22
76
57
24
30
40
31
55
59
36
61
19
34
46
50
29
86
48
33
41
131
68
55
22
132
35
41
67
18
28
35
73
61
83
44
80
14
74
80
50
22
95
54
80
103
38
84
61
83
168
77
49
16
24
43
48
39
52
46
24
96
74
38
88
28
88
29
65
30
33
57
67
87
101
84
79
52
87
72
117
41
61
61
53
19
99
148
37
69
55
82
98
47
90
31
26
96
112
66
64
61
20
63
127
23
120
88
123
107
153
59
55
95
30
126
61
33
94
76
100
52
56
103
56
100
65
86
41
72
60
63
67
30
86
118
41
44
110
81
111
79
102
122
101
70
91
46
28
39
130
64
75
123
43
62
20
26
106
42
45
32
81
28
49
78
38
86
59
117
70
73
105
45
63
70
36
34
53
125
91
80
78
62
25
34
107
29
75
85
63
45
85
141
98
41
36
80
85
26
71
90
62
47
24
63
106
43
81
25
64
48
42
88
62
69
94
12
61
43
80
70
36
125
33
30
91
69
150
77
35
49
117
157
137
57
28
75
40
54
117
48
46
64
59
19
101
58
59
133
42
99
73
50
26
98
179
73
180
72
145
124
145
139
20
46
33
107
58
41
24
82
34
57
71
120
64
148
125
128
52
78
25
105
116
117
28
65
56
59
48
57
23
78
89
27
80
39
57
59
45
134
61
31
73
35
53
31
47
26
26
27
109
39
31
81
33
69
39
95
154
32
82
84
40
45
88
17
47
104
58
50
110
34
17
77
60
35
100
21
29
27
92
99
20
147
54
67
73
45
45
24
36
88
30
101
20
43
24
76
34
54
119
47
110
262
51
212
59
98
126
39
31
120
69
119
54
42
73
45
29
29
169
65
188
35
35
18
174
42
96
88
75
165
123
100
26
21
82
34
103
195
47
39
123
68
86
23
105
184
76
63
117
87
64
44
67
81
64
104
70
46
64
169
115
63
34
47
60
124
62
45
130
15
11
30
28
103
40
37
59
53
100
91
74
231
61
50
142
71
78
28
85
44
116
63
132
78
81
95
147
166
73
68
100
55
146
31
138
121
91
55
98
42
97
134
44
80
89
64
107
94
116
40
82
147
28
88
64
177
86
78
38
67
78
81
77
52
67
77
101
37
65
82
78
62
65
112
52
68
42
149
167
83
68
106
71
125
57
72
109
119
85
94
152
56
62
145
110
94
54
90
182
41
