7
22
21
10
29
20
26
12
22
48
24
15
33
23
20
13
12
31
10
11
10
19
17
19
10
18
9
15
11
15
10
36
13
15
16
10
13
35
12
20
54
11
19
21
22
19
27
12
9
24
18
10
8
85
14
12
12
24
15
37
28
18
16
56
12
20
13
42
14
23
18
21
11
19
15
10
10
11
15
15
14
18
12
13
10
12
21
9
14
12
20
15
11
10
8
9
17
19
15
20
9
11
10
21
8
10
10
17
12
25
17
9
11
9
12
8
11
13
17
12
11
13
15
10
11
10
12
11
10
12
15
12
14
12
15
15
13
14
11
16
16
25
16
12
14
13
11
22
13
26
35
13
17
13
9
9
18
10
13
11
11
22
12
15
11
11
13
16
17
24
41
16
13
16
16
21
24
10
13
10
10
11
21
17
26
20
14
55
11
43
29
17
25
19
31
33
10
37
25
26
15
24
13
27
14
25
18
35
28
30
30
30
33
21
10
10
25
19
13
15
31
25
17
13
34
29
21
35
14
13
56
19
19
16
29
29
21
9
18
21
13
21
25
27
100
16
28
21
26
12
12
33
31
19
18
33
10
49
25
17
25
24
41
48
35
30
20
30
14
37
32
21
22
29
20
13
18
13
21
39
44
22
21
26
11
133
49
17
25
37
79
74
17
50
14
45
50
45
19
50
28
12
31
67
27
21
18
11
37
26
12
22
31
24
68
22
28
33
48
40
40
38
46
68
40
35
24
35
36
32
15
56
97
41
71
42
34
73
67
54
59
70
169
42
21
27
29
57
75
42
25
86
24
60
26
34
61
20
39
45
32
39
53
38
48
49
55
37
98
42
32
58
41
27
34
110
44
47
72
46
129
48
55
32
101
91
77
70
57
37
84
51
48
31
97
87
55
30
46
35
51
59
67
33
24
96
35
85
42
77
57
55
47
50
62
69
21
69
112
68
106
43
48
77
58
97
90
49
46
169
82
110
55
130
63
75
70
69
67
81
67
75
96
69
62
62
84
52
73
42
73
78
94
83
113
89
120
116
97
109
83
84
160
300
153
133
33
115
470
173
190
189
223
248
159
198
184
210
53
219
208
500
418
259
224
299
500
315
56
500
53
90
446
500
358
473
374
500
500
169
116
219
256
277
68
229
231
119
229
168
188
253
195
98
10
10
197
89
28
53
20
18
14
13
163
160
275
237
162
349
29
500
500
225
306
10
10
129
500
330
193
500
275
58
129
67
93
204
136
160
155
207
101
124
199
135
88
12
52
142
12
72
94
105
103
81
92
132
186
146
102
105
122
125
163
203
304
166
233
247
270
190
500
114
189
85
129
95
123
68
100
59
66
59
115
130
63
46
43
100
142
259
178
207
255
272
302
25
78
225
53
73
44
78
106
423
292
418
500
95
54
500
99
321
69
500
500
500
196
500
251
500
500
343
406
235
273
257
119
101
96
88
257
178
160
217
205
266
201
200
162
219
161
173
120
203
380
500
347
500
500
500
500
500
500
500
500
500
500
250
269
500
174
129
500
500
500
500
500
500
500
500
500
500
500
500
500
128
500
500
500
500
500
363
332
301
500
500
500
500
500
186
500
500
500
500
500
500
500
500
500
422
500
500
500
500
187
500
500
500
500
500
500
500
500
119
500
500
500
132
500
500
500
500
104
495
500
500
500
500
500
500
500
500
417
500
500
308
500
500
500
128
495
500
500
500
500
