295
851
5
8
261
370
790
655
320
343
66199
22
156
235
3578
27
230
331
245
285
3
78
161
80
13
674
275
20
45
94
1108
1
663
53
425
359
64
103
608
1848
104
198
57
286
133
643
208
1316
258
91
79
1035
31
90
366
83
234
714
1525
595
3317
240
16
16
349
658
94
176
393
214
703
12
4316
9
75
118
62
704
3102
36
207
104
678
453
122
1317
1515
28
223
2396
1801
106
615
294
54
123
1
261
3
599
145
173
1427
141
8
101
1265
83
1114
131
128
336
17
873
2457
104
62
97
75
813
135
497
127
40
315
34
58
362
361
255
585
112
259
131
69
166
347
1031
59
21
545
112
351
34
2219
175
14
93
205
59
88
85
1301
84
686
1155
5
46
270
51
14
21
62
1344
373
25
16
220
147
619
23
1514
54
200
38
411
123
1073
1992
2159
557
80
599
279
482
1
102
143
13892
278
650
203
73
9
111
168
599
22
4
382
84
25
3062
342
700
61
86
49
103
9
12
98
84
91
21
105
25
29
120
3
539
44
51
7208
386
415
6
102
54
1
1574
7261
27
24
313
271
137
18
104
30
199
26
4188
81
37
27
92
5
15
152
89
32
27
54
51
340
358
12
142
100
96
129
191
46
170
231
85
5
221
122
40
189
2383
832
149
3113
350
257
24
18
6
674
247
81
25
35
8
59
17
804
114
3558
93
1400
1089
33
47
121
136
514
563
108
138
1305
48
12
149
597
64
4
32
166
57
57
7
1
10
226
109
2
2668
2457
101
1471
17
33
56
53
6
152
84
471
73
4
29
1822
183
56
240
65
56
116
144
5
8
232
55
123
1828
213
261
214
6859
56
480
152
256
162
76
111
29
139
36
109
7
7407
80
54
31
2374
11
11
69
422
11530
1424
69
45
78
17
185
45
1889
250
6905
40
182
170
16
34
174
47
57
49
662
657
74
172
110
384
2257
94
317
61
71
49
78
113
186
136
46
2099
612
17
13
20
44
129
34
5
1663
59
467
266
27
161
7
751
347
13
11
19
116
344
255
654
211
175
887
22
409
14
233
73
4949
43
5488
31
110
20
164
78
50
61
49
128
526
97
7
6916
75
56
261
49
50
52
271
24
899
278
28
155
21
2561
120
576
69
4
36
4
2
856
1512
55
18
13
435
52
198
116
74
13
101
52
152
339
78
7
851
159
41
15
92
63
47
87
13
2023
17
51
157
35
131
302
23
10
51
575
1226
107
3348
3
14
51
277
295
100
38
354
1203
4128
91
92
269
2288
3397
3922
102
162
55
9
71
60
14
173
15
80
98
110
18
1193
10571
151
1
47
810
113
21
20
545
1573
437
57
25
654
6
15
11
311
38
28
50
9
13
2062
2207
1691
754
121
73
9
182
244
418
27
34
43
764
1640
145
98
108
11
426
1183
1456
97
553
953
31
87
55
16
628
96
13
60
200
242
30
64
928
694
95
282
26
359
1458
15
41
90
568
1218
116
1598
403
72
539
28
3339
1596
121
38
1024
3573
1216
16
12
23
34
36
36
133
60
17
374
77
1305
2245
128
2283
519
913
683
60
80
984
112
2170
363
362
66
31
56
21
2
53
14
76
176
393
1
34
190
135
1025
5535
767
502
317
74
1266
2
86
52
640
72
1546
24
1619
4
86
13
83
137
1218
6
52
11
209
320
120
244
436
92
663
1718
1284
2483
123
65
17
140
24
384
8
436
556
82
37
22
69
28
103
93
39
25
28
35
28
997
410
70
55
435
300
11
497
7305
865
119
347
224
2165
223
158
2003
1644
206
32
308
6
69
35
60
10
138
90
1213
41
29
51
40
4203
530
8
521
62
813
1049
11
432
74
12
6
3648
96
582
202
116
107
43
31
752
1
400
116
68
93
276
1827
70
15
52
67
44
6
162
130
354
20
196
9366
14
33
139
59
870
13
56
40
67
874
2
102
21
15
19
5
19
5
31
46
2764
517
725
854
396
68
64
83
64
7
1152
32
139
66
411
62
167
926
464
76
798
123
215
709
1615
137
48
10
186
55
8
2288
92
1132
195
95
24
6
67
1533
298
26
670
191
33
29
63
2
1966
166
38
59
10
26
134
394
1007
1137
197
5699
24
179
149
17
92
732
108
6
2263
69
4
9
570
21
434
49
6932
427
45
154
35
32
36
6
36
231
260
499
492
58
85
8
88
794
2
12
114
193
826
14
142
496
246
14
512
61
14
5
14
2
11
50
38
2958
56
61
7
1051
242
38
8
1974
20
3
121
29
111
87
171
46
89
1767
66
18
214
102
1796
1
944
44
42
374
553
23
11
33
171
15
47
131
35
190
40
29
47
1791
64
45
338
418
366
16
200
207
2912
20
8386
931
162
315
25
1858
35
61
446
1133
125
99
34
36
38
512
1422
917
1080
213
167
286
80
670
387
66
24
173
245
18
647
35
321
1598
138
292
11
43
897
675
779
12
701
1354
148
515
11
41
155
67
1554
5
754
3
914
235
808
204
1087
10
114
5667
105
17
314
4
108
541
429
533
1084
756
29
7
451
166
237
157
1239
100
70
1144
25
206
2912
343
38
1051
2144
9
1586
414
65
186
60
75
1449
65
29
8523
110
920
533
33
129
212
583
31
1268
24
1207
88
672
243
51
65
2101
36
28
73
18
1300
17
23
68
37
29
363
33
25
86
253
7
15
50
9
24
16
39
15
1435
980
19
21
73
20
4
24
491
14
51
14
10
26
79
23
6
411
803
83
626
24
276
140
74
219
3
1303
3007
57
90
6
42
15
1309
1189
142
3
23
191
2
141
34
40
86
996
63
72
199
151
907
111
104
6
31
19
9
28
37
10
95
587
40
552
5134
22
106
29
1086
32
605
149
72
863
16
58
34
249
21
225
125
6
14
88
429
146
7
85
371
40
1325
3079
35
9
115
779
222
565
22
38
349
136
378
7
4807
26
283
198
52
16
8
151
541
163
3329
19
59
877
44
1046
35
57
83
114
16
3
605
937
173
44
775
24
37
19
11
109
51
31
60
116
198
25
12
377
134
2147
77
267
51
80
72
40
998
25
59
4361
64
9
483
63
40
1714
1045
11
98
64
2625
279
44
64
18
12
154
2
9
21
35
12
30
22
38
6
6
91
117
36
22
120
886
94
246
27
256
45
673
24
347
150
14
845
826
19
2853
64
1106
30
81
262
106
97
29
561
22
338
93
110
118
21
10
120
3038
49
40
136
157
353
79
36
42
1348
23
78
8
30
177
90
10
67
393
10
3
78
79
569
43
237
5808
33
19
133
200
36
83
168
526
31
30
81
68
1539
22
368
31
1
34
6
2
42
11055
33
82
693
14
11565
760
6
76
290
34
19
104
135
26
72
191
13
324
388
80
5113
75
5
124
157
94
187
649
129
13
23
116
1
1189
397
499
1211
456
71
7
241
25
39
136
100
1072
1942
1667
6
704
44
34
28
74
422
88
378
125
91
2
30
3
6623
843
6
9
564
221
25
31
16
21
1341
4
202
29
63
38
39
8
27
12
556
519
10
2746
77
14
71
649
1727
39
1622
2
8
87
861
853
6
181
289
418
68
56
16
62
26
162
104
88
524
1536
1388
25
1346
49
714
48
9
41
4229
534
7208
99
1775
117
35
292
1106
41
9
16
284
90
1191
970
25
429
342
2827
25
2150
64
2426
656
13
9
946
96
21
60
390
60
19
3791
30
754
8
25
265
22
112
11
39
689
31
29
120
809
25
190
70
26
2280
832
78
73
40
7
12
45
5555
128
240
1719
620
1
88
581
4579
48
44
75
97
1760
159
23
23
32
689
2
169
3
761
15
674
1
42
32
341
43
71
29
15
105
16
1113
238
1765
72
1234
59
1
2751
9
83
18
87
7
44
1672
3
36
39
202
109
18
16
48
24
49
71
30
146
133
19
34
112
11
141
127
536
178
254
1778
1
32
410
26
6
147
927
264
65
1207
262
2770
56
72
1685
48
75
84
171
44
27
55
462
16
17
2141
639
609
13
51
135
23
663
1017
559
501
349
5291
111
64
6
14
32
30
1137
59
18
5
563
467
2825
17
11
287
4
25
37
4
18
859
20
1779
512
2
56
95
128
7131
239
3
511
60
24
1
714
23
363
67
2
100
4241
1850
21
157
48
98
1267
2655
81
16
25
1
3669
84
18
75
848
836
686
4
48
99
81
1504
486
21
749
96
80
85
12
38
1
49
1206
1162
2342
130
34
13
61
9
43
9
23
2
134
12
157
2283
24
167
7
32
3
27
243
33
209
50
56
177
1808
32
19
153
12
121
11
12
1951
292
493
104
183
44
25
15
9
1455
15
56
43
50
12
23
220
267
486
134
304
56
215
737
73
26
117
24
2
1494
319
13
438
55
125
107
40
19
117
61
32
1
115
51
147
232
22
47
83
14
22
18
51
9
48
846
25
5
724
4106
47
1049
24
2
59
31
31
311
1451
22
40
18
514
72
1027
2059
82
2155
117
36
44
7
2662
109
9
1135
63
572
152
87
39
83
157
382
22
34
69
887
3408
7
4
1729
7
190
873
1
14
1
306
765
16
272
31
4
75
1803
25
17
218
45
86
45
107
34
93
184
170
1150
375
272
44
248
551
178
118
90
76
2
20
244
93
78
97
240
10
56
2128
6
451
1830
80
247
90
45
1579
190
90
112
30
18
900
128
7
77
610
615
89
590
7465
