457
329
6369
12
28379
21163
10366
2328
23999
5787
3864
2311
942
2817
18
9377
62
14954
166
61
297
84
101
9
72
94
514
3208
16188
1
1891
154
1285
5
447
1537
3
486
4351
3890
1871
154
475
1336
2253
17
166
912
353
312
190
871
443
294
699
125
326
264
6
1254
94
913
329
80
1
368
84
449
587
522
403
4747
32
624
10
452
3698
259
4
507
197
485
279
13
2683
191
182
1471
6
244
336
699
137
202
135
110
118
112
180
599
46
3402
35
512
62
41
960
659
235
13
159
154
505
109
93
262
183
361
45
275
634
232
82
1669
458
1610
264
780
6
40
441
415
136
374
221
225
423
153
405
405
940
353
138
1482
9
30
854
121
139
1616
239
4
651
581
86
206
44
521
434
20
68
1043
2
959
23
72
17
203
97
186
487
208
159
76
115
18
15
94
130
72
52
359
887
373
91
532
186
7
94
181
42
308
18
39
121
521
241
87
184
171
1
237
202
12
520
57
29
25
201
330
573
97
365
104
31
3360
256
57
20
91
431
369
371
105
919
274
652
345
698
26
539
861
95
42
121
483
57
482
328
293
972
16
62
59
395
49
145
400
78
1335
21
446
170
184
160
251
17
490
435
471
38
202
69
9
971
265
320
84
28
19
10
130
216
298
220
182
654
685
591
176
63
31
40
241
54
60
637
324
472
419
381
59
49
35
138
69
27
386
159
219
145
7
192
515
92
254
966
13
55
94
352
69
580
233
159
160
3
37
263
524
173
41
124
218
31
276
957
158
173
302
1074
82
54
3
48
163
130
79
17
375
220
14
50
25
7
191
37
107
489
654
70
71
807
163
41
121
18
197
103
56
365
84
82
47
29
406
90
58
352
732
168
19
697
173
4
28
267
13
165
93
113
560
417
776
554
67
231
11
94
1071
327
216
198
412
425
116
157
376
105
134
52
66
48
161
621
98
115
318
8
397
58
543
81
285
46
617
382
121
94
1
62
150
62
1187
868
55
272
172
48
166
13
29
293
259
47
61
68
127
161
94
351
84
332
207
157
267
143
52
12
146
158
125
142
409
137
47
850
118
34
600
167
333
65
133
183
2256
152
692
477
206
108
19
58
9
271
37
588
39
196
1046
314
583
91
215
304
486
57
48
107
446
522
270
142
23
6
170
111
86
390
165
136
121
270
89
488
58
448
687
107
73
534
289
289
157
892
482
95
1626
223
179
1319
184
22
768
461
306
72
643
27
469
11
206
121
9
836
272
93
892
43
32
11
794
582
1829
181
1309
389
368
79
18
28
1238
175
17
233
392
12
32
103
45
384
537
765
231
164
29
225
490
463
22
432
16
316
356
442
83
354
107
606
465
668
239
71
232
340
581
463
360
585
378
461
84
228
9
394
191
165
9
301
901
92
14
39
236
162
181
33
571
115
574
94
192
182
12
374
590
525
1150
14
29
1059
27
2
113
32
305
309
1024
25
682
689
309
104
620
137
37
109
132
765
159
803
32
304
50
120
275
80
341
278
24
16
423
30
1905
26
83
114
809
375
137
321
61
251
98
1641
224
94
231
5
21
295
466
460
43
312
782
8
622
30
102
175
209
228
18
139
246
1
3
293
194
20
678
25
14
132
221
2
131
20
716
25
13
47
844
777
602
347
180
384
1220
1659
395
35
254
554
257
652
494
370
50
357
854
170
73
52
243
256
314
55
10
184
623
33
103
192
13
602
20
480
31
2
623
15
72
776
60
71
144
295
332
162
359
53
968
478
35
549
898
708
908
164
189
124
710
757
659
11
186
379
916
968
170
17
213
593
101
99
294
331
135
108
87
387
159
112
1013
43
754
481
5
21
235
6
165
142
112
2482
117
457
86
213
147
129
94
458
120
69
320
615
447
1354
35
673
78
140
189
77
1150
282
210
235
32
333
411
410
652
205
508
18
439
1680
59
30
10
39
407
6
1
885
105
130
119
7
266
512
754
337
21
48
55
948
18
87
103
145
315
127
42
261
98
902
91
280
685
4
175
65
307
33
1539
339
1177
9
222
445
1056
5
53
51
44
2
21
1396
153
724
498
534
173
123
9
427
1420
146
85
17
811
422
159
329
28
1107
351
308
1475
1389
491
841
402
95
692
42
144
65
14
348
491
178
557
608
159
395
1158
1
202
1083
273
2074
1786
80
503
229
105
334
2
13
427
461
356
620
573
234
46
38
626
25
1478
35
338
3
227
15
154
935
509
358
128
418
116
6
1132
443
142
155
20
119
61
135
919
39
3966
112
167
62
184
338
20
182
38
471
65
1388
119
184
553
8
434
205
1220
116
629
29
96
62
613
132
188
23
1
249
51
240
709
1488
17
167
51
776
52
22
85
41
360
10
234
10
69
97
1233
1
161
429
8
776
379
338
203
16
181
248
221
5
3
381
243
1422
126
27
6765
159
8
1196
181
30
532
2501
409
16
38
937
332
64
26
316
117
1008
793
33
41
610
2
320
404
246
145
17
167
147
1929
172
275
143
510
179
148
145
207
4
32
928
464
75
496
7
2291
159
85
151
21
80
1160
107
113
25
486
32
101
168
366
278
49
179
32
385
57
319
97
203
428
7
305
52
313
59
392
664
351
290
479
160
116
3
281
335
282
63
778
409
1009
265
8
811
698
544
752
505
158
97
39
84
1144
6
17
74
313
31
744
400
861
220
661
527
1185
684
2492
286
1307
1037
460
162
389
595
398
522
229
1
370
24
16
32
89
24
43
351
60
271
39
57
613
4
113
422
41
1191
485
979
199
789
296
338
188
1046
201
629
184
1874
2502
99
103
716
196
171
16
77
249
144
1056
39
1433
669
264
477
694
253
537
50
404
262
162
718
59
31
513
1106
125
322
654
255
608
143
123
45
8
469
179
303
60
524
10
116
532
690
441
15
349
159
50
100
93
155
561
250
87
127
1102
124
16
441
339
1743
15
1420
1384
402
514
99
382
960
425
605
400
549
142
196
604
405
303
121
194
493
972
568
245
154
96
1213
43
36
816
980
769
63
143
123
18
92
24
192
343
2
629
126
386
222
46
1008
705
897
2
17
34
242
228
12
149
507
118
774
103
1083
110
811
708
939
229
27
93
878
480
401
539
41
508
602
91
40
361
552
381
211
29
863
157
1386
246
346
110
23
526
80
70
1
553
260
844
33
81
9
715
65
715
151
481
67
381
74
17
525
1
332
544
198
563
950
354
8
8
219
166
71
4
678
133
731
5
30
724
308
980
344
586
275
15
64
134
130
907
302
1194
38
316
544
148
230
41
19
94
248
307
148
408
127
88
982
71
61
82
965
41
149
16
53
135
271
58
596
1
250
8
190
188
28
323
49
82
4
524
483
16
24
3
17
574
10
77
683
121
322
661
660
78
517
517
340
151
394
7
177
187
236
9136
242
35
605
244
397
256
563
1647
323
20
941
153
50
510
4
704
54
806
76
375
835
14
968
415
375
1020
101
68
78
863
191
1476
3
32
542
170
21
400
6
336
1378
158
10
1018
54
111
138
664
419
831
24
3
135
334
90
119
258
32
285
438
141
266
63
1781
75
123
224
230
232
565
354
272
316
384
413
607
291
207
225
19
238
533
33
113
405
150
25
219
58
184
86
682
256
1606
23
142
347
112
69
31
1073
198
149
306
270
252
190
281
927
719
86
239
63
8
92
332
762
6
277
584
118
430
514
491
395
6
340
220
101
655
300
144
233
271
701
1
473
150
76
477
872
104
111
683
11
159
50
130
55
53
901
142
118
1049
1143
140
1019
540
40
68
24
27
534
2
212
743
320
602
571
363
159
531
1451
157
55
370
378
189
10
115
216
521
1576
344
857
170
15
48
10
60
129
303
36
296
401
223
1470
357
197
41
642
736
665
3
22
515
677
64
234
193
372
590
5
47
82
244
8
995
834
651
934
381
77
118
6
84
570
383
2337
156
121
59
57
49
69
486
104
148
78
361
57
29
709
173
59
3261
82
378
304
200
109
903
153
120
784
128
86
489
182
11
23
176
314
172
364
142
21
20
7
1019
26
83
225
54
170
15
196
523
305
37
4
55
855
397
441
344
918
378
323
32
6
118
120
139
94
159
272
293
719
51
32
197
254
10
136
104
37
257
8
66
476
110
1473
79
233
336
398
524
250
410
1
875
607
48
141
816
106
209
215
221
77
162
28
55
125
754
431
66
285
452
74
79
149
6
26
45
995
501
255
53
145
536
98
473
147
5
357
442
31
11
126
183
92
217
47
32
101
83
1338
1
669
338
210
255
2668
29
336
510
630
53
1
77
174
638
1262
268
23
207
1197
225
415
271
441
177
62
88
75
702
7
34
91
135
39
650
135
150
78
325
294
98
43
111
379
11
67
254
382
179
193
83
352
156
1010
44
290
384
157
229
92
144
265
546
115
263
1297
606
269
3
125
111
1512
75
957
307
266
5
155
283
470
544
161
287
94
296
151
1988
128
15
188
42
205
1
37
441
314
27
334
306
75
64
1185
359
130
168
1139
1237
384
419
1328
5
6
1757
129
1538
164
196
1603
43
75
77
230
410
457
326
224
185
1
30
128
152
79
43
934
176
37
308
59
7
62
162
191
49
292
814
81
747
178
249
390
3
40
83
442
147
374
221
88
53
17
363
19
385
60
162
2216
15
179
1116
233
85
10
193
593
31
324
12
63
63
363
443
452
620
745
557
207
1279
3
143
379
95
266
109
168
578
53
57
136
30
54
592
469
26
111
129
68
57
398
149
108
374
36
137
67
851
66
51
36
50
55
3
276
70
1024
289
118
103
102
2049
375
71
188
15
586
62
441
146
86
105
342
237
46
243
105
977
294
2508
452
1125
208
1013
333
588
1321
130
174
537
81
5
240
68
21
374
28
256
73
484
2712
20
74
281
183
259
48
453
54
163
322
366
617
99
699
437
109
5170
26
288
7
436
379
266
128
882
941
65
233
30
329
7
41
623
774
227
238
1115
678
1073
30
13
33
23
7
3024
1271
4
8
38
757
156
529
115
57
136
725
715
284
23
508
70
22
1289
376
112
13
30
348
47
225
126
51
65
11
750
1346
297
180
372
688
869
247
135
143
86
93
377
669
19
398
211
165
238
143
886
149
137
139
168
134
666
4
26
7
235
28
86
71
345
11
1293
1450
115
790
42
64
31
71
131
122
702
197
245
13
123
92
525
189
9
14
21
130
324
140
671
340
232
135
934
153
34
130
370
57
455
53
91
24
71
636
141
210
288
379
102
145
176
910
3143
135
3
40
221
306
9
150
954
61
123
342
626
161
111
993
102
418
1062
639
1124
286
216
733
324
184
435
413
150
469
204
1
99
8
504
334
45
564
475
478
151
13
238
974
293
547
16
181
165
216
406
64
1906
438
338
785
27
94
791
130
117
95
202
409
40
681
385
21
1
199
616
71
140
2
234
7
249
57
676
142
9
174
224
59
222
25
668
1881
214
183
360
898
270
55
50
6
1063
446
48
130
77
468
405
1353
327
48
509
22
415
460
846
198
1365
362
91
94
643
161
54
79
147
94
491
149
248
252
15
735
162
329
168
14
96
110
82
174
280
92
84
93
164
133
194
131
73
16
108
456
19
400
137
69
10
176
358
87
357
8
288
114
34
487
762
63
66
151
387
13
483
49
144
289
268
232
152
217
1103
214
730
548
1248
38
121
578
517
279
887
962
327
331
547
1782
714
117
429
350
445
1332
96
248
31
899
185
428
164
585
206
409
361
296
163
101
2446
479
462