-58
-33
-64
-52
-42
-48
-73
-48
-23
-61
-58
-35
-16
-16
-73
-15
-40
-27
-42
-34
60
-25
-16
-14
-47
44
-15
17
-5
21
3
17
-5
10
-1
36
20
70
27
54
7
32
-2
-5
-2
-19
11
18
-4
14
-8
19
6
-17
7
0
-13
-4
15
10
-6
-29
-28
23
-34
-11
1
4
3
-20
5
-9
-14
-13
15
4
-15
-15
-18
0
-4
41
-23
7
-2
-1
70
10
21
7
34
85
-2
42
40
44
58
100
19
107
55
60
67
68
-1
112
54
28
82
27
76
121
135
92
73
114
67
113
50
99
90
97
137
88
132
111
75
82
132
100
130
27
66
105
85
53
16
113
85
63
58
103
40
130
142
106
7
21
60
66
81
72
-11
107
130
49
28
132
62
90
97
121
80
52
65
87
68
133
100
158
70
113
123
76
124
121
75
112
-21
83
63
118
67
57
76
118
10
85
126
100
82
89
107
79
56
68
143
78
52
109
140
48
12
137
121
88
85
127
86
163
106
99
122
139
134
112
113
92
92
130
125
63
135
67
108
111
113
19
140
144
118
72
68
101
54
97
55
129
110
73
77
100
75
54
101
130
0
142
91
70
39
118
87
50
97
34
37
35
111
123
135
42
131
80
174
105
95
93
95
132
119
142
102
107
149
100
134
83
88
141
51
72
121
152
-17
91
81
147
47
101
77
89
135
102
104
121
110
53
48
115
162
114
24
119
120
90
160
95
126
73
42
111
76
96
0
111
115
105
82
151
9
84
113
131
135
75
137
83
75
97
89
108
29
110
130
58
124
116
142
135
101
49
100
71
100
161
123
69
148
40
118
83
79
154
15
166
106
108
157
117
130
130
97
81
103
96
36
101
-17
131
119
143
127
142
65
42
96
53
92
92
115
103
125
120
128
37
140
131
161
150
103
100
122
125
44
150
85
123
124
109
84
107
101
117
146
25
112
99
79
157
72
89
80
65
158
75
88
54
124
37
100
154
93
5
104
120
177
76
132
4
118
136
119
125
20
115
150
66
133
94
116
94
145
14
59
140
114
114
100
134
50
116
70
59
154
97
167
73
76
149
87
131
163
28
142
30
128
114
119
96
92
119
190
137
100
71
111
166
168
113
136
113
147
51
80
135
164
121
125
116
103
104
127
115
195
155
132
54
102
156
82
135
94
113
65
72
45
164
46
114
103
128
101
83
102
100
101
151
110
155
134
78
81
126
134
159
81
138
155
132
138
127
124
134
120
139
62
77
147
147
115
80
130
93
106
90
116
85
111
63
110
148
167
95
87
105
149
149
146
69
125
98
142
167
119
124
66
165
112
156
90
176
165
114
72
71
61
107
124
162
127
135
93
122
116
153
122
136
138
158
141
160
131
105
127
164
116
66
109
126
156
110
104
98
123
91
158
155
54
132
151
157
105
145
133
160
108
140
173
97
330
130
125
79
160
125
143
108
124
136
112
93
159
141
148
173
85
148
123
192
99
117
114
114
121
149
254
100
185
115
152
179
100
121
108
133
115
107
72
130
127
87
108
185
134
64
111
157
91
153
202
143
114
175
138
140
133
113
100
65
100
163
147
127
37
145
114
153
164
105
103
180
150
48
154
79
135
45
58
105
114
158
150
120
234
128
182
110
126
157
138
100
82
140
125
137
147
78
151
182
97
143
159
124
141
107
79
103
93
80
164
120
151
172
156
51
150
106
147
96
171
140
149
96
75
138
116
142
152
95
148
120
134
127
109
122
116
114
138
106
109
131
139
186
110
103
136
118
130
144
136
78
