-58
-48
-59
-77
-33
-40
-59
-4
-22
-72
-40
-51
-56
-32
-68
-80
-74
-63
-63
-33
-43
-53
-51
-42
-58
-40
-30
-56
-50
-22
-59
-15
19
53
-6
78
28
8
-2
0
21
6
22
6
-14
0
-26
-20
-1
-2
-18
24
26
3
-17
-20
-13
-9
-16
-7
-9
-17
-12
8
-14
5
-12
-5
-16
-7
-17
-4
-1
-28
7
-25
-11
-9
-17
-4
11
9
-6
-18
-35
-3
10
-8
-7
7
-8
-3
18
-26
1
-19
16
-16
-2
-28
-11
-8
6
-24
-5
-12
16
-26
-4
-9
-3
-21
2
-4
-27
-1
-28
-12
-3
-1
-8
1
26
-8
-6
-21
-11
16
-7
-22
-2
-11
0
-19
-10
-12
8
-11
-18
-7
-12
-3
-15
-12
-15
-15
-12
-10
-42
-11
9
-7
-23
-8
119
93
47
42
25
45
25
4
-8
22
27
78
4
82
59
9
-22
38
183
-10
93
19
167
139
61
50
-5
39
1
101
76
80
23
-8
160
35
42
98
80
75
92
62
119
86
139
101
93
116
22
93
135
77
39
104
61
114
123
138
150
68
96
62
152
2
84
51
33
88
0
55
43
37
34
120
21
7
115
82
38
106
110
121
64
43
121
140
4
155
154
83
101
126
99
27
81
96
113
92
100
76
95
156
70
90
121
107
80
95
127
52
86
110
119
131
119
43
39
117
131
64
109
116
99
85
110
128
89
72
119
87
121
88
66
62
79
108
74
97
90
98
105
71
85
89
105
34
73
91
79
78
87
47
98
73
18
98
48
111
84
73
78
62
88
79
113
100
94
-26
69
75
89
89
-2
98
67
53
56
110
117
64
76
57
96
81
79
68
71
66
86
71
45
94
58
110
74
103
97
84
88
86
54
98
69
67
107
81
33
71
94
132
73
104
60
72
45
92
97
87
115
95
72
106
94
69
81
-23
-27
101
58
-7
89
-2
79
84
76
90
74
19
88
90
50
99
115
89
66
12
91
83
100
134
96
108
92
81
106
99
127
87
89
120
137
75
92
105
49
87
70
69
104
88
111
84
105
48
76
113
72
84
117
82
88
105
110
64
134
122
0
90
70
10
123
151
148
78
86
14
66
120
100
118
37
77
-10
118
143
109
94
104
105
120
76
143
102
89
111
132
112
120
127
85
101
54
103
111
128
95
92
71
53
104
99
127
89
87
68
60
74
112
99
76
116
146
123
133
80
136
146
118
111
123
133
123
121
122
97
107
129
107
111
110
106
81
131
110
61
140
188
101
118
96
115
89
112
131
282
118
26
150
143
163
162
83
140
146
88
56
135
154
129
150
83
93
149
136
42
135
118
107
152
144
81
39
125
62
67
40
134
63
48
52
80
73
194
262
148
54
54
178
72
127
156
68
127
113
31
50
162
160
87
135
129
101
116
101
137
147
146
147
167
88
134
49
109
173
139
101
109
122
123
-9
104
128
87
156
68
133
132
106
136
98
122
2
139
106
22
125
121
124
82
121
105
146
126
125
144
148
46
114
141
98
106
257
85
190
104
17
121
131
156
123
161
2
133
125
139
246
109
132
116
127
65
104
144
152
133
108
125
119
111
135
106
144
174
108
105
143
27
72
131
123
110
154
148
64
159
153
58
51
42
109
56
93
101
65
161
65
135
49
75
154
80
148
131
144
167
126
103
112
118
142
88
139
127
130
66
154
107
132
112
113
118
156
85
144
168
118
148
134
133
130
75
135
99
118
143
129
137
136
133
132
97
191
154
103
135
143
130
105
117
112
131
45
122
67
28
119
142
36
88
164
120
126
125
129
146
90
99
142
149
146
85
107
98
13
90
20
118
132
43
164
35
107
34
160
42
49
111
145
171
123
102
132
131
134
115
94
103
153
129
124
135
72
130
95
92
138
105
69
144
43
68
123
123
145
102
85
162
98
104
184
107
92
55
84
102
142
-2
103
73
-1
107
31
107
114
109
137
104
105
77
141
17
38
100
104
59
67
113
113
30
82
116
48
73
