-18
-64
-11
-18
-68
-65
-16
-50
-69
-26
-39
-67
-51
-51
-51
-31
-23
-18
-57
-36
-39
-59
-34
-42
-44
-62
-23
-42
-45
-60
-58
-66
-51
-71
-57
-61
-47
-38
-56
-29
-52
-33
-47
-37
2
-70
-82
-56
-47
-63
-61
14
-54
-31
-40
-56
-53
-69
-32
-49
-76
-46
-57
-70
-16
-31
-37
-60
-66
-34
-65
-55
-20
-60
-56
-42
-37
-51
-13
-47
-76
-66
-33
-56
-74
-58
-50
-60
-24
-11
-30
-49
-51
-44
-62
-61
-57
-14
-59
-35
-4
-20
-7
-80
-60
-48
-77
-47
-52
-69
-84
-90
-89
-50
-73
-69
-47
-57
-55
1
-36
-33
-55
-25
-67
-54
-30
-45
-33
-49
-41
-72
-47
3
-25
-57
-26
-43
-75
-67
-44
-29
-49
-84
-79
-81
-25
-20
-57
-67
-19
-44
-57
-55
-38
-29
-63
-38
-49
-49
-19
23
-57
-80
-39
-12
-62
-38
-32
-47
-38
-36
-9
-30
-61
-62
-57
-78
-76
-40
-30
17
-51
-73
-47
-40
-25
-40
-12
-2
-10
-7
5
-12
34
-21
-7
-78
22
-71
-32
24
-67
-58
-44
-40
-61
-70
-78
2
-45
-15
-49
2
-11
-66
-45
18
-36
-46
0
-12
-27
-24
11
-22
-62
-60
-10
-65
5
-52
-30
-6
-27
-9
-69
-64
-34
-15
1
-53
-8
-31
-3
2
-9
-5
0
-61
9
-77
-87
-79
-16
-8
-46
-7
-59
-52
23
-37
14
-76
-34
9
-53
-28
-81
-49
-68
-40
25
-7
-68
-28
-24
-25
-55
31
25
-8
-49
-49
67
-35
-5
-51
40
-56
26
-46
3
0
-69
-74
-64
26
-8
-31
-5
-12
10
-44
-31
-61
5
-38
-1
-8
-1
-68
-24
0
-15
-36
-56
-75
9
-68
-84
-85
-83
-22
-32
-10
-6
-25
-17
3
-54
-57
-50
-26
5
2
-13
16
-76
6
-45
33
-6
68
-38
-38
5
11
-6
-27
-48
-78
-43
-11
27
-42
-53
19
-21
-9
-45
34
-18
-67
-53
-30
-53
-49
-32
9
-53
-45
-33
-8
-35
7
-26
-53
17
-35
-12
-10
22
6
-15
-40
-25
-15
-68
-9
26
2
48
-33
-53
35
-33
-9
-44
47
-24
-43
12
-53
-35
-32
-10
-13
-29
149
-35
-38
-9
17
-7
-56
-20
32
0
-7
8
14
-53
-46
-56
-7
-31
17
-37
-19
10
-30
-28
-12
-57
-55
-8
0
-13
27
-58
-39
-35
9
-3
-55
3
-45
13
-71
-71
-22
-27
-17
-2
-60
10
-40
-65
5
-13
-12
-18
-22
15
-17
-53
-47
-13
34
-64
-13
22
-35
-28
-63
-83
-55
13
19
-52
-6
-72
-58
-44
-2
-1
-3
7
7
-72
-56
-21
-22
-32
13
-71
-18
-38
-61
-32
-74
39
-16
-10
-70
-43
-17
-12
-29
-32
-57
34
10
-39
-15
19
-53
35
-46
-2
-19
-38
-12
-37
-36
-16
-56
-39
-33
4
9
-26
-2
9
-41
-36
-38
-60
-7
-26
0
10
-6
-27
-29
-70
44
-45
-20
-37
-59
-63
-68
-35
-8
-23
-54
-50
-42
39
-3
-38
-24
-20
-12
-76
-69
-3
7
-19
-26
-2
-4
-77
24
-75
-22
-47
-70
48
-40
-42
-12
-48
27
-33
21
-19
-58
-59
-49
-8
2
36
-76
-10
-47
-15
-1
-2
34
-16
-35
8
-29
-59
-69
18
-73
18
36
-1
-63
12
-33
-32
-53
-23
30
-36
-15
-51
-66
-9
15
28
3
-15
41
-35
-47
4
-53
-25
-32
-37
-53
21
-57
-16
-33
-46
-67
19
-38
-8
-28
-12
-44
-61
-58
-60
-41
-15
-43
14
-67
-64
-22
-54
26
-45
-65
-18
-66
-8
-3
47
-74
43
-38
-69
59
-80
-72
-21
-30
2
-69
-51
-45
-3
-20
-48
-56
-4
-62
-46
33
-46
-60
-18
-58
32
-20
-12
-25
-40
-64
8
-75
-71
-25
6
25
3
-6
-55
28
-11
23
-58
-1
9
-78
-29
-13
-25
-49
2
-59
-13
-22
-37
-17
-31
-21
-25
-53
-35
-43
-28
-57
0
-37
-54
11
-58
-25
15
-57
-42
-63
-22
-25
-85
-41
-33
-31
-80
10
-50
-63
-57
-44
-46
-52
-55
-3
-73
19
-39
-62
27
-67
-37
-32
-31
30
58
-20
-61
20
-30
-65
-68
-4
-39
0
-28
-58
-47
-60
17
-17
24
-67
-41
-72
-86
-45
-17
-59
-84
9
6
-52
-47
-16
-52
-8
-25
-29
27
-12
-47
-32
-32
-4
-72
-63
-47
-5
-39
-23
-16
-17
-43
-14
9
-23
11
-42
-69
-13
19
-45
-11
-56
-11
-74
-19
-1
134
37
-5
-5
-15
-51
19
3
-55
-65
-39
-57
18
13
-29
8
-41
-32
41
-23
-56
-40
4
8
14
-6
-46
-17
-46
-20
-46
3
31
44
-9
-29
29
9
-51
-22
34
-10
-17
-29
-57
-41
23
7
2
-45
-9
60
15
-29
-24
-44
12
-30
-45
-3
7
-65
19
-22
-12
-27
-49
-45
-3
-39
19
31
-66
-64
-24
-37
64
-13
-39
-68
-8
-18
-14
2
-52
0
-40
-23
-36
6
-36
10
-16
-39
-3
-44
-28
21
-13
68
-59
3
-22
34
-19
-32
-3
-39
25
34
46
69
-58
-37
-47
-16
-47
-14
0
-22
-62
-58
27
-40
-13
-19
33
31
50
-8
-22
-11
30
-14
10
7
36
-13
-14
5
-52
10
4
53
-31
27
-9
-15
32
-3
-26
41
19
11
-8
52
28
37
22
72
-19
37
6
-39
-43
-65
-47
-35
-5
26
10
25
5
-50
18
-28
-26
86
0
51
30
20
43
77
-22
56
-5
-33
-48
45
-3
-15
-48
-56
-15
70
28
51
-33
-37
16
-20
-5
15
88
83
37
-83
63
36
28
48
71
-36
26
42
14
26
-20
-19
-9
-38
-13
6
39
26
-16
9
34
67
43
-29
-34
13
24
49
-64
5
-17
-15
-1
28
-29
62
-41
-59
-5
20
-53
-5
15
46
-22
-9
-16
-58
34
14
45
28
16
-25
19
30
48
14
-17
22
0
11
52
-8
-26
1
3
1
1
27
-35
-48
-9
-1
3
35
-11
13
-7
-24
36
4
-3
-35
46
15
-23
16
-7
-41
46
17
18
18
18
-10
25
13
6
54
-18
16
23
3
59
-24
-28
-41
14
-30
9
-43
-36
-50
-31
6
39
-49
2
-38
32
-33
-50
-62
-82
-24
-2
-4
-13
-19
-17
9
18
-52
2
-85
-39
4
-67
-41
-3
-7
80
14
25
-75
67
32
-30
51
49
-3
-11
50
49
-2
-4
-11
7
-53
-31
79
-32
131
7
-49
-24
39
32
-56
-65
18
25
-1
-5
-21
-16
-6
-49
-17
36
12
-24
-23
-1
-20
10
-12
-8
36
-21
16
-22
25
-19
-32
-61
-24
21
-51
47
134
-48
9
-20
-18
-74
-9
-10
-54
-40
-35
