-71
-12
-52
-41
-48
-65
-37
-48
-64
-29
-39
-58
-40
-44
-52
-28
-58
-10
-51
-21
-35
-51
-58
-27
-23
-62
-45
-60
-18
-41
-48
-73
-4
-5
-13
-24
98
-36
-36
-44
-64
-10
-25
-58
-34
-30
-33
-37
-5
-34
-14
-69
-53
-31
-29
-47
13
-34
-25
-44
-35
-40
-11
4
27
-71
17
-40
-3
-18
-22
-62
1
-13
0
-35
-37
-44
-23
-23
-24
-17
-30
-31
-29
-44
-31
-64
-65
-3
-31
20
-38
-48
-17
10
-47
-9
17
-68
-29
-44
-25
33
-28
-30
45
-21
11
-44
-8
0
5
-10
-50
-54
-22
-20
-13
-13
18
8
63
18
28
-6
26
-56
7
11
20
-45
9
-45
-31
-10
-30
-26
27
-44
19
2
15
-39
-10
-7
23
-6
71
2
21
-52
-52
13
-51
0
27
-9
13
6
-15
64
8
-41
54
15
18
-20
30
44
-5
-18
9
-37
34
10
11
33
-20
-22
-8
58
-13
3
0
-36
21
27
-1
29
8
-3
-25
-21
2
41
24
28
25
1
-8
65
22
10
12
12
6
9
21
25
13
-3
22
31
-23
15
0
-12
12
16
3
-17
5
6
-20
32
-21
-6
23
21
0
-11
-7
-32
-12
10
-5
4
6
-1
36
31
-10
8
-41
18
-19
-13
12
-9
-13
9
21
15
15
-13
-7
32
-19
3
-15
31
17
35
-13
10
-6
-14
59
-13
24
-2
36
11
35
70
15
1
52
59
23
45
29
39
-5
55
97
-1
16
48
17
15
10
61
-18
-34
-33
-42
17
16
-4
55
50
24
49
37
67
-11
28
35
49
74
24
-6
-33
29
15
30
18
32
41
-4
46
45
106
18
56
18
29
5
-9
25
24
17
48
27
7
42
-13
28
51
49
3
56
37
15
61
67
12
8
10
81
90
31
-31
73
10
2
53
22
-38
48
60
23
58
31
34
39
-41
62
73
3
18
31
37
41
43
47
36
23
87
81
32
67
54
34
1
69
75
17
17
40
54
60
69
20
42
6
-10
13
24
30
-16
11
69
12
43
-32
30
22
33
-38
45
47
88
-2
24
68
33
61
64
-5
101
78
54
-14
30
-2
-28
23
17
-19
-6
36
30
79
14
40
-10
18
63
63
6
64
15
21
27
1
71
28
87
79
52
-11
-3
40
16
11
-16
39
74
43
16
50
31
60
65
83
82
116
55
97
40
43
57
111
44
53
88
5
28
52
18
-31
-3
26
25
33
72
102
45
17
56
7
106
-7
56
105
53
66
90
55
68
64
25
53
64
51
81
12
59
57
49
15
88
32
27
13
76
42
52
77
71
69
30
93
14
44
61
56
73
82
35
103
46
52
-20
-12
107
29
-20
110
65
100
65
9
58
37
9
83
67
13
92
17
22
54
14
57
35
26
98
46
45
109
108
51
15
94
59
104
17
81
118
51
25
13
63
53
80
35
90
49
67
63
44
63
55
40
21
60
42
15
1
11
27
18
61
26
24
43
31
49
20
66
25
82
106
24
43
31
39
23
73
64
44
-19
58
11
24
94
57
118
62
59
70
42
24
72
78
74
106
85
64
5
85
48
56
3
49
95
58
83
99
63
50
86
32
71
45
115
46
12
52
26
84
33
39
52
66
75
39
79
52
53
57
104
74
86
107
67
60
73
58
139
99
53
99
38
68
0
49
32
-26
15
44
41
82
53
19
14
82
104
28
63
70
39
47
9
24
42
29
55
34
71
41
53
78
118
64
98
45
116
41
80
43
44
8
141
95
63
-4
85
40
93
43
46
11
44
91
75
20
48
71
-3
94
83
111
-5
48
74
93
24
84
122
50
31
84
78
81
91
75
69
146
75
106
59
16
80
55
68
51
53
63
37
44
118
82
80
80
125
59
93
59
92
48
109
-16
41
32
89
127
56
77
59
91
67
40
85
41
74
62
27
26
44
106
50
133
87
55
78
54
105
64
59
56
104
60
17
100
75
70
37
110
42
65
103
101
89
106
74
102
75
29
103
47
4
90
196
91
61
50
57
118
91
44
41
66
85
69
55
72
