-39
-44
-28
-62
-58
-28
-33
-38
-45
-52
-31
-46
-42
-45
-39
-54
-70
-56
-72
-66
-73
-41
-67
-44
-53
-56
-27
-68
-46
-34
-18
-47
-55
-34
-55
-30
-66
-23
-44
-18
-8
10
-59
-53
-4
-35
-39
-36
-54
-54
-17
-10
-51
-35
-55
-31
-22
-7
-41
-20
-22
-32
-18
-37
-52
-33
-25
34
-25
6
7
-31
-26
-45
-28
26
4
-11
11
29
-45
-84
-43
-13
-72
-29
-8
-32
-38
-39
-61
-4
2
-39
2
-19
6
-7
9
-13
-31
2
12
15
-5
-23
-29
7
5
31
-23
-23
-30
-21
-22
13
5
-4
11
23
-22
-12
-19
-40
-20
-1
24
14
-7
59
4
47
24
-18
-16
10
23
-3
-2
-16
20
25
-14
6
12
10
4
14
-4
-5
-21
-2
22
74
20
9
16
28
14
55
17
58
71
70
20
23
12
55
-1
17
-5
22
44
22
104
36
30
33
6
-8
1
37
72
65
55
-23
28
32
31
86
73
31
74
-23
73
38
48
34
72
67
6
48
71
58
14
27
91
15
57
30
31
43
34
44
14
4
37
-8
63
98
12
-29
69
-4
13
60
23
20
23
63
-1
22
10
3
39
68
24
16
51
41
70
99
36
43
34
60
76
50
-28
44
53
7
46
61
36
57
23
21
33
63
91
23
-3
-22
32
40
13
-14
47
35
31
-49
95
-7
77
25
60
40
34
-19
38
2
-4
-3
56
25
18
18
-24
44
32
32
27
20
63
101
25
48
79
34
58
43
73
78
17
24
5
4
2
40
-10
8
33
37
2
8
89
70
30
5
72
32
-4
112
110
11
91
28
34
30
39
32
37
24
29
68
18
88
75
5
-11
47
20
55
54
7
23
55
9
0
-1
47
57
40
94
83
-10
44
60
101
76
6
9
40
124
33
35
72
71
109
80
49
35
82
65
87
2
8
38
40
55
38
80
41
16
61
23
71
81
39
124
81
66
53
91
37
39
96
66
-18
133
52
30
70
77
60
69
79
24
78
-29
6
14
55
47
32
57
47
51
78
24
75
76
61
51
47
80
19
96
76
57
84
116
52
10
68
61
58
93
80
78
65
89
42
104
80
92
116
62
68
29
88
89
41
66
67
89
125
85
127
88
41
114
69
69
83
34
90
35
37
62
28
51
82
65
32
73
44
69
37
103
6
79
38
32
112
69
52
67
107
129
62
99
86
31
38
48
76
81
84
71
51
112
111
21
107
82
63
80
20
30
53
67
88
137
95
97
47
137
36
73
26
49
46
48
67
23
41
81
43
100
30
62
155
49
129
93
102
69
100
60
57
59
116
120
103
38
87
32
62
38
99
55
149
89
83
41
72
69
132
45
92
118
24
84
35
87
6
51
45
51
60
65
34
92
102
108
163
142
143
45
151
148
38
111
72
99
94
49
81
69
95
59
55
65
125
9
64
101
21
99
72
124
97
82
34
35
53
94
100
71
89
46
112
100
128
138
29
71
119
41
81
110
89
67
71
37
137
116
51
78
35
73
37
121
180
39
48
120
112
63
136
65
126
58
72
107
45
89
89
72
43
73
100
-2
93
-12
51
76
87
64
77
124
114
69
42
31
76
55
126
111
111
85
33
22
161
82
37
94
88
24
130
106
74
106
91
89
118
86
103
47
90
109
86
111
95
127
93
89
62
43
55
121
87
104
133
91
114
133
118
67
100
137
79
117
101
52
116
37
80
139
71
116
31
122
3
-1
64
6
168
27
69
65
75
92
53
97
96
89
112
56
68
127
60
75
114
111
48
125
99
75
139
47
28
18
75
64
20
