-43
13
-38
-22
-13
-59
-16
-5
22
70
14
51
7
-8
73
40
11
27
31
33
60
-29
-16
-14
70
1
25
38
56
95
26
60
35
59
34
88
55
106
94
94
-1
125
91
99
133
116
39
129
68
121
126
131
80
136
124
133
56
52
118
166
152
116
57
99
82
86
58
114
151
65
107
109
148
95
172
82
110
60
117
83
104
92
91
111
48
156
95
112
112
149
61
116
67
103
100
113
193
123
59
59
76
131
112
120
123
93
132
81
134
105
115
85
67
74
111
147
118
132
150
65
118
159
69
139
98
65
73
111
126
169
116
88
120
141
51
133
112
150
145
141
33
119
83
143
100
123
114
60
104
74
140
88
158
70
125
130
138
111
95
81
128
104
40
199
130
31
172
120
170
158
156
87
138
151
113
108
134
112
121
200
77
102
134
81
150
113
142
116
90
148
128
117
91
90
88
89
157
127
147
141
146
99
160
76
177
69
172
117
192
196
172
1180
140
131
163
1159
126
157
159
90
141
125
73
155
99
99
140
214
104
119
128
118
130
173
144
123
125
99
129
141
160
95
117
110
170
104
125
133
154
125
61
107
137
119
134
100
204
142
142
163
116
134
116
92
130
118
91
178
111
132
67
107
113
111
148
102
105
152
129
172
107
98
159
122
168
107
144
162
149
118
133
139
178
136
129
126
167
156
1217
75
189
51
181
142
162
149
136
162
151
114
1132
142
142
172
96
170
171
144
155
91
176
135
139
141
123
88
113
115
153
107
122
150
76
135
161
144
143
145
188
145
160
102
151
167
137
90
134
136
133
194
169
108
209
107
81
141
148
151
182
75
169
134
87
133
100
161
156
100
147
180
193
108
145
141
192
177
141
137
183
92
136
174
84
123
164
131
94
88
140
140
113
135
140
176
104
155
112
163
127
167
138
141
99
138
144
160
187
164
163
181
126
153
124
154
116
172
146
113
110
186
82
133
90
128
144
149
134
153
88
154
159
142
199
162
148
189
155
206
139
142
1190
100
159
182
157
170
153
155
93
120
141
138
101
144
160
163
100
132
175
168
128
110
161
125
143
149
199
173
156
164
163
159
102
144
220
154
173
177
176
137
176
145
134
152
194
171
124
125
189
171
148
163
145
183
158
166
89
120
68
196
133
121
209
184
136
145
110
142
182
133
140
97
142
143
182
203
115
176
135
111
137
163
177
169
173
135
160
113
142
157
116
132
127
161
99
151
149
163
145
97
181
189
128
193
102
91
147
153
104
154
182
150
109
186
153
113
166
150
90
157
116
182
130
179
98
119
141
138
196
135
147
133
194
184
146
1134
139
157
136
161
61
121
152
139
205
98
186
145
130
171
161
155
150
174
1184
101
87
156
106
142
165
181
169
146
134
155
169
114
171
176
189
165
202
172
176
132
161
172
173
147
194
158
170
139
146
199
136
105
167
156
166
160
122
1204
111
116
172
154
103
165
159
152
111
167
170
175
97
146
152
141
147
178
148
220
173
179
146
126
156
213
151
127
128
175
194
131
177
210
175
162
156
155
166
124
112
177
129
130
156
91
191
194
154
77
155
140
205
169
168
176
155
168
186
186
154
123
100
176
185
148
1186
171
138
122
158
166
158
197
160
196
210
146
159
102
177
240
197
101
161
79
216
139
133
144
171
137
157
135
112
167
181
178
161
136
196
155
164
158
178
186
138
1204
141
109
136
168
202
169
128
133
144
170
111
213
123
183
123
162
181
150
157
145
128
178
184
162
144
124
137
147
157
191
149
197
177
109
87
136
178
157
140
169
184
133
167
159
149
117
110
181
109
143
156
166
167
148
113
167
180
190
126
139
136
128
190
141
135
136
115
190
144
146
128
171
138
136
178
151
115
108
172
141
122
134
144
90
135
146
138
144
151
214
156
141
164
176
134
137
152
229
149
139
136
161
119
179
218
139
148
162
187
151
115
161
183
162
143
168
136
203
148
184
136
109
192
176
182
158
106
134
207
171
188
134
166
137
163
133
181
173
54
161
206
182
178
131
133
134
98
195
170
129
169
121
158
143
147
151
192
125
111
127
137
170
133
182
194
145
186
94
195
166
189
164
194
188
156
175
133
199
160
157
170
199
136
179
197
150
151
125
124
94
128
140
191
117
121
103
87
186
113
168
85
162
190
149
127
168
196
127
205
151
142
194
168
144
138
149
170
194
174
150
132
187
222
115
106
243
150
186
158
118
1142
185
159
137
190
163
140
112
137
144
160
184
183
150
179
137
143
117
173
195
191
124
184
143
198
169
151
90
140
118
132
157
155
159
131
133
140
130
146
135
163
108
137
128
213
192
193
150
156
157
108
142
174
167
116
130
127
204
147
162
177
108
173
182
104
138
148
125
151
154
165
170
19
109
147
133
173
124
110
1160
175
109
165
175
174
180
108
200
159
129
82
205
167
164
161
166
145
148
198
179
184
166
132
120
165
183
199
164
161
152
122
141
156
135
196
1187
143
176
152
207
182
166
149
104
189
183
186
166
173
161
132
1179
133
158
217
113
183
152
135
129
171
145
155
134
159
202
133
203
186
127
153
178
137
160
100
134
189
125
138
193
166
138
200
157
164
102
181
179
203
174
151
161
122
154
100
182
176
177
1186
175
135
190
126
1205
135
187
167
152
185
182
187
163
166
214
147
151
178
221
144
160
150
141
143
153
192
175
191
190
192
193
139
131
175
87
167
170
145
139
148
114
138
122
175
185
169
145
174
130
160
180
154
163
168
151
135
119
180
160
123
199
163
176
148
130
153
175
144
197
176
219
164
144
186
198
172
177
146
160
178
134
190
162
1237
153
195
170
140
204
132
171
117
129
167
184
147
166
183
106
150
122
142
133
123
144
149
147
194
161
202
167
150
170
188
203
179
166
155
153
137
93
96
166
199
187
207
134
172
184
193
126
150
191
1201
207
193
145
148
181
140
189
157
183
174
1231
183
154
171
161
130
171
210
178
148
170
216
186
131
164
157
199
125
174
157
148
193
111
186
138
193
192
186
160
219
159
128
184
198
171
158
161
159
157
209
174
110
172
109
161
166
143
138
194
184
159
182
131
158
203
178
167
142
107
180
148
87
191
183
139
153
152
157
171
192
164
151
1204
153
119
74
129
144
118
145
168
146
180
112
191
213
144
144
149
130
160
163
205
150
159
201
139
160
143
177
145
162
145
157
185
175
151
166
145
164
157
137
145
180
84
165
154
155
121
147
182
160
106
165
136
174
117
166
152
125
132
182
136
137
189
147
139
173
169
148
139
160
160
120
131
136
141
143
176
111
126
116
165
165
157
142
171
183
141
160
208
74
146
172
169
105
104
165
136
145
194
184
155
170
137
124
203
120
168
116
126
153
184
146
172
82
212
142
144
161
172
147
173
153
166
161
163
122
169
154
180
182
161
178
172
153
158
154
161
189
168
214
108
179
124
198
132
186
171
153
144
130
173
101
166
164
85
136
202
151
139
137
139
136
154
182
142
130
141
151
205
120
116
127
217
95
170
192
198
1203
143
207
175
180
137
180
59
151
145
179
119
162
163
134
181
217
184
94
164
175
158
159
144
187
137
97
216
162
168
107
164
157
139
144
204
196
126
138
189
118
157
172
227
153
223
171
151
178
179
133
153
1192
166
162
137
162
1173
194
214
168
73
151
158
188
199
212
160
217
167
198
210
178
129
130
187
156
165
195
157
181
162
164
182
149
132
140
202
145
123
79
202
201
158
182
182
148
211
155
122
215
164
146
186
128
1251
178
158
190
166
134
183
211
143
194
179
175
136
171
153
214
192
194
163
157
1200
193
169
187
186
1210
137
177
110
125
143
154
97
168
167
160
78
147
1230
135
166
198
132
146
184
139
159
121
214
162
1166
153
161
141
112
115
153
193
156
100
212
120
110
118
123
133
198
158
215
167
188
130
195
141
168
221
169
143
197
190
191
179
169
177
138
1191
163
158
1220
175
177
201
160
166
142
155
165
133
147
143
136
211
155
139
142
187
209
190
164
207
121
176
189
161
176
151
168
186
187
143
131
145
154
199
181
151
130
189
162
168
138
143
166
218
166
200
145
187
121
123
163
146
200
208
173
178
1198
176
172
188
188
178
200
174
137
180
156
140
169
155
131
138
186
206
227
200
148
110
135
184
196
163
153
194
202
1252
98
205
175
192
172
120
171
154
195
168
160
153
164
188
158
161
198
190
177
110
162
209
155
81
148
170
118
153
143
170
144
156
97
147
200
116
135
184
128
142
152
186
176
122
135
148
167
147
192
112
166
107
164
165
145
139
129
177
175
136
201
160
201
178
200
114
170
164
142
187
194
146
164
170
135
181
167
209
191
203
163
198
199
155
211
159
164
1202
137
201
190
108
170
192
205
127
148
200
122
159
136
177
169
155
1220
161
128
151
118
173
151
167
194
192
209
169
153
172
178
189
132
204
168
118
121
106
200
164
211
165
135
158
172
158
171
200
179
191
221
138
160
187
91
181
172
134
178
169
158
182
167
145
138
150
196
180
181
208
189
121
188
127
179
184
151
192
144
194
136
162
156
129
1211
142
201
