-66
-47
-40
-23
-24
-57
-21
-17
-24
-23
-48
-13
-22
-22
-40
-12
-16
6
-11
0
-31
-47
-39
17
82
-12
9
-10
-6
10
-4
52
-10
132
86
25
116
128
76
105
43
64
36
108
50
33
34
85
99
33
86
128
16
43
76
46
43
79
133
102
156
88
50
110
77
43
100
153
126
162
52
114
115
46
80
127
115
61
61
136
149
116
27
133
114
103
114
136
108
138
147
134
151
151
77
116
156
72
76
75
156
62
181
98
121
69
163
135
124
173
115
279
127
136
165
75
150
134
151
117
74
146
72
178
149
155
96
87
178
117
152
138
15
88
37
51
118
80
121
59
83
116
59
177
111
113
167
153
119
132
140
123
157
98
32
191
66
67
137
130
143
132
125
115
111
225
89
156
156
242
-14
130
174
120
98
114
153
127
145
137
108
293
56
-9
162
22
169
144
119
134
226
138
165
-15
176
142
143
194
71
102
154
114
148
186
226
180
168
124
121
113
224
165
99
138
111
127
179
42
185
178
166
130
134
165
126
146
118
144
187
146
147
108
-10
165
194
168
51
113
133
210
173
225
194
106
140
195
-17
133
103
149
168
113
110
158
83
175
173
157
160
171
194
182
134
92
134
186
115
159
123
171
126
167
137
177
89
173
138
162
160
111
130
173
151
113
118
166
158
184
125
87
140
133
81
164
317
141
179
175
135
148
121
110
136
172
154
153
73
117
128
41
163
169
111
112
161
134
188
168
126
144
109
126
96
161
108
173
145
138
136
130
142
171
150
208
197
201
181
111
151
180
188
170
204
129
188
292
93
157
131
121
140
163
129
170
220
131
171
164
99
174
138
163
130
171
69
210
133
168
180
168
163
106
155
172
174
126
106
151
166
106
216
127
180
186
179
130
51
145
109
117
187
153
148
144
154
166
124
166
163
132
135
190
179
123
172
42
219
186
103
129
170
176
142
211
138
105
181
144
110
199
153
188
148
134
219
196
161
103
176
130
144
209
133
157
130
132
170
123
120
171
189
182
145
178
185
131
175
183
168
124
136
144
146
195
139
177
261
192
291
151
132
190
143
153
160
209
129
132
159
183
178
158
169
121
197
163
153
134
148
144
145
199
-13
-3
219
182
158
72
134
145
170
136
176
165
136
173
118
164
20
152
161
129
121
160
122
137
212
152
172
133
110
115
131
130
163
152
120
124
188
156
175
152
161
187
188
119
155
123
112
115
132
203
140
135
181
142
222
89
203
205
308
101
195
156
150
132
121
199
140
159
109
159
163
170
174
175
119
159
145
170
107
157
-15
143
78
159
164
160
179
81
196
156
196
241
130
181
152
155
168
154
194
130
167
143
174
136
121
144
164
170
114
136
134
170
189
116
181
180
182
173
179
170
92
175
146
149
179
184
131
154
210
146
169
109
101
160
202
155
175
150
142
160
176
147
232
181
189
169
154
169
144
183
139
95
185
90
180
178
143
130
200
190
105
98
188
153
64
135
177
191
152
139
150
183
182
147
157
180
127
143
167
147
123
181
155
142
257
162
140
166
18
142
189
187
123
125
127
123
117
154
129
122
175
178
100
200
123
213
178
159
178
165
120
163
176
118
179
113
163
157
142
158
140
158
122
214
214
174
178
300
167
160
144
173
142
223
145
128
167
143
204
133
162
153
150
153
151
200
163
190
128
174
127
182
94
115
146
174
366
143
152
147
192
109
3
136
-12
164
160
163
147
156
199
175
143
203
128
166
179
164
87
196
204
150
132
227
128
127
108
151
181
160
211
171
167
181
196
126
154
120
126
169
206
158
179
204
217
140
187
180
203
171
170
194
159
153
168
170
124
169
176
147
167
150
123
206
165
152
161
202
134
161
137
163
179
108
182
173
143
194
155
197
161
154
179
185
174
112
192
232
136
161
206
169
209
129
149
358
192
160
163
121
217
150
175
107
104
138
117
174
201
148
148
221
95
159
207
326
198
149
160
174
201
107
163
160
183
134
150
215
175
141
168
327
187
347
165
138
183
96
148
149
134
164
161
230
173
164
138
179
138
197
165
186
125
153
204
120
154
163
167
176
162
123
139
190
149
154
161
133
132
171
171
204
172
181
117
104
126
146
205
136
127
172
213
108
209
162
314
208
176
251
147
177
168
167
109
212
135
202
208
207
158
140
196
158
159
144
176
138
137
111
163
171
181
191
125
162
169
157
185
131
219
139
205
86
154
165
172
160
197
196
185
128
166
279
189
202
108
220
164
200
187
181
148
144
125
199
180
176
344
148
335
140
321
142
204
195
149
188
