-58
-57
-51
-37
-55
-2
-1
-73
-27
-32
-57
-33
-68
-53
-29
-56
-17
-38
-60
-42
-48
-56
-61
-26
-49
-40
-57
-64
-67
-74
-69
-15
-24
-44
0
-21
-63
-21
-76
-44
-16
-67
-15
-46
-59
-46
-63
-37
-32
-37
-13
-65
-22
-77
-18
-27
-33
-43
10
-40
-34
-14
-68
-63
-19
-79
-56
-49
-12
-25
-33
-9
-51
-13
-10
-71
-58
-61
6
-54
-26
-47
-10
-39
-2
-20
-3
-4
-58
-47
-69
-53
-17
-46
-53
8
-35
-38
-25
-35
-35
-47
2
-22
-27
-43
-24
-28
-38
-27
2
-35
-38
-47
-49
-16
-55
-47
7
-57
-20
-33
-38
-37
-3
-33
-23
-62
-39
-18
-51
-46
-1
-18
-50
-21
-28
5
-40
-44
-27
29
2
-65
0
9
-25
-18
-20
-26
42
-25
-31
-25
-43
6
20
-37
-35
-31
-6
6
-31
-5
6
-1
0
-52
-3
-31
33
-34
-14
41
15
4
4
-48
-44
-9
-33
37
-29
-50
16
-5
163
-15
-15
-23
-7
22
-14
-10
-12
18
1
-24
8
-15
-20
46
-25
2
52
5
-30
13
-22
17
24
11
-7
20
29
-2
52
43
26
17
29
20
-66
-29
12
32
34
15
4
3
-5
19
-17
-28
24
22
-2
-14
49
2
4
17
5
-2
-5
-9
47
50
-28
23
17
40
62
43
16
19
-20
-39
25
8
1
-6
6
-14
18
-27
3
-18
17
-36
-52
29
32
0
35
8
-11
20
25
12
59
15
-38
-13
7
10
48
36
0
40
0
16
-32
50
17
19
15
3
-15
-48
18
44
26
19
48
19
41
-13
50
0
62
-14
6
24
-31
71
22
21
61
40
12
35
-30
23
-1
11
21
-8
-13
44
12
7
13
38
19
34
4
-21
-28
-5
41
-12
29
25
56
61
53
43
34
46
-22
74
41
37
-4
5
7
6
68
73
29
23
25
-1
27
-32
47
-6
34
13
74
38
21
-32
35
34
-1
61
68
70
54
31
24
26
21
26
34
23
95
10
47
39
-22
63
-17
10
12
68
78
23
52
30
34
-11
37
42
13
14
45
31
5
-2
89
3
64
57
28
46
22
84
62
43
35
34
1
7
2
-22
82
44
37
6
66
34
65
71
27
39
53
43
66
70
0
75
11
27
92
-16
47
21
27
29
66
42
1
72
-10
56
73
-12
64
66
71
14
72
61
19
66
-16
65
15
79
11
29
24
78
41
46
72
30
26
39
21
54
95
51
104
17
-44
86
70
85
44
52
24
57
59
27
68
71
68
-5
46
31
65
47
7
11
53
52
72
32
9
23
46
44
83
64
17
95
95
17
44
51
104
43
60
64
39
20
107
61
-10
17
17
74
67
48
55
65
18
14
63
12
32
99
13
-10
65
34
27
53
9
139
67
76
69
49
87
104
1
32
60
43
82
42
60
23
28
58
21
47
135
48
56
85
47
49
28
17
3
47
-19
59
21
-11
34
95
56
86
74
30
27
56
27
53
64
101
-2
26
23
23
86
28
56
28
9
21
30
69
76
18
40
65
-32
16
16
78
56
50
30
33
88
44
120
38
52
100
97
55
69
20
40
32
92
1
60
51
63
50
-11
76
81
20
27
-1
55
54
30
47
28
23
73
24
66
-2
92
18
79
8
14
97
27
56
53
42
15
68
80
97
12
43
44
20
-8
35
81
32
22
10
73
4
34
57
91
118
56
62
80
28
70
25
52
30
55
59
65
-16
62
34
53
57
62
56
63
92
58
34
15
31
0
-22
47
107
84
61
35
43
42
75
97
25
87
25
109
35
92
81
20
81
60
18
16
21
42
85
54
83
68
103
69
69
57
72
84
75
90
21
115
53
37
52
52
62
43
120
56
13
107
28
72
94
40
69
106
71
91
132
26
65
49
20
5
45
95
57
1
37
36
30
81
87
90
115
49
53
85
85
103
24
50
140
62
58
48
110
63
84
52
95
64
97
44
93
63
78
107
17
87
68
60
24
22
