-47
-35
-47
-46
-48
-40
-49
-35
-51
-35
-50
-52
-22
-30
-45
-54
-44
-35
-25
-11
-29
-28
7
-9
-14
-9
-13
-4
-5
5
2
26
7
37
16
22
3
16
3
11
1
34
55
26
10
4
15
26
-9
-12
13
5
-10
-1
4
-33
-31
-21
-37
9
9
-12
-3
-6
-7
5
-18
0
20
-1
5
2
-5
8
-11
1
-2
6
10
-15
11
18
29
12
15
18
24
16
42
17
20
-10
11
24
10
5
24
11
18
23
28
27
23
21
30
30
24
41
33
31
17
19
20
15
15
27
43
32
34
45
38
30
84
22
62
42
27
52
28
28
29
31
52
25
46
47
36
31
28
21
32
52
61
36
40
36
40
57
44
46
20
8
22
45
29
34
53
36
16
61
40
21
21
12
20
49
48
42
23
40
47
50
36
31
36
34
44
41
52
58
14
37
55
28
35
70
69
32
51
35
57
28
55
41
73
61
36
78
43
41
45
32
60
67
53
56
51
58
30
55
69
59
43
41
51
40
57
42
64
57
47
51
44
61
49
69
73
65
75
61
63
61
76
45
44
67
48
75
66
55
80
72
64
79
73
57
108
74
75
72
42
80
103
68
49
66
60
44
62
75
91
79
64
49
111
82
64
87
68
84
38
54
57
76
58
66
55
45
57
66
65
72
80
79
80
57
44
67
67
71
70
67
55
67
47
62
59
68
64
45
70
81
60
71
67
101
72
60
93
73
81
70
70
75
71
76
65
55
59
71
32
81
69
48
58
76
71
70
59
49
66
90
53
69
72
75
67
56
87
105
55
67
51
54
90
71
76
79
66
86
63
60
65
62
55
78
81
58
77
72
56
61
73
66
77
84
47
76
73
87
105
82
92
54
92
84
82
54
70
71
46
87
55
81
70
60
73
85
56
48
56
65
93
73
79
69
79
62
79
72
82
64
72
89
92
78
78
60
93
63
52
106
80
74
62
54
80
67
80
77
49
59
65
66
43
77
60
83
68
83
69
72
49
74
75
77
69
66
93
82
101
80
87
90
59
106
87
76
79
78
75
98
74
68
94
65
82
72
106
83
81
81
78
89
59
87
67
99
80
72
74
82
86
74
90
92
79
62
86
81
66
88
84
78
71
95
87
88
97
63
73
82
99
71
63
100
79
83
86
78
91
113
98
72
78
79
73
76
82
67
90
68
61
95
97
84
87
81
102
85
99
80
89
105
73
69
101
72
91
61
81
100
68
94
81
99
73
85
97
94
64
72
94
86
92
80
100
77
92
97
92
87
101
78
88
65
58
77
81
83
124
85
135
81
78
73
81
76
80
61
84
85
86
89
83
87
100
86
86
68
86
90
80
65
71
96
103
77
100
74
69
52
80
97
87
78
85
87
87
89
84
74
84
64
99
86
73
72
86
88
83
90
90
133
68
79
80
87
81
57
86
92
82
101
103
60
64
68
90
92
77
82
77
64
111
94
87
110
84
99
75
89
74
60
92
86
62
77
64
88
102
91
76
64
82
91
104
85
88
83
76
89
73
98
94
81
81
100
68
96
86
92
84
79
91
83
54
67
70
86
93
91
73
69
77
132
73
71
78
88
76
92
99
90
53
74
93
80
91
94
94
67
77
54
94
98
84
68
72
89
95
72
94
75
88
90
98
70
69
85
106
89
64
101
68
75
98
95
97
89
102
96
124
84
91
83
91
88
60
75
69
82
66
93
75
88
71
84
98
84
95
85
99
78
96
78
89
107
98
84
80
65
123
73
73
113
67
77
73
93
78
84
63
57
98
83
95
72
82
82
81
76
91
76
88
88
97
92
88
50
95
75
45
91
54
93
73
89
73
107
89
92
