-43
-56
-45
-63
-58
-12
-9
-48
-69
-51
-50
-51
-55
-32
-40
-23
-47
-69
-51
-38
-36
-28
-22
-57
-50
-51
-54
-28
-58
-46
-50
-54
-23
-33
-52
-40
-29
-17
-21
-48
-45
-41
-38
-59
-15
-58
-46
-26
-26
-73
-37
-46
-73
-61
-32
-37
-73
-60
-41
-32
-63
-41
-56
-72
-48
-50
-41
-23
-26
-42
-37
-26
-39
-50
-26
-60
-28
9
-43
-39
-26
-1
-44
-57
-21
-21
-52
-15
-39
0
-27
-33
-33
-55
-52
-14
-1
-82
-26
-12
-13
-44
27
-40
16
-44
-16
-39
-10
-20
-41
-26
-15
-40
-2
-2
-38
18
-30
-7
-2
-7
-2
-20
-38
17
0
-33
7
-54
-4
-25
0
-16
-27
-29
-65
-20
-13
-38
-31
-39
-37
-24
-3
-28
-31
-17
-30
-33
-14
11
-9
-39
-37
-35
-3
-2
-36
26
-50
-53
46
-28
19
-4
4
-32
3
1
56
-10
-27
5
23
3
-38
-2
-15
-18
-18
-47
1
-5
-22
7
-10
-61
-21
-23
-27
-10
-36
-15
-3
-4
-27
-7
-48
-58
0
-10
-21
34
0
-17
-22
-28
-11
-14
8
-2
-15
-7
-8
20
43
29
35
-9
22
25
-13
-36
27
-32
-11
-25
-40
-7
0
-28
-34
34
31
-47
-14
-48
22
-35
-30
8
0
50
10
-7
11
-58
67
30
-17
-14
-28
-31
-49
0
0
12
-26
-25
10
-25
-10
5
9
54
-29
-37
-18
-33
48
-27
28
-20
15
6
-29
-4
0
26
-28
-46
-2
-16
-10
-39
20
0
4
-43
-30
-8
21
75
-24
30
-37
-14
-8
39
28
4
37
-21
16
60
-9
-36
1
2
34
31
-15
22
12
34
-39
-16
-2
-56
-4
-10
22
-20
-38
41
18
59
27
6
-26
58
-20
-17
11
4
28
3
11
67
-7
-21
-10
15
13
33
3
59
23
5
-5
0
18
26
60
26
19
10
-2
46
47
-16
24
16
-39
24
14
8
8
-29
29
7
65
10
34
80
7
39
-2
46
25
25
18
26
-1
17
30
3
58
51
14
-23
-10
9
-39
29
29
-2
25
-33
-12
0
44
10
28
35
56
52
76
12
23
43
5
14
31
58
80
92
23
-16
30
10
28
-20
-11
33
8
24
24
53
1
6
-11
49
-19
-5
-36
47
61
-20
1
25
-1
36
39
77
44
-3
32
14
19
43
-10
65
16
42
-35
17
13
47
15
68
13
-9
2
26
72
56
12
27
15
32
0
40
78
63
47
57
73
26
-11
5
53
36
56
-12
40
0
10
-2
58
49
8
63
16
-2
10
49
16
81
21
-17
34
31
1
-7
-19
48
36
53
12
-21
-22
32
-4
45
22
0
72
43
8
48
7
26
44
-6
28
26
57
24
11
17
64
27
1
27
-20
9
29
-2
29
56
2
0
4
54
96
85
31
26
52
12
3
9
-8
21
65
41
15
16
18
24
31
17
80
31
75
-19
54
11
47
65
38
23
28
59
0
90
82
30
49
-23
10
97
106
131
26
41
-12
2
10
15
110
63
48
73
26
33
29
57
47
20
28
29
0
42
89
12
5
46
78
76
26
51
49
2
52
31
39
-8
46
15
57
65
54
69
110
-9
60
38
62
9
115
24
20
57
37
1
-12
33
71
64
97
8
54
44
-20
15
21
52
51
4
81
24
23
57
84
28
16
26
50
44
58
52
-2
36
15
1
-7
38
19
38
-24
-14
-21
-3
47
-10
82
19
5
11
52
21
77
8
11
36
69
12
93
52
75
30
66
10
89
4
52
34
18
36
12
25
-45
97
1
70
97
67
105
93
69
-8
1
32
23
-6
-47
40
55
43
-15
90
35
99
89
40
12
47
-30
46
28
91
45
77
6
53
32
18
-9
54
26
42
92
-14
62
79
-24
70
96
15
-19
91
45
40
18
38
117
68
19
0
42
30
3
71
60
2
66
8
52
53
61
6
63
29
20
6
40
28
30
-2
55
36
129
19
39
33
8
20
14
42
30
17
16
38
18
75
25
41
-19
61
-7
48
73
25
70
55
97
22
9
53
71
-8
-2
15
5
42
45
6
21
26
35
19
20
25
-17
18
5
24
47
55
49
-13
20
39
64
33
90
34
42
-18
33
92
54
52
46
124
-2
16
92
39
26
-1
77
-12
48
103
72
131
57
93
68
16
30
92
-19
85
108
19
50
13
76
81
29
62
15
36
96
11
4
54
25
38
79
-1
86
28
85
-25
48
54
43
47
53
84
59
7
-1
28
55
59
58
106
15
66
-38
104
31
88
113
95
26
58
-2
50
78
77
90
29
-37
31
28
42
-25
40
37
-12
50
38
63
31
63
-11
80
69
42
40
24
86
29
77
61
98
65
21
-1
0
14
81
48
48
61
19
120
70
46
39
24
28
69
7
5
32
25
7
54
60
12
71
54
58
58
53
1
-7
35
26
4
-18
29
78
100
63
71
38
14
46
37
36
101
56
25
17
60
81
19
7
160
25
33
20
89
52
19
62
1
65
59
59
68
61
8
45
62
-14
-14
100
55
21
73
-2
-33
82
68
87
35
70
12
43
-2
11
37
21
34
18
28
21
58
68
-12
52
102
26
27
85
54
38
33
0
53
28
84
85
6
5
18
113
-17
84
-23
21
85
31
6
30
41
-18
57
20
30
63
61
68
81
93
76
6
52
40
55
0
65
35
47
12
33
69
49
51
83
65
82
65
126
19
73
69
-15
-8
0
39
16
14
69
108
57
37
84
5
8
9
44
35
49
31
28
17
99
39
-18
47
-6
31
70
27
64
97
84
34
80
7
44
6
44
122
85
80
116
102
27
32
46
33
40
62
66
50
69
211
81
47
48
3
58
0
26
40
8
122
109
52
53
88
23
-9
66
-15
0
34
21
36
46
14
41
37
89
41
20
92
27
25
39
74
80
67
79
48
5
59
60
71
86
64
10
47
56
65
49
49
59
-3
59
14
0
68
25
63
81
98
54
93
17
27
35
34
71
102
115
-3
16
-4
97
27
41
82
104
62
127
59
54
35
102
22
20
48
73
33
47
54
42
87
38
67
56
97
41
74
52
52
64
34
3
68
19
98
74
84
5
83
-12
71
68
44
96
10
25
55
15
69
2
86
81
83
63
10
57
33
52
8
41
29
74
-1
1
10
24
-7
75
68
74
109
47
43
66
106
28
45
79
76
43
60
91
87
24
58
22
62
23
106
32
75
51
49
19
24
14
72
-1
36
37
44
-12
91
16
16
-7
118
62
37
5
21
61
49
98
117
55
48
110
31
0
9
1
75
27
104
-9
39
53
55
26
27
41
-7
78
47
31
36
63
-7
56
-43
60
65
40
106
12
23
26
10
59
42
74
70
84
24
73
70
70
77
26
65
58
16
56
13
88
60
27
7
47
-10
72
77
25
4
2
62
22
89
68
147
103
27
127
41
47
98
41
24
7
57
32
39
60
11
64
64
57
11
89
30
47
29
23
52
29
69
74
52
59
35
65
-24
41
-1
90
33
86
69
100
-24
59
51
-6
31
70
60
32
29
37
-13
56
59
51
11
44
82
77
33
77
31
58
51
107
66
8
11
59
60
11
-3
35
48
85
82
31
36
103
49
74
39
36
56
105
77
60
82
25
50
77
34
40
70
18
133
61
79
55
81
24
33
35
96
-5
52
92
71
35
-3
42
26
54
90
-8
71
52
17
-11
44
71
35
65
91
60
36
72
19
86
44
6
91
97
26
65
11
25
59
-16
51
51
52
47
49
70
151
83
61
27
98
28
16
44
101
6
81
61
59
36
48
43
77
30
2
53
67
41
-5
26
61
17
102
78
37
64
-21
63
55
62
65
42
64
36
67
52
67
122
21
28
56
31
35
29
40
108
100
42
37
45
38
5
53
73
102
53
64
88
3
49
49
98
62
48
43
97
149
39
97
33
76
48
42
67
59
27
42
68
76
68
59
-7
26
80
16
32
61
84
44
46
39
65
51
69
4
41
120
66
24
29
92
36
85
53
64
41
28
52
61
69
66
41
49
75
69
16
41
86
42
99
96
15
52
24
82
17
46
43
8
42
36
17
54
49
71
43
78
48
70
53
29
3
53
70
48
99
21
19
61
38
92
42
31
31
45
52
72
47
59
32
26
53
60
63
90
44
56
-3
30
89
60
48
75
-9
28
27
9
47
83
74
116
0
92
47
55
46
44
21
47
47
69
77
71
67
23
45
38
72
61
47
28
74
17
43
59
50
57
39
60
114
11
120
87
56
34
68
60
71
13
4
65
94
78
144
64
75
86
60
38
59
70
36
50
54
22
28
141
19
66
99
17
26
99
85
33
122
18
-3
105
24
36
47
50
75
90
11
86
17
56
100
23
14
64
103
5
2
48
32
48
14
26
89
49
62
35
7
71
57
82
75
45
82
60
31
56
73
24
52
19
25
34
22
82
64
33
76
85
63
110
58
30
43
13
44
68
35
37
85
66
40
184
52
7
53
-2
7
46
21
96
72
20
0
33
55
87
61
51
62
79
35
84
27
108
95
135
77
7
52
106
79
46
-11
69
36
82
124
18
72
61
6
12
61
46
111
47
62
17
17
60
35
1
49
38
0
31
36
19
77
48
8
25
29
120
19
35
49
82
1
72
75
26
47
45
73
78
68
50
51
29
73
62
25
43
63
138
34
35
41
35
-9
22
45
25
78
57
4
44
26
69
110
76
85
51
73
46
36
-2
84
82
89
90
79
70
73
73
102
43
78
38
37
64
110
33
32
73
79
25
36
42
63
-2
46
73
29
39
22
74
17
114
23
24
64
26
7
45
54
23
64
65
63
109
78
64
53
129
26
60
56
36
86
45
86
92
27
50
34
78
17
53
69
97
42
29
3
25
37
54
26
69
59
81
44
1
84
91
56
121
34
49
53
98
-3
111
93
71
60
52
37
78
76
49
36
60
85
15
67
73
43
88
96
44
67
51
70
76
92
73
59
35
42
80
72
104
42
71
90
1
77
3
25
64
116
55
44
48
63
32
10
51
68
109
-1
85
32
2
34
149
107
56
92
81
44
71
103
56
8
54
56
91
69
40
19
30
79
16
13
64
69
75
75
27
70
109
90
47
81
52
11
27
34
8
65
33
41
77
41
58
45
48
35
67
120
41
48
106
60
69
64
27
97
49
38
16
-5
86
64
44
38
-2
79
75
43
55
139
7
100
15
51
58
51
79
73
-2
25
9
78
96
10
18
86
88
44
-44
122
44
-7
42
19
43
11
73
32
112
74
84
4
44
38
79
7
66
59
80
96
18
14
93
4
30
58
-9
119
124
72
49
51
74
82
26
76
29
100
82
61
25
102
11
72
60
66
48
71
8
76
70
-24
36
68
39
9
46
50
82
63
50
51
104
108
93
108
48
92
111
85
45
75
103
46
85
56
-8
60
94
92
13
147
86
95
106
77
77
62
119
127
77
93
94
52
65
20
93
117
38
98
74
120
95
95
110
49
110
46
41
98
69
-50
85
28
89
-18
29
49
100
87
61
34
68
61
75
-9
1
-13
-2
20
55
83
-11
75
9
18
100
65
41
63
93
40
68
55
64
64
47
66
135
48
2
101
49
2
57
67
73
62
66
37
22
40
101
26
67
41
93
52
90
46
37
72
12
26
57
64
25
66
43
42
60
25
63
104
27
92
89
33
49
46
42
3
74
68
26
122
99
18
100
13
80
55
35
43
32
31
-24
96
2
39
75
88
46
42
112
45
57
37
30
50
78
86
58
36
59
7
69
98
87
65
72
115
24
-10
81
29
12
17
53
45
42
92
48
41
34
9
84
127
79
5
56
71
53
94
99
109
90
68
45
7
46
68
-3
20
41
87
34
47
56
59
43
25
82
79
91
85
78
46
22
93
79
71
72
107
96
29
44
39
69
39
48
76
87
8
58
58
97
102
19
116
37
13
48
48
42
44
46
60
50
38
74
72
51
35
64
99
56
14
97
68
51
51
104
90
77
79
70
58
7
21
26
8
70
84
66
-1
123
52
52
89
13
67
85
24
97
77
47
-13
46
15
68
65
104
34
132
62
64
70
29
37
13
49
87
95
110
1
101
80
66
75
34
24
84
31
105
73
90
32
24
-2
54
55
72
12
-6
59
40
6
64
0
76
97
124
73
76
89
46
88
47
92
94
45
38
65
61
37
71
20
76
1
19
62
83
65
97
75
68
93
72
31
81
41
44
6
46
4
36
167
15
97
103
8
45
70
94
73
89
73
109
28
57
50
-32
86
45
48
34
14
47
16
11
90
64
33
72
131
116
105
81
70
93
39
-2
54
141
96
92
43
41
60
74
-6
59
62
56
37
51
105
47
35
61
67
98
88
55
60
95
43
61
34
75
62
108
44
79
109
66
66
50
-14
15
8
94
66
45
64
97
102
88
28
53
94
113
120
8
111
-2
90
74
62
54
128
67
85
93
88
52
47
90
94
33
90
68
53
58
102
71
12
100
82
84
133
66
51
87
33
96
-2
68
21
121
83
94
83
95
-2
133
37
96
68
32
78
32
42
96
40
55
49
86
61
53
-9
38
65
16
72
77
71
65
28
83
72
23
111
51
19
68
67
72
43
76
19
92
82
46
48
40
13
101
97
83
65
58
77
51
89
66
88
75
71
94
65
4
31
51
39
1
82
60
86
92
48
35
73
-8
10
4
0
26
55
79
53
39
30
23
62
17
71
39
15
83
15
40
81
8
87
-19
31
76
58
21
46
45
69
92
65
12
