-83
-35
-70
-46
-41
-63
-41
-20
-20
-40
-48
-65
-52
-59
-46
-45
-52
-75
-39
-68
-36
-64
15
20
-20
-60
-33
-9
-53
-49
2
-32
-29
-23
-37
-3
-3
-3
32
-19
-29
-30
-25
-8
-15
-35
-46
-9
-13
-8
-18
-7
2
-23
2
-24
5
-41
-65
31
-6
-24
-14
13
-19
18
24
-42
29
-4
-48
-14
-28
33
32
34
18
-18
-1
19
31
15
25
3
-22
53
27
19
-16
42
62
35
27
7
28
-9
-18
32
-7
-10
-2
-2
-25
9
24
1
21
30
-27
19
93
53
50
86
59
46
90
18
69
115
36
44
27
39
-4
8
-21
1
33
4
-7
19
94
23
25
25
-12
-25
2
-2
1
17
6
32
-7
45
52
17
53
21
35
48
73
32
37
72
18
61
74
49
86
79
8
3
21
27
62
7
9
59
11
59
21
36
-3
18
-13
37
14
24
90
33
27
47
81
6
54
28
53
70
102
14
16
37
22
-14
52
111
25
8
46
46
14
109
6
18
22
6
-7
66
25
37
0
73
53
18
48
42
51
30
20
58
125
100
61
71
77
-5
-6
4
115
29
37
57
10
56
77
30
52
67
35
43
3
43
84
77
50
81
0
81
48
29
26
52
55
87
34
23
37
44
23
96
80
34
43
9
-7
22
9
14
2
-6
25
34
-2
83
17
14
65
27
86
33
21
67
33
107
45
54
47
47
82
39
-14
45
119
-16
-8
-1
44
38
31
25
79
14
64
58
13
18
55
-1
33
42
15
2
63
68
77
14
74
47
25
15
17
38
73
16
92
34
5
62
20
-2
115
7
20
15
13
39
-2
-33
12
-15
38
24
7
36
30
32
18
10
37
28
65
92
85
12
29
2
69
95
80
61
47
5
84
39
80
-17
-16
27
-16
56
-3
132
-21
-3
11
-29
-20
-15
-14
-5
-18
-19
3
-14
8
-12
-15
-9
4
-4
-21
-8
-16
-19
-17
-16
-12
-18
-29
-1
13
0
-7
-19
-5
-1
16
60
105
86
-20
47
23
-14
26
21
26
12
13
47
-7
38
-23
132
42
-12
32
59
67
31
54
38
91
111
94
81
85
28
58
59
32
50
114
70
23
15
65
115
81
94
65
7
85
60
68
92
46
2
97
73
55
49
61
21
20
83
82
85
7
98
76
77
27
76
113
6
85
88
24
97
75
75
66
107
117
45
65
148
118
12
1
24
-15
4
-8
12
2
-1
-20
-2
-11
-12
-12
-2
-10
2
-10
3
-13
-27
19
-11
-12
-20
-17
-19
0
11
-12
-25
-26
-2
3
-10
-19
13
-16
16
118
78
32
54
25
40
53
42
115
65
84
34
37
60
70
6
94
97
104
32
44
119
54
43
80
84
44
-17
-31
-7
-6
-17
2
3
-22
-4
3
5
17
-8
1
-24
-14
-7
-17
0
-17
31
-9
-11
1
-30
-2
-6
-9
-11
-26
-20
46
14
-16
3
-3
-6
2
8
-10
-15
-1
-14
-15
-17
-16
12
-4
3
-31
-20
-9
8
-13
-11
-8
-13
-24
-1
-11
-16
-10
-1
-10
-7
-14
-4
-15
4
23
22
101
100
-19
91
60
55
89
25
59
43
55
91
65
66
98
38
56
-14
33
29
78
62
61
84
38
36
11
80
40
53
65
3
35
35
48
-18
30
13
-29
37
17
46
51
21
47
12
17
30
32
-15
42
40
2
3
28
43
63
22
51
16
45
34
67
45
50
62
36
49
66
45
49
29
-13
15
3
17
57
48
70
-3
14
42
54
31
12
-22
19
16
22
24
2
27
9
58
31
22
81
15
5
30
25
52
22
-21
33
24
26
79
55
1
12
24
35
-11
23
21
25
20
29
41
34
3
24
25
55
32
59
40
74
43
13
35
13
34
-3
36
13
42
13
-4
-1
33
31
16
60
22
28
35
9
28
28
18
42
33
79
61
59
81
65
69
23
64
68
81
56
