-53
-63
-40
-25
-29
-59
-43
38
-12
-6
47
10
41
84
-10
8
23
76
35
36
50
58
78
104
51
70
-9
-8
116
87
-1
8
14
3
36
55
131
47
82
106
117
108
42
69
117
106
83
99
70
53
140
81
59
75
81
11
34
84
63
64
70
100
99
85
71
63
137
84
87
69
111
97
105
70
69
96
75
104
85
57
-15
120
54
81
92
102
57
44
61
80
80
75
88
-7
99
120
76
76
82
101
59
72
62
57
76
60
73
81
116
155
107
74
60
107
46
91
105
49
0
120
72
25
67
117
61
26
76
91
83
89
129
119
94
71
108
66
86
97
49
109
0
77
71
41
45
71
56
121
140
88
98
127
96
130
76
62
104
109
99
33
55
124
100
118
58
103
90
82
113
57
44
27
80
79
104
73
72
51
53
43
68
75
72
60
92
-18
88
118
58
86
71
101
102
106
47
48
87
80
91
62
