-35
-43
-55
-56
-43
-42
-44
-69
-57
-62
-55
-52
-44
-33
-64
-60
-37
-30
-55
-24
-58
-43
-26
-57
-29
-38
-77
-59
-51
-56
-65
-32
-7
-40
-69
-35
-49
-48
-70
-47
-56
-9
-14
-14
-11
-69
10
-30
-16
-50
-32
-38
-27
-30
-24
-34
-25
-50
-57
2
-48
-41
-40
-32
-49
-21
-43
-47
-60
-53
-29
-20
-60
-45
-30
-17
-73
-60
-28
-10
-30
-61
3
13
-45
-39
-40
-17
-31
-37
-14
-14
-5
3
-31
-57
-49
-45
-35
-41
-32
-45
-8
-36
-14
-59
10
-8
-20
-33
10
-8
-14
3
-47
27
-49
-2
-6
-21
-26
-36
-33
-30
-7
-3
-30
-62
-37
-19
20
-20
-4
-36
-36
3
42
-15
-6
-35
-14
-40
12
-21
-30
-67
40
-11
-3
-22
-23
-4
-12
21
15
1
-7
36
-1
10
21
-11
-9
-17
26
23
54
46
32
24
-8
0
-5
65
39
-57
-6
33
11
65
36
-27
10
11
-9
71
89
82
11
54
4
18
37
27
-39
0
23
58
26
61
5
116
56
50
60
33
41
19
37
21
61
53
39
61
-29
25
67
55
67
-2
54
21
6
69
44
70
72
24
95
89
43
53
27
8
61
29
73
80
36
-2
54
56
39
39
6
85
60
65
-17
-12
70
37
36
59
56
50
70
54
39
-5
119
7
121
-8
39
52
39
-4
57
32
83
131
75
59
81
60
64
30
46
2
73
87
55
65
92
52
99
7
-1
71
74
61
78
53
30
60
115
51
63
103
59
84
70
111
125
55
63
78
67
109
139
103
80
20
70
90
50
42
71
43
55
103
78
75
104
88
75
95
59
105
106
100
57
32
54
71
118
113
116
116
100
2
89
28
73
52
95
36
80
54
98
95
64
72
67
45
97
93
65
71
77
110
117
52
86
118
94
93
100
37
66
98
47
92
113
47
81
28
113
102
156
44
23
115
80
67
79
119
66
72
120
129
72
65
113
43
75
82
84
102
36
106
16
40
130
95
101
105
137
124
108
51
107
56
62
89
104
78
76
106
31
123
89
53
81
66
87
106
69
84
62
54
42
97
95
72
104
26
126
112
131
97
94
124
116
64
116
51
59
132
97
133
74
126
15
57
50
93
48
48
97
128
68
94
88
61
69
89
98
164
157
148
105
94
96
96
35
35
126
102
123
91
105
127
77
108
136
7
156
83
94
52
103
148
92
94
67
90
89
142
74
138
67
121
126
40
129
95
99
144
92
80
99
149
101
155
89
73
133
94
67
59
116
126
122
78
100
115
44
109
185
125
155
125
124
85
81
92
155
136
159
97
142
48
65
115
44
90
113
133
107
182
71
112
135
116
145
100
124
82
146
55
104
79
139
72
100
100
117
62
130
89
107
60
107
84
85
62
125
79
81
79
39
86
116
152
107
116
103
92
86
78
117
101
132
122
100
101
151
116
116
108
83
103
139
105
128
73
103
164
89
133
78
19
113
76
117
127
140
82
45
105
101
138
113
68
134
104
111
128
109
96
80
106
105
144
105
135
141
67
97
91
110
169
35
115
95
114
100
151
97
127
66
134
112
130
99
86
80
118
90
99
82
106
71
115
66
97
133
111
126
53
113
101
76
70
143
94
140
105
158
125
82
64
74
107
75
129
80
121
108
58
123
120
95
109
66
101
61
125
66
66
135
88
123
94
98
100
116
132
80
88
126
144
140
98
176
123
102
88
155
74
104
139
91
108
102
97
132
117
83
102
162
124
115
110
242
101
87
118
85
141
35
150
86
127
113
134
81
160
115
53
80
93
119
145
96
23
92
120
112
137
96
82
88
130
137
97
134
52
138
152
104
114
119
69
131
89
121
141
99
88
123
174
97
41
109
80
132
130
93
100
149
105
93
149
92
106
94
88
112
160
77
99
109
116
142
102
139
126
103
100
119
87
147
72
172
132
102
123
126
120
78
50
136
114
98
100
143
128
131
75
109
96
137
129
113
85
89
114
124
80
145
147
138
63
91
47
138
84
31
83
15
71
167
100
64
152
27
77
137
102
-5
79
99
79
77
135
103
123
2
120
126
135
95
149
26
119
134
124
136
117
145
88
62
122
85
135
162
90
155
101
99
138
135
118
152
175
92
84
142
112
114
274
21
135
110
81
76
76
163
131
129
128
78
29
78
110
102
104
94
166
124
84
94
138
161
64
83
77
133
116
118
143
153
128
97
61
131
90
101
120
96
105
54
141
165
122
122
142
79
72
133
119
109
160
88
139
103
125
151
63
102
81
107
171
94
81
168
150
99
132
56
135
100
158
100
112
120
108
129
155
105
118
74
100
138
117
33
112
139
66
79
102
124
140
116
88
105
122
139
101
129
70
97
145
186
98
108
159
214
108
136
29
141
90
151
84
125
172
138
93
120
158
96
2
112
138
72
95
59
84
133
129
86
118
126
92
93
154
129
71
115
162
79
128
120
147
121
138
134
169
74
65
119
110
108
103
143
110
138
74
172
184
145
158
149
127
98
164
129
144
100
110
112
132
82
140
93
141
50
125
143
109
61
137
98
42
137
177
77
131
95
130
137
171
107
145
73
118
164
95
86
108
99
96
121
85
127
24
111
23
61
121
160
112
100
133
147
122
93
112
111
137
82
108
117
149
83
79
153
143
99
117
113
141
77
118
35
144
132
165
65
83
101
129
122
103
138
143
42
105
118
111
104
129
151
175
121
125
111
124
80
128
98
106
149
103
133
131
27
131
66
105
125
83
122
84
133
85
123
61
97
121
157
115
114
66
129
55
79
109
94
86
283
77
117
77
148
118
62
81
113
115
118
91
78
130
123
116
72
117
106
107
105
129
133
121
98
67
154
164
139
102
122
140
69
83
121
143
52
156
138
128
135
147
49
76
158
137
112
70
143
64
127
199
131
125
86
105
110
73
110
92
81
55
167
144
81
80
116
175
135
116
126
56
99
120
140
156
101
82
156
109
25
109
121
84
99
30
245
100
76
131
111
107
130
132
118
113
60
115
70
121
111
160
97
95
69
126
133
86
144
107
133
105
125
76
127
125
109
87
83
81
80
105
105
112
120
96
97
139
148
79
154
186
144
145
76
143
113
113
121
133
84
120
86
115
84
153
127
109
160
128
52
63
153
103
150
89
114
114
105
113
140
91
148
121
99
122
149
51
105
83
109
169
94
101
168
51
66
155
121
140
59
131
153
76
93
95
88
291
96
61
126
150
87
93
107
111
100
137
39
142
114
82
102
41
111
138
120
159
135
153
132
137
73
171
156
83
111
130
49
61
137
157
145
90
74
112
124
169
99
107
92
153
115
72
119
142
122
125
87
115
103
83
99
53
113
78
41
104
99
101
141
102
130
142
125
133
96
85
144
180
134
120
113
89
99
95
163
167
105
47
82
158
152
71
85
142
271
40
131
126
57
112
112
112
83
103
81
125
111
130
145
96
129
77
75
97
135
90
122
119
264
106
170
85
72
62
187
140
72
58
195
81
118
88
135
117
114
181
109
78
86
144
146
92
122
162
119
109
53
161
139
133
119
138
129
149
100
64
150
67
91
132
106
135
135
135
69
137
176
95
90
82
48
93
100
147
104
132
135
143
147
83
123
151
97
91
134
171
112
156
140
134
134
63
147
111
180
125
162
69
124
111
102
299
100
140
111
136
172
119
151
113
132
167
112
120
135
66
144
110
110
154
169
129
122
124
106
77
89
109
144
95
123
108
137
112
4
150
111
113
105
107
120
94
40
132
74
148
160
113
43
133
125
179
84
146
84
72
144
163
102
138
154
116
140
140
142
93
124
116
118
120
82
115
146
74
35
83
103
164
173
45
149
94
159
103
186
55
106
115
97
144
192
18
56
115
112
84
36
83
80
154
101
128
72
141
131
137
124
127
-23
114
111
44
105
117
159
25
111
123
155
128
72
134
89
107
118
155
88
49
102
133
179
74
74
162
143
111
87
128
166
40
150
129
157
107
64
75
165
89
187
149
82
146
143
140
120
141
165
89
81
83
68
97
115
115
168
122
93
95
167
113
43
118
133
45
72
143
82
140
66
114
101
132
129
156
56
136
103
113
127
81
156
145
149
112
94
49
99
119
127
96
170
131
73
59
70
148
112
32
126
161
57
150
157
130
102
2
137
145
132
51
101
130
138
70
93
129
81
77
161
105
225
96
163
122
113
77
139
112
83
155
140
57
171
116
148
118
69
131
92
117
86
130
133
93
131
148
79
107
141
145
268
77
122
140
135
65
169
109
151
186
186
144
57
117
50
152
295
89
143
138
148
139
170
111
128
122
130
49
161
75
166
114
137
40
136
141
110
184
63
133
120
99
183
163
132
93
133
140
101
70
114
114
77
121
133
91
166
198
133
97
152
161
85
107
161
132
85
102
117
163
99
91
142
158
75
100
94
128
109
141
59
62
133
99
138
108
150
141
142
115
152
111
93
55
121
111
103
67
104
103
100
150
103
124
137
155
98
121
115
77
94
129
166
88
158
23
109
129
91
35
96
104
159
51
111
145
113
99
138
128
148
167
85
103
154
130
125
80
76
88
89
77
138
117
95
57
129
137
126
91
112
138
36
96
143
154
146
162
82
31
145
51
71
123
138
154
134
93
66
105
130
107
119
119
131
117
151
155
94
158
121
59
126
109
66
61
161
156
132
163
94
102
94
104
164
85
137
145
116
127
143
182
94
162
6
69
111
67
174
158
143
140
108
110
64
107
113
122
95
122
141
182
110
153
70
137
161
148
152
98
277
118
124
124
123
91
141
92
112
121
87
78
154
142
69
197
111
111
126
121
62
93
130
117
64
117
92
77
79
131
170
127
96
102
91
129
