-37
-27
-43
-44
-48
-59
-9
-42
-48
-23
-52
-53
-22
-43
-35
-64
-15
-66
-40
-58
-54
-26
-49
-3
-8
24
10
-20
56
-8
35
-28
15
-18
-36
33
50
-7
13
49
78
11
3
-11
17
51
25
58
20
-18
-11
24
68
32
25
-13
3
-35
25
-7
48
55
18
15
39
59
22
38
43
52
109
33
2
98
51
43
43
46
29
22
38
71
28
143
61
90
23
2
5
17
-29
-23
-25
16
-22
25
-14
5
4
1
2
-15
37
99
78
67
34
45
-1
-12
89
20
86
132
88
110
116
60
158
102
35
11
117
79
123
46
100
-17
-1
29
-17
58
99
76
37
-23
11
38
96
13
93
-21
79
22
55
95
65
55
53
65
66
97
96
80
112
76
63
104
115
73
34
62
85
106
102
72
11
42
19
110
60
60
40
66
102
47
117
113
65
117
8
28
-15
10
-1
101
-9
49
50
75
10
5
101
74
85
68
29
35
24
47
70
62
101
68
40
65
58
29
73
85
71
109
50
64
153
80
43
84
66
89
91
58
69
67
98
67
93
85
74
114
76
103
27
70
41
53
90
32
91
117
58
74
78
77
77
84
94
66
61
38
47
67
40
24
42
66
37
53
45
44
35
57
47
45
48
50
55
35
64
63
38
56
26
52
48
11
17
37
19
36
33
45
34
35
34
49
48
80
50
57
91
43
46
45
55
72
31
30
47
55
81
101
0
68
80
60
51
80
66
71
67
79
46
76
63
59
77
80
70
61
78
24
97
63
83
79
53
-21
63
58
48
67
61
54
72
30
23
69
65
81
35
43
30
36
48
77
52
60
40
55
53
54
50
61
49
42
77
55
14
40
38
20
41
42
61
27
64
59
66
27
52
57
31
91
66
26
23
64
38
12
29
-26
-29
-15
46
49
68
23
-37
50
34
15
46
73
44
1
46
32
34
51
45
32
24
34
-13
20
-24
73
19
33
2
68
36
-5
57
29
45
75
33
35
77
16
63
49
12
22
59
45
35
35
55
41
48
59
55
44
46
91
63
69
52
36
46
37
58
17
47
41
42
41
63
22
40
56
30
30
61
64
55
68
79
56
54
78
46
47
52
83
67
19
70
58
79
71
66
101
91
82
106
-10
89
93
86
92
78
80
65
76
36
82
-17
55
44
49
70
36
38
36
22
36
27
7
37
21
-4
0
3
18
13
-2
10
9
6
-11
-4
14
2
-8
-1
22
22
12
14
21
26
38
31
47
49
70
51
48
47
35
48
15
26
26
39
62
18
35
46
26
33
70
56
77
64
41
36
73
69
59
70
72
91
68
74
77
-11
59
63
42
61
57
46
52
80
89
55
69
93
81
97
74
30
62
85
76
72
61
90
73
75
65
-31
40
67
103
-10
65
50
73
63
55
38
38
18
30
53
30
24
50
17
21
51
63
36
57
38
21
49
49
63
75
52
45
45
48
78
64
93
77
70
40
50
26
66
44
61
57
69
72
67
72
66
98
5
102
83
64
81
64
63
65
52
74
64
58
25
43
70
41
43
50
76
58
67
77
72
-17
59
55
51
43
33
20
28
35
41
61
37
58
70
68
2
44
60
101
86
3
70
75
56
41
65
68
53
78
49
57
61
73
45
64
53
82
75
59
58
59
71
65
62
53
68
56
68
66
66
56
54
47
61
60
54
61
99
95
59
62
72
49
69
76
69
78
89
65
84
78
93
72
-10
46
33
41
36
37
33
35
14
13
36
23
24
18
22
20
14
26
8
27
27
7
18
23
-3
-4
34
-2
31
-12
28
6
3
-9
13
-1
4
0
10
-1
14
21
29
18
12
22
29
16
18
17
21
50
44
30
27
38
22
36
50
43
55
35
46
69
39
81
78
76
52
77
70
71
92
72
77
-13
77
81
7
51
62
83
61
63
31
42
50
60
47
50
29
47
41
46
43
40
63
53
54
68
36
42
47
36
78
51
49
70
104
81
73
49
67
65
57
57
44
56
32
38
30
48
46
33
40
45
41
49
32
35
37
44
38
35
42
57
38
40
40
19
28
9
19
28
28
35
46
32
62
27
48
33
60
41
45
36
51
58
45
49
38
46
39
68
49
50
41
73
46
49
65
50
58
66
51
72
67
53
50
28
23
40
53
56
52
63
95
44
60
131
2
89
-21
73
43
101
15
77
67
75
79
98
79
-17
56
71
74
90
87
79
30
67
38
85
100
65
69
73
63
67
77
88
46
-4
63
83
86
48
66
77
-1
71
107
68
126
-8
63
71
75
79
91
68
77
16
68
79
96
43
52
37
74
84
60
84
91
81
67
101
88
89
58
77
65
69
73
82
