-59
-44
-54
-55
-25
-57
-36
-13
-63
-52
-60
-37
-57
-29
-51
4
3
7
13
-16
-20
1
-8
-12
-5
-20
28
-21
7
20
8
27
-1
-16
13
-18
25
-34
13
10
10
33
32
45
107
78
9
15
-3
22
17
21
25
1
7
5
-19
-2
7
9
26
44
8
48
-4
8
-17
25
-2
9
18
12
-20
9
-14
10
-4
-12
12
-23
-14
-8
-10
-11
32
-23
0
-13
-16
-13
13
-5
-16
-8
-6
-15
-12
-16
-32
-21
9
-15
-5
-23
7
-15
-18
-10
-21
-33
0
-24
-4
-14
-5
-7
15
-5
-4
-4
-30
-33
-8
10
-26
6
-17
-2
-38
-4
-24
0
-19
-15
-20
-13
-27
-13
6
-21
-21
19
-20
0
-23
-9
41
84
-7
-15
-30
37
47
-7
37
25
-19
48
25
69
34
43
51
72
100
-22
69
60
16
53
106
35
71
84
90
-19
-4
-10
63
23
73
45
79
47
88
93
25
45
53
78
45
51
56
87
67
41
78
59
68
69
56
43
42
56
29
71
38
2
-30
-13
-16
41
33
36
42
-7
-26
36
-8
-28
17
43
26
33
43
16
38
19
77
37
58
63
62
46
41
57
60
64
15
8
-17
21
19
1
36
18
-3
50
75
94
79
98
88
57
99
86
100
29
73
135
10
10
71
142
71
98
87
70
74
119
78
72
44
44
20
69
65
94
94
53
78
81
95
55
13
144
11
28
32
56
75
79
56
68
62
52
60
76
71
77
27
120
78
56
35
68
89
16
44
61
107
55
83
84
58
98
74
100
12
127
127
120
21
79
113
65
78
133
54
58
153
107
87
42
138
154
140
151
90
155
103
116
94
82
112
104
90
112
106
81
136
158
81
146
92
165
107
95
88
106
130
75
120
125
123
21
120
43
118
129
85
190
32
124
172
119
84
124
82
79
66
85
107
129
112
141
55
73
86
121
129
74
113
93
59
119
36
89
65
115
83
95
125
78
35
97
81
95
110
111
98
58
159
99
100
150
91
83
129
58
131
128
154
90
121
69
128
79
129
116
86
113
123
149
139
87
189
109
114
101
118
156
86
80
166
138
126
86
100
146
130
91
95
86
109
123
116
161
153
114
59
76
68
86
132
71
84
120
100
101
140
107
136
37
114
143
113
94
136
132
101
65
78
127
119
129
102
118
138
85
118
141
76
131
96
101
123
106
114
137
110
104
101
109
67
121
45
90
-19
92
94
75
86
98
80
78
69
91
110
120
117
113
69
137
102
61
67
67
92
96
108
60
115
79
122
159
125
113
83
115
62
50
76
76
156
91
92
131
101
109
32
171
62
65
104
125
105
78
121
137
109
102
49
103
148
138
122
94
67
76
88
118
133
94
175
18
80
99
131
149
153
83
114
117
126
59
108
124
103
119
85
164
156
82
168
106
143
158
81
152
79
123
96
10
117
160
138
118
317
166
76
143
75
134
132
156
61
146
139
84
130
110
74
146
116
72
91
120
94
92
115
145
126
163
118
103
46
123
121
140
123
124
123
146
62
146
154
134
134
107
79
110
35
45
102
74
71
108
142
46
31
110
35
26
118
123
101
74
109
88
106
90
56
93
78
108
109
100
100
67
199
123
88
55
75
134
21
135
79
111
31
112
138
142
99
132
104
82
109
120
137
94
96
119
168
124
68
173
143
161
131
76
157
123
108
64
130
105
96
130
90
79
93
118
152
97
132
120
112
103
103
119
83
77
89
89
107
132
163
171
148
99
146
104
155
74
106
90
76
122
102
101
146
74
100
187
62
133
119
98
102
125
168
92
156
157
85
64
95
132
108
98
120
125
168
131
95
81
132
149
145
158
189
82
125
139
59
139
175
194
65
137
136
94
65
63
92
101
91
100
106
120
145
115
128
149
117
132
151
107
141
179
190
58
113
97
116
129
166
83
194
82
122
112
111
93
60
124
119
95
131
157
115
187
160
157
85
35
77
62
137
172
150
65
94
130
160
147
124
79
56
49
124
36
173
72
113
176
99
160
88
155
68
51
115
144
130
117
105
157
104
106
151
73
125
179
153
119
146
117
141
128
113
104
160
43
157
142
170
59
98
120
170
107
60
113
142
129
106
157
111
145
103
99
11
144
108
119
125
153
131
134
112
72
88
177
116
23
66
160
149
89
102
127
142
82
86
146
143
146
93
125
117
157
118
150
51
102
76
142
171
107
137
150
110
116
113
134
160
109
114
116
154
151
130
126
151
114
119
137
107
127
103
129
156
143
104
121
119
130
150
151
80
107
118
125
185
56
99
100
131
116
59
134
121
154
169
111
108
75
141
137
135
104
123
144
132
154
82
154
90
132
86
133
210
88
111
87
103
75
125
74
104
97
98
146
127
159
84
125
148
151
90
93
108
183
120
145
102
146
81
105
179
138
149
155
131
118
98
103
156
129
73
87
108
69
143
136
86
128
110
115
161
112
141
119
153
92
129
139
163
115
173
114
36
99
139
163
125
152
111
