-56
-35
-67
-40
-48
-59
-66
-34
-22
-71
-86
-63
-71
-52
-45
-20
-74
-70
-49
-82
-45
-53
-30
-7
-38
-33
-43
-46
-41
-62
11
-31
-75
-6
3
19
40
-1
72
66
43
32
16
-27
-6
-16
-38
-33
-6
15
-11
5
5
-6
-7
-27
-9
-25
4
-12
-8
-31
1
-24
-5
-19
1
-12
-20
-9
-26
-18
-14
-13
-14
-10
-22
-25
5
-38
-14
-11
-1
1
-24
-16
-21
-17
-29
-14
-8
-15
-25
-11
18
4
-19
-14
-30
-25
-3
-29
-16
-26
-1
6
-24
-2
-13
-26
-9
-2
-15
5
-11
-4
12
-28
-7
-15
8
-15
15
-5
12
-15
-18
0
-12
-9
-27
-25
-10
-22
1
-13
39
12
-16
-29
-13
2
-20
-32
-35
-15
-24
-28
-22
3
-17
-1
1
0
-12
12
-3
-7
19
-41
-13
-25
-7
-4
-15
-23
6
-9
-18
-16
14
3
-27
-10
10
-29
17
3
-12
9
29
-27
18
-5
1
-2
25
-4
-6
16
16
11
-25
-14
-8
15
-27
-3
25
-8
4
-22
-13
22
-24
9
-12
0
-19
14
43
7
4
-1
-2
16
9
-12
6
-25
45
-23
-8
-6
5
18
23
26
-28
-3
5
-27
-9
-18
-25
-12
38
-18
-27
-9
-27
18
-6
4
-8
36
5
-3
24
36
53
31
23
-12
-20
-14
15
-16
-15
48
-12
-2
-1
8
7
20
-11
8
28
-19
18
5
3
6
9
1
28
-15
-9
2
24
4
49
23
5
21
11
27
-8
20
36
18
-24
11
34
-23
1
29
2
7
21
3
-35
-3
0
2
53
-12
15
14
-2
1
7
-3
36
-5
-11
2
-4
-9
-9
-5
23
-2
-7
19
-1
-5
25
-8
35
11
67
43
13
39
48
47
18
46
1
26
20
51
11
50
9
6
49
-20
10
28
25
24
0
6
4
39
59
40
-3
9
19
61
-3
19
32
16
22
28
0
1
-14
7
33
-13
6
-28
1
35
5
31
22
5
45
49
15
51
36
-19
41
14
16
43
43
68
14
29
34
23
46
13
64
4
12
69
-23
12
20
4
9
39
31
48
-12
50
18
24
62
75
13
57
-16
46
12
38
38
-23
37
38
35
16
62
40
4
51
56
61
38
26
-2
-3
41
50
37
-21
3
16
3
17
8
33
25
0
2
55
63
33
44
49
16
53
36
42
16
37
17
36
10
30
62
32
34
0
14
40
43
0
-14
1
13
53
36
42
15
40
27
18
-11
-1
27
28
27
13
11
12
19
-3
24
11
22
23
56
-20
47
11
44
34
3
60
20
45
65
18
44
47
21
48
29
22
50
10
67
18
-12
24
27
-27
35
10
29
33
15
56
43
38
46
55
-1
33
38
30
29
6
18
31
30
-8
6
49
46
47
20
8
82
8
47
-30
40
13
3
32
53
54
58
23
65
26
37
17
53
32
27
31
18
41
57
28
44
-5
87
47
38
50
-5
23
54
31
27
56
30
51
8
1
-10
15
27
20
72
37
45
38
23
24
14
-12
21
35
9
6
30
18
33
56
-10
90
40
-6
4
44
26
29
55
13
-1
64
41
5
43
66
16
98
53
63
-23
55
57
6
44
40
8
44
47
60
-9
0
-7
-35
66
37
4
19
41
31
19
22
78
3
0
50
7
50
29
38
-2
79
43
54
14
11
20
73
74
45
0
-13
25
48
34
20
43
13
48
17
35
42
53
38
-11
13
53
16
53
15
14
52
20
-33
8
40
59
-12
13
70
26
44
-1
46
63
37
37
26
46
12
9
65
17
1
51
59
12
78
30
6
59
46
58
3
20
18
53
25
50
27
22
15
30
73
-11
48
-11
-17
33
14
43
30
69
-4
-13
41
55
25
52
54
19
-5
14
69
-8
12
30
16
-10
29
35
19
26
15
23
-6
58
69
52
17
24
45
28
38
-2
29
21
16
36
57
46
17
39
40
5
23
-11
20
33
5
14
38
-3
17
41
37
34
-9
25
4
-21
-1
1
85
45
-9
44
26
15
-11
69
5
9
29
5
24
78
61
-14
27
34
-13
38
7
43
42
38
15
4
12
24
18
75
61
13
65
2
-17
-3
-14
65
27
29
31
-15
15
7
-2
-7
22
67
8
43
19
34
0
53
15
51
-8
15
6
48
22
-5
5
-9
62
10
34
42
39
47
53
42
32
35
-6
46
18
-4
-12
58
50
61
1
10
35
55
-8
38
55
70
50
52
70
13
29
68
39
65
31
25
46
12
31
35
19
57
39
41
45
3
69
67
33
27
16
9
38
48
14
-4
57
55
57
37
19
4
66
36
42
49
1
47
61
51
55
56
34
51
4
17
34
25
27
44
37
52
43
34
52
61
9
55
12
28
35
75
74
18
11
48
12
60
57
20
46
34
17
58
17
27
57
27
6
26
56
20
59
61
53
32
12
19
55
66
60
27
24
56
53
10
22
27
37
31
51
37
48
50
28
55
19
-8
-4
46
-1
55
21
21
55
69
9
-15
0
31
39
20
63
54
50
18
9
24
17
3
44
-14
25
5
16
44
-11
27
13
4
-3
49
42
71
62
58
4
30
10
41
30
45
80
18
0
-6
49
13
-2
70
44
47
66
20
50
-4
-2
42
44
53
55
37
12
78
-2
30
9
55
-23
59
-3
46
-26
37
75
29
64
61
13
13
24
40
33
56
46
51
31
33
22
39
18
54
-25
-7
13
27
58
25
33
0
11
20
23
65
68
66
38
16
49
38
60
60
26
39
45
12
105
28
37
25
28
45
26
17
103
61
57
16
-8
-5
24
39
36
26
9
50
5
32
61
20
74
36
63
35
28
49
17
42
57
66
24
38
45
9
71
61
15
68
42
26
14
35
38
58
71
56
27
65
24
45
37
45
84
6
20
78
18
29
45
21
40
23
-4
79
62
70
24
36
43
31
42
53
24
69
13
35
42
27
16
65
-3
-21
42
58
48
38
3
55
8
63
34
36
18
-4
49
38
43
46
32
31
16
39
21
38
64
63
69
36
24
-18
19
56
36
45
64
-17
17
43
82
21
13
32
45
19
12
22
8
24
15
51
47
54
34
69
21
11
65
41
28
39
76
-17
43
-10
20
26
30
32
53
-16
43
-8
68
23
43
66
55
57
1
34
29
16
29
30
42
21
4
44
57
45
61
36
52
80
56
39
9
45
33
52
20
22
57
64
67
65
70
41
32
33
27
37
69
82
80
19
6
90
73
-2
42
48
90
79
1
65
36
39
4
-12
29
10
15
16
48
19
38
56
49
44
26
25
28
96
25
38
-13
20
21
18
17
74
48
23
60
-15
25
30
55
18
31
46
22
30
50
56
49
83
23
38
24
47
30
70
79
31
3
45
30
53
61
13
17
66
23
40
6
42
61
79
5
26
14
16
59
28
34
15
69
16
30
43
32
60
38
55
36
40
28
51
56
38
24
29
28
9
23
50
19
69
81
38
23
-1
50
30
56
46
48
1
73
9
73
28
46
44
36
34
71
22
57
41
57
83
60
13
0
34
68
15
50
27
46
25
54
20
34
39
73
15
32
11
46
51
41
16
86
5
34
6
93
37
50
45
42
34
54
55
53
3
7
60
77
14
55
70
41
47
61
51
74
41
61
33
38
46
5
74
32
0
31
44
38
62
6
66
98
75
30
-1
4
52
65
12
25
61
44
19
-9
67
76
-2
44
70
39
29
57
28
89
62
19
42
17
58
61
-7
39
40
44
73
79
54
21
49
48
77
57
67
71
61
69
50
17
18
71
51
71
22
65
62
95
41
10
33
53
69
23
59
24
22
47
50
1
45
36
71
77
76
35
75
27
97
