-62
-46
-63
-47
-66
-68
-62
-64
-35
-51
-25
-28
-50
-70
-55
-48
-37
-22
-4
-58
-45
-79
-59
-26
-18
-52
-52
-60
-39
-38
-38
-63
-57
-75
-33
-40
-46
-14
-48
-51
-34
-39
-55
-68
-70
-10
-61
-54
-63
-45
-41
-36
-55
-48
-36
-40
-30
-43
-23
-59
-28
-47
-16
-76
-34
-54
13
-40
-24
-15
-15
-48
-23
-62
-39
-15
-17
-55
-2
-32
-59
-15
-73
-3
-26
1
-60
-18
-4
-50
-8
-9
-33
-71
-38
-7
-51
-13
-63
-18
-43
-45
-9
-46
-38
-42
-25
-2
7
-38
-42
-25
-57
-18
-68
-30
-5
-33
-25
-9
-42
-38
-34
-16
-41
-7
-56
-47
-55
-59
-51
-55
-24
-4
-34
-39
-47
-26
10
-26
-32
-47
-11
-3
-25
-27
-47
-43
-42
-19
12
-29
-17
-2
-57
19
-20
-18
-35
-25
13
-6
12
-20
5
-21
-28
-27
-18
0
-7
-46
24
-36
89
17
-40
-28
-1
-22
38
-5
4
-48
15
-28
-9
4
-32
-37
-15
19
34
-17
-24
-20
17
32
21
-32
11
-47
-44
-13
-52
1
-11
-1
19
15
-22
-4
-30
-12
27
-14
-33
-9
16
1
-32
-13
26
39
36
-24
-32
39
-7
6
29
4
15
-48
20
-20
3
-7
-49
13
13
15
-20
-14
41
-37
33
44
-6
-16
12
-17
-37
-33
-46
-11
25
-16
15
11
66
-16
-29
10
16
11
-26
22
56
68
55
-51
-9
-19
-11
-17
28
34
33
-31
6
-13
48
26
-7
32
38
32
37
3
5
-20
21
31
-41
2
-1
15
32
18
-18
-17
-14
-19
18
50
10
0
36
61
12
-23
27
21
27
46
18
1
55
-31
48
39
69
12
-17
35
-12
22
-4
3
-41
-15
28
55
3
23
9
70
1
2
10
13
38
23
14
17
40
53
2
34
39
-2
7
-1
-7
42
-8
39
30
16
34
45
12
69
-21
-33
14
15
65
10
11
-17
-3
27
-27
12
27
86
33
56
57
-6
25
42
-21
45
44
17
54
-12
-17
39
-1
53
55
55
85
78
48
77
55
6
42
-30
69
-18
-3
5
42
63
60
52
52
42
20
-1
45
71
31
-20
-38
71
44
27
29
-12
46
72
60
56
37
-37
14
-6
35
62
14
48
85
83
6
13
3
32
96
26
2
33
16
46
54
45
71
0
86
20
44
96
25
13
83
35
-8
43
61
41
16
45
22
81
80
53
65
45
56
14
20
40
40
9
-7
56
58
96
26
-28
26
6
69
47
39
9
57
114
5
-20
12
52
-12
14
1
86
59
-16
19
64
6
31
35
59
50
-11
10
19
8
61
7
23
-26
58
47
72
-34
39
51
57
51
45
45
-14
98
-2
-2
66
1
12
3
35
49
92
34
-2
14
51
89
-15
72
45
20
43
30
58
75
25
39
57
19
106
23
31
12
9
-7
25
49
25
73
74
-27
12
59
-25
89
-3
-14
35
89
21
54
75
53
27
129
67
-13
66
67
31
0
66
57
59
40
49
109
37
70
63
37
75
51
-35
67
53
60
77
56
127
65
77
65
26
1
20
47
15
50
34
43
18
77
29
40
52
117
80
43
12
3
40
39
13
38
91
64
56
21
84
31
59
46
35
62
46
98
52
33
45
65
68
38
52
93
60
39
41
51
36
38
88
114
59
30
44
52
-7
51
-12
0
-1
73
114
56
19
29
-4
84
83
64
53
37
56
11
100
88
50
69
73
77
53
61
34
50
41
48
79
83
28
63
60
40
19
38
79
56
131
145
94
150
-19
69
82
58
95
48
67
30
96
51
103
40
39
129
29
141
30
65
3
92
54
81
44
73
75
117
117
61
39
57
5
8
100
78
76
116
74
64
-31
72
10
14
36
42
74
85
26
24
101
64
88
71
-8
122
71
38
93
90
22
41
42
120
46
116
53
57
7
36
59
35
69
109
90
49
60
37
67
33
50
127
83
42
109
97
48
46
98
123
77
-10
93
13
-14
67
85
95
116
55
24
18
91
62
59
94
43
45
118
71
81
35
46
-8
111
120
46
46
131
