-23
-28
-49
-53
-73
-40
26
-45
-47
5
-28
3
-20
-42
-18
-50
-37
-39
-7
-56
-51
-64
-37
-14
12
-45
-32
-16
-40
-29
13
-67
13
-42
-47
-34
24
-15
1
2
24
4
-43
-18
-36
-42
45
25
11
4
-2
33
39
14
5
8
-28
15
6
-17
-25
34
17
-7
53
15
1
44
35
19
17
12
-2
43
38
59
52
62
50
25
38
4
47
13
10
25
63
23
102
-7
13
53
58
71
8
48
47
40
14
54
28
72
111
67
60
-4
72
77
31
13
56
52
87
53
26
46
17
76
77
40
18
120
12
122
20
76
84
77
19
30
24
97
73
48
73
69
132
74
50
45
82
87
60
106
8
42
78
105
3
67
86
72
43
36
34
99
64
122
-5
18
95
16
54
48
50
53
58
28
58
112
83
81
54
57
54
78
111
74
30
76
32
104
71
36
61
92
62
84
27
46
13
73
61
68
61
96
44
55
39
62
46
95
70
52
105
124
107
131
118
20
100
89
57
29
106
43
23
51
11
130
71
135
82
47
112
31
104
68
51
99
91
87
10
51
145
37
89
64
87
50
67
44
10
114
74
130
1
90
128
96
116
28
94
121
131
49
19
144
39
79
66
94
43
31
138
66
121
78
90
74
83
70
102
38
82
36
77
54
87
94
124
78
105
42
54
115
100
130
137
106
122
131
105
109
85
26
71
72
51
208
114
60
153
120
47
121
123
119
95
108
43
163
166
99
101
155
135
104
135
121
113
88
87
83
93
131
120
104
105
112
105
138
167
151
120
93
76
141
106
138
77
119
167
90
105
97
167
59
89
141
79
98
40
170
149
133
126
135
157
81
130
78
21
73
184
86
136
54
83
123
101
146
127
58
69
143
57
129
110
98
107
127
124
50
170
112
124
107
116
195
132
148
106
93
111
50
143
166
212
150
111
141
169
129
147
114
94
140
198
128
95
150
145
115
89
122
84
142
64
33
103
99
132
158
117
24
107
59
-4
128
79
102
190
135
89
134
131
110
160
147
66
104
88
139
59
121
111
171
85
139
98
163
-15
94
129
91
197
101
130
117
23
96
64
72
99
81
156
173
166
97
121
84
79
146
101
168
62
166
151
94
90
82
152
67
144
119
127
129
133
124
151
130
100
107
188
144
117
88
126
92
160
99
138
150
181
84
156
93
164
171
177
138
166
179
166
134
141
145
162
140
197
159
140
123
65
137
92
138
147
141
91
63
124
182
61
150
127
1189
113
127
132
89
97
163
91
116
150
85
139
124
165
136
159
147
94
116
112
137
157
151
136
121
142
157
125
170
105
142
126
172
73
107
178
82
105
114
198
175
102
100
170
117
123
124
151
130
144
73
150
31
131
91
99
202
96
155
177
86
103
144
117
131
152
142
174
199
158
79
108
122
167
76
224
110
208
163
74
137
136
215
84
103
106
164
192
103
149
169
151
13
178
91
200
154
99
164
109
172
119
138
156
145
110
167
179
131
109
120
129
136
136
171
122
123
109
127
138
139
130
78
154
165
173
161
149
174
101
130
100
105
178
103
148
132
86
124
149
231
126
146
90
114
217
103
86
189
139
113
128
101
120
176
100
171
113
30
101
164
90
129
138
135
160
166
177
180
163
162
68
148
196
137
110
177
152
170
155
188
189
166
154
119
159
172
178
148
129
129
144
128
97
117
6
209
147
129
142
150
183
158
124
127
173
126
183
211
153
158
128
157
100
134
165
111
105
68
174
122
137
148
167
168
123
159
188
101
184
185
169
209
161
183
112
190
179
174
155
164
115
128
118
120
113
106
126
175
181
132
197
70
157
91
198
88
171
125
106
125
120
119
191
147
135
98
132
147
182
162
121
172
165
159
121
173
1240
174
169
185
72
217
164
113
162
137
180
117
143
149
184
207
86
173
159
143
169
209
181
179
175
161
155
158
106
119
125
103
148
118
43
155
161
169
170
113
159
101
111
98
121
112
124
128
171
143
142
153
138
99
140
119
165
119
114
185
103
167
87
125
150
107
149
93
138
111
162
118
91
73
117
121
145
135
167
126
152
137
173
15
123
119
116
89
110
55
170
175
158
188
119
153
143
151
103
166
112
163
175
112
98
171
161
170
196
112
168
124
20
75
124
185
183
114
207
138
100
141
172
167
188
139
158
58
161
133
144
105
129
124
155
155
114
137
182
101
111
150
129
144
149
66
90
142
164
182
139
137
96
163
119
83
113
142
181
201
230
189
119
77
20
183
155
151
192
93
112
175
202
1210
85
170
79
117
167
151
94
171
94
126
173
180
194
130
121
63
113
158
129
168
123
171
128
126
147
107
148
115
103
207
170
159
131
67
169
99
189
101
183
187
173
1185
126
128
139
167
146
202
137
111
145
153
152
150
157
186
152
69
176
111
161
205
96
137
157
163
117
153
175
220
140
150
85
216
118
149
169
144
211
142
152
168
120
86
98
147
173
168
129
148
167
124
101
173
111
130
177
152
154
169
111
177
115
138
94
156
132
162
146
128
193
150
200
122
193
165
136
197
90
159
176
127
130
159
168
172
125
160
119
173
152
164
133
102
191
95
171
197
141
206
145
119
153
129
177
124
106
131
140
94
106
132
168
136
156
115
134
193
135
166
133
170
145
122
152
152
184
102
80
173
138
174
164
132
128
174
144
152
158
172
135
154
127
123
144
225
133
187
146
199
111
148
89
143
141
180
137
197
105
154
137
122
159
176
109
162
146
132
134
140
143
130
158
98
143
174
147
138
192
126
144
154
126
122
127
99
148
151
133
115
147
142
118
155
170
151
90
138
152
180
142
1195
213
190
141
171
109
128
151
168
128
142
169
172
138
82
1211
150
158
170
152
136
141
147
236
123
81
127
121
103
143
169
193
114
126
119
155
121
131
128
93
126
181
144
144
145
175
164
175
144
130
109
190
147
141
112
168
124
182
129
194
141
194
144
146
119
145
150
130
162
111
152
156
157
194
138
167
139
171
1161
95
115
116
143
141
167
158
126
178
176
147
189
102
174
150
107
220
87
166
189
149
182
167
150
150
145
147
124
144
127
195
181
120
142
108
130
144
157
185
159
144
132
126
89
209
149
165
210
206
187
180
58
159
159
134
209
169
91
142
145
141
167
158
147
116
183
189
149
136
56
127
165
80
170
141
107
151
127
171
179
114
156
196
213
162
128
159
175
192
108
147
135
131
106
177
172
163
169
211
153
138
156
118
1253
139
110
162
174
156
165
148
119
177
176
202
167
195
122
136
162
173
182
162
96
185
157
164
148
1213
122
111
116
178
54
135
139
148
206
91
172
203
160
168
166
96
129
103
138
148
37
127
173
163
153
1134
135
123
152
151
111
159
158
82
157
179
173
138
163
199
214
175
166
122
168
160
122
136
197
205
175
131
165
114
148
66
178
126
133
186
176
160
192
128
98
156
163
112
144
137
154
123
143
136
155
120
156
159
103
122
190
171
110
149
179
191
129
110
139
209
120
196
158
177
113
149
195
76
146
178
144
128
135
184
114
167
196
131
176
1140
171
202
152
162
164
165
117
108
149
162
114
1230
116
1241
172
159
170
157
189
187
1201
192
171
150
132
121
150
101
202
170
165
164
153
202
164
170
186
108
106
147
183
156
160
138
161
131
181
164
182
131
140
148
139
194
171
145
180
183
136
179
162
182
151
94
174
170
161
126
106
121
117
187
1151
109
146
197
129
162
143
185
137
149
194
103
168
175
119
144
158
169
206
112
139
166
158
121
168
202
146
130
169
168
123
133
163
109
136
144
150
181
157
151
159
121
182
149
212
136
230
181
144
182
185
209
189
205
149
198
136
145
139
189
182
168
202
170
165
163
121
191
143
132
135
148
200
133
183
174
199
155
190
172
163
113
193
113
157
141
190
150
159
132
166
152
146
138
186
137
156
201
163
93
224
150
120
188
213
178
145
106
122
184
154
180
140
196
145
169
1219
167
144
1206
144
147
161
165
186
170
121
156
182
168
145
182
184
211
129
129
185
199
149
193
154
210
246
118
175
194
108
150
1230
159
75
178
183
144
171
92
153
167
176
200
201
222
126
64
175
84
157
169
145
148
161
163
165
186
221
166
179
138
138
142
232
189
188
163
152
179
107
173
174
120
194
163
161
187
146
164
221
209
161
187
191
164
166
203
212
148
147
180
160
197
117
181
140
155
135
140
134
172
153
181
157
130
117
114
135
136
177
204
138
135
166
154
190
176
187
156
184
154
163
79
98
146
95
174
202
164
139
215
170
194
124
160
184
200
89
23
176
146
181
153
123
171
134
170
151
119
145
169
132
124
96
152
184
232
150
178
158
153
168
202
173
231
125
142
174
190
196
164
182
138
198
166
174
221
164
132
117
210
166
146
199
174
163
217
146
158
233
187
185
129
183
222
138
186
151
191
153
143
134
217
180
183
144
178
145
158
212
150
121
207
141
169
174
144
156
92
159
126
196
179
170
143
193
122
168
207
178
115
203
118
146
166
176
210
174
171
141
124
165
152
108
178
146
194
191
194
155
136
148
56
192
181
194
147
203
122
161
214
192
134
204
