-23
-49
-40
-14
-45
-42
-19
-29
-6
-45
0
-16
15
-38
-43
-54
-63
49
0
-48
-64
-71
-19
-57
-48
-64
-7
-75
-79
-8
-26
-36
-78
-64
81
31
-77
-53
-54
-58
7
-40
-66
0
-46
-40
55
-47
17
-22
-1
5
-45
-28
-38
-23
-44
-28
-5
-5
-69
50
128
10
-51
24
-44
37
20
-56
-11
-3
25
-8
-70
4
-20
-9
19
4
10
8
27
-10
59
33
49
63
19
81
-7
29
25
86
10
10
-24
22
47
30
41
-53
59
25
21
39
4
35
-9
34
16
-3
2
108
73
72
9
49
76
66
35
17
70
50
10
44
112
72
17
26
57
5
40
-12
-14
70
75
33
41
26
72
45
25
28
21
47
79
42
47
38
-5
34
14
29
27
13
31
74
2
21
58
23
58
37
42
37
16
61
41
64
79
95
28
-19
15
40
29
73
47
-65
-24
37
28
55
68
26
67
8
83
79
48
90
103
61
73
64
90
43
86
49
63
62
7
16
59
27
53
18
-32
63
25
63
88
81
97
116
49
41
73
97
60
104
78
58
95
27
8
82
104
69
35
70
56
123
27
75
0
33
125
88
76
54
20
35
-7
100
83
61
84
58
66
120
104
103
86
-17
112
221
59
69
61
49
58
100
63
36
102
52
46
94
98
78
33
91
75
28
111
59
89
38
80
76
27
91
75
127
46
114
95
81
58
71
34
53
62
49
27
68
102
88
98
80
104
58
105
60
93
86
58
64
53
88
15
101
76
84
61
138
43
155
86
100
111
124
76
96
71
108
80
57
127
72
107
67
119
64
52
35
68
109
58
21
40
85
48
58
108
51
66
72
83
81
94
76
30
9
119
99
42
124
67
70
75
42
60
34
67
39
75
52
125
118
101
60
147
98
95
89
48
75
126
57
69
102
72
105
96
79
116
91
110
57
98
123
54
90
57
92
102
-1
130
114
73
137
83
154
56
57
104
105
96
93
32
94
71
80
148
102
124
106
71
122
61
124
94
102
81
67
133
54
120
78
14
137
80
82
101
57
135
139
99
60
80
79
104
94
91
69
154
119
27
121
73
92
101
64
207
84
90
132
137
125
102
121
96
90
138
101
130
98
91
120
98
101
87
114
140
111
126
112
85
91
130
75
55
59
59
98
129
111
149
110
103
135
98
51
107
28
113
11
9
86
94
36
48
125
85
101
34
87
121
75
77
88
81
116
123
80
114
102
117
81
109
73
107
87
92
125
46
11
123
23
98
91
136
39
62
122
151
81
51
143
64
113
46
105
109
113
111
163
92
101
69
73
67
106
75
90
82
80
24
67
104
118
125
96
92
94
46
109
80
45
99
42
59
89
51
35
111
98
123
65
61
79
68
116
126
55
79
91
69
65
94
117
128
102
108
122
83
81
56
77
219
114
53
133
91
65
80
37
79
142
77
85
50
132
96
-11
133
57
78
72
102
231
109
33
61
53
71
59
62
79
133
77
71
92
95
153
86
60
96
95
103
61
112
126
65
102
47
65
97
90
65
137
32
112
72
44
65
66
46
106
75
70
82
75
30
53
118
83
116
53
71
51
75
90
58
79
70
80
70
71
19
109
79
46
79
91
69
75
103
74
71
62
129
117
91
-45
74
-7
117
102
56
75
134
106
91
115
64
95
100
109
79
107
77
75
102
140
58
47
147
106
102
91
161
93
138
67
33
67
103
115
57
119
102
107
96
83
80
129
77
112
95
113
100
80
76
73
99
106
94
123
72
109
110
128
125
99
46
95
78
125
84
75
67
89
84
108
148
70
101
121
102
118
120
73
111
107
120
165
58
131
101
77
64
72
-22
96
100
82
103
126
87
14
142
74
101
87
92
94
22
121
114
96
105
111
251
66
97
56
83
130
112
73
109
88
122
140
61
68
64
67
18
126
77
63
71
52
90
101
105
96
96
87
85
60
84
81
61
90
111
104
33
79
87
118
84
103
80
88
93
119
113
92
29
79
74
55
86
82
7
117
36
35
55
100
73
68
62
108
94
75
103
73
69
81
109
74
226
105
104
103
128
91
122
141
42
