-42
-46
-63
-12
-19
-66
-86
-25
-15
-26
-48
-51
-57
-44
-47
-67
-57
-21
-51
-30
-53
-43
-28
-17
-46
-49
-50
-45
-61
-53
-43
-39
-31
-41
-29
-60
-48
-34
4
-47
-56
-25
-56
-46
-50
-33
-9
-52
-40
-68
-35
-2
-35
-34
-33
-43
-52
-78
-40
-8
-35
-52
-61
-38
-48
-34
-41
-62
-37
-60
-31
-47
-28
-37
-43
-43
-40
1
-51
-32
-68
-34
-69
-57
-39
-40
-24
-33
-44
-53
-34
-38
-61
-23
-50
-56
-46
-31
-39
-26
10
-66
-38
-26
-35
-39
-52
-31
-55
-32
-32
-25
-15
-29
-31
-40
-36
-41
-2
-29
-28
-59
-60
-41
-56
-46
-53
15
-20
-25
-60
-53
8
-24
-24
13
-18
-16
-23
-7
-13
-14
20
-37
-42
-15
-22
-18
-28
24
-44
-36
-9
-11
-4
-32
15
50
11
30
-46
-67
-48
-42
-29
-8
12
-37
20
-43
3
-23
-18
-2
-35
-23
-56
-16
22
13
-31
146
1
1
16
-27
-53
-11
-18
-39
30
-4
-31
-27
-29
-54
24
34
-38
-35
-15
-36
36
-27
-13
-46
-2
-7
-20
-6
-27
16
-10
-12
31
71
13
-25
-16
4
-24
-40
46
28
-12
2
-40
37
35
21
12
4
-37
-10
8
-9
2
35
-59
-21
-31
30
-3
8
5
-9
-11
-4
45
-9
19
0
21
0
40
-25
-50
-18
46
44
18
48
-26
-10
-2
-14
19
40
1
10
84
0
7
32
37
9
32
3
45
55
57
48
-24
-18
0
-6
4
-34
-13
9
-4
4
28
15
-16
42
45
60
-28
24
11
35
21
-1
13
34
-20
55
42
-6
31
35
-19
-23
-3
-7
-20
39
0
33
-15
-23
68
43
33
-30
19
60
18
60
-25
-2
118
30
8
3
40
20
-11
-15
-4
1
34
44
33
20
39
41
28
15
62
10
-15
77
42
68
107
-10
45
52
37
106
56
44
-8
-13
17
51
24
56
22
52
-10
100
5
44
31
16
-20
53
-22
88
7
34
28
4
-3
-25
48
4
59
12
71
48
36
23
79
80
79
5
53
5
82
28
65
11
14
-2
-9
-9
50
26
70
9
-6
11
41
58
71
45
24
21
-1
73
37
47
24
27
-9
52
-20
5
68
47
-4
-16
14
83
15
20
23
53
76
68
30
6
47
40
18
12
-17
16
26
44
47
117
56
61
46
4
40
73
14
80
72
79
42
-8
121
19
37
100
72
60
20
15
112
0
21
34
99
44
35
39
20
43
34
80
73
47
93
25
54
66
19
13
28
46
48
-19
53
19
15
68
54
39
1
3
5
80
35
34
38
74
15
16
90
38
52
-6
53
62
9
22
126
-1
65
10
42
69
71
26
78
50
73
30
63
78
70
53
44
52
71
68
64
55
15
1
63
37
67
55
67
71
24
-7
61
10
61
24
42
65
58
100
18
11
58
35
22
85
89
91
72
37
64
121
38
44
-16
35
91
53
59
8
52
101
74
54
57
78
92
26
78
-8
48
36
72
-18
43
49
69
54
36
13
83
34
88
9
60
25
38
80
77
33
28
15
30
65
59
50
69
86
34
110
58
51
49
70
6
86
101
64
125
90
59
-10
89
71
92
56
35
28
93
61
-5
80
23
65
20
55
36
82
11
26
-2
74
74
38
128
67
64
2
83
79
36
43
-13
20
15
63
104
65
-6
102
35
26
45
41
21
209
45
78
19
51
40
-14
21
79
103
116
54
11
73
13
77
25
97
13
58
90
25
63
84
99
44
66
60
109
107
28
0
77
93
59
86
18
80
58
7
34
57
61
9
53
117
23
36
61
131
69
17
124
83
18
30
38
72
8
35
52
113
36
79
10
32
78
50
54
70
46
47
67
4
60
82
83
25
23
71
30
103
121
39
104
62
50
49
76
40
29
104
65
88
23
42
58
78
57
46
8
121
51
3
71
50
98
23
33
3
-9
56
120
48
92
68
16
84
38
34
80
16
36
129
112
77
80
23
6
63
35
55
32
24
63
39
143
12
98
