-55
-74
-56
-82
-88
-76
-41
-54
-55
-55
-72
-70
-63
-91
-84
-77
-91
-89
-92
-90
-83
-81
-63
-77
-88
-91
-89
-84
-82
-78
-85
-44
-77
-67
-92
-85
-88
-76
-80
-81
-90
-42
-51
-67
-55
-63
-68
-86
-66
-67
-70
-78
-43
-70
-30
-43
-56
-88
-86
-59
-18
-58
-50
-48
-60
-51
-50
-38
-83
-59
-59
-16
-35
-46
-72
-20
-46
26
-53
-84
-36
-29
-35
-47
-53
-49
-44
-31
18
3
-20
-69
-51
-43
-54
-50
-37
-46
-93
-58
-63
-64
-61
-41
-40
-69
-30
-27
-70
-16
-24
-44
4
-44
-39
-41
42
-44
-57
-36
-53
42
-37
-52
5
18
-51
-26
-58
-44
-66
-59
-24
-28
-39
-44
-19
-37
-39
-45
-52
-57
-56
-51
-45
-81
-32
-90
-59
-39
9
-41
-7
-62
-39
-18
-18
-31
-42
-6
-46
-69
-20
-40
-20
-22
-88
-18
-44
-66
-42
-49
-90
-57
-72
-37
-31
-55
-35
-51
-33
-35
-74
-38
-29
-74
-45
2
-44
-68
-65
-43
-64
-42
13
-84
-64
-93
-84
-77
-58
-91
-92
-59
-41
50
-77
-58
-51
-5
22
-27
36
-34
-28
-53
-37
11
-25
-18
-44
-45
-64
-45
-52
-45
-58
-48
-76
-75
-64
-69
-70
-39
-46
-83
-43
-90
-38
-50
6
4
-91
-67
-81
-34
-60
-73
-88
-16
-16
-42
-82
-24
-28
-51
-60
-68
-68
-71
-36
-16
-37
-16
10
-16
-40
-17
-14
15
-4
-32
-38
47
-61
-32
-62
-42
-33
-80
-44
-75
-90
47
-81
-18
9
-40
-85
-57
-88
-87
-90
-90
-65
-87
-89
-38
-35
-32
-70
-10
-35
-29
-24
-35
-11
-22
-35
-3
-60
-57
-71
-74
-74
-74
-75
-30
-75
-2
-10
-18
-15
-2
-44
-6
-41
6
12
10
-67
86
1
-17
-5
3
-49
-47
-39
-91
-69
-87
-81
-87
-59
-88
-83
-56
-28
-83
-43
-45
-27
-20
23
16
134
9
3
33
26
-47
-33
-46
-52
11
-52
4
5
18
10
-48
-51
-27
-54
-43
86
22
-79
-32
-21
-46
-18
-45
-17
5
-42
-14
-77
-43
-78
-80
-80
-2
-51
0
-32
-8
118
-19
-26
41
-34
-58
-52
-53
-60
-46
-50
-77
-66
-73
-72
-58
-42
-41
41
45
33
59
8
-7
-7
-17
1
3
24
-9
-30
-36
-12
-41
-71
-70
-19
-58
24
69
67
46
111
140
33
1
-23
24
-14
3
9
-12
-12
24
-19
-6
12
74
-70
40
99
-48
22
-81
-83
-3
-7
-26
-21
-9
-27
-14
-22
-25
25
34
54
53
26
-5
25
7
-82
-90
-52
-22
-35
-47
-10
-4
6
-22
0
-8
23
78
118
46
-64
-66
-81
-27
28
-14
-10
-34
-6
4
-24
2
-13
13
33
10
65
1
47
4
-17
-74
-86
-80
-81
-80
-1
-23
57
-5
-21
-4
-21
-32
2
-8
-19
-5
53
67
38
49
40
33
-5
64
111
-77
10
-51
-44
-21
-7
-15
-17
38
3
1
-35
-10
60
39
16
54
43
3
-24
-20
-86
-87
-88
-90
-37
17
70
60
102
48
24
16
28
34
26
32
-33
-13
-8
-16
-12
-6
33
107
102
19
22
7
34
24
34
21
-23
-28
-17
-29
-23
-7
-14
12
-31
1
-12
-46
-35
-31
-57
-35
53
14
-30
34
19
20
34
10
10
24
39
20
23
62
55
34
49
36
55
56
-13
-9
2
28
4
47
14
21
24
34
48
30
12
35
60
18
27
17
70
2
12
-9
5
36
37
15
52
78
38
16
2
-7
-19
-14
7
16
40
54
64
75
31
80
22
-3
16
8
3
9
10
13
26
-13
53
-5
-16
7
-14
-13
-13
-4
13
-6
-43
1
25
11
-22
11
8
-5
8
-11
-8
3
36
-11
-11
-5
-20
-1
-12
-9
-21
-13
6
26
69
42
-3
-22
-29
-12
-14
-3
-4
-21
-22
-19
-10
-24
-29
-10
-9
25
23
-1
-4
-7
-9
-1
-24
6
3
-11
-16
60
7
-21
-16
-30
-16
15
-16
-2
-25
-13
-5
1
8
50
41
-2
-9
-1
-12
3
10
16
-27
9
-29
-14
-5
-21
-25
-8
27
-11
-16
-28
-30
0
-17
-38
12
-22
20
49
5
8
-10
-25
-2
-10
-4
-10
-34
-3
-1
0
18
-27
9
-4
-11
-12
39
44
-19
14
3
29
28
14
31
9
-15
-15
-26
-12
5
-26
-20
24
24
58
-18
21
20
-28
4
-24
-35
-10
0
-1
-1
-12
-21
-3
-15
1
-34
-6
-3
-26
10
-20
-16
-8
-18
-14
-9
-16
64
21
42
17
-16
-8
-16
-14
-4
-21
-1
5
13
8
13
24
3
6
16
17
41
-5
-3
-21
-28
-23
21
-3
1
69
48
-38
-18
-15
-11
-14
-27
-10
-15
-23
-9
-9
-29
24
52
47
4
-26
-18
-6
-2
-24
-17
-23
-2
-17
-6
-13
-5
-29
5
-17
-41
-10
5
-2
-3
31
13
64
20
12
41
4
25
24
-27
-5
37
-21
20
47
38
28
-8
34
28
46
92
-21
-16
-19
7
-19
-11
-41
-39
-7
-18
-18
-15
7
34
5
36
57
16
-4
21
4
13
10
7
13
-9
-18
-23
-8
24
7
9
33
1
3
35
48
22
-2
-3
34
24
12
22
-2
9
7
-2
32
21
-6
59
25
70
44
7
49
14
-5
39
56
3
33
-4
39
1
42
4
25
-8
6
7
18
-5
40
-11
48
13
40
17
1
45
58
12
16
14
6
-12
35
13
10
-12
-17
-1
-21
8
13
6
35
36
13
8
40
28
64
11
8
-7
62
0
19
0
-6
42
-6
-9
-13
-12
-16
-40
-5
34
38
-8
3
19
25
15
35
20
5
18
-2
73
12
13
-21
-20
-13
-19
13
-12
24
42
41
47
35
49
5
7
6
1
22
42
3
11
12
16
-19
31
0
51
5
72
9
24
2
-17
7
-15
-33
-23
10
-17
-22
-32
-25
-19
100
52
-15
10
-2
11
-4
-27
14
4
2
-8
