-34
-44
-53
-6
-52
12
26
-36
3
37
31
42
-19
39
-24
10
-19
15
45
116
17
45
65
-2
122
-28
69
53
53
49
15
-37
81
-15
61
34
75
66
-6
70
34
87
32
-30
104
85
56
39
47
13
59
70
45
60
51
87
130
5
40
31
16
55
-5
-12
133
102
48
72
-28
49
34
9
17
42
52
18
70
32
25
62
50
4
42
-16
72
47
60
16
-2
61
24
24
42
69
-12
43
97
72
57
19
120
68
28
29
1
62
77
35
32
74
96
95
78
60
75
100
32
15
87
50
-12
97
54
36
67
8
72
48
89
86
55
59
101
27
65
28
124
80
117
101
101
52
81
80
34
61
95
47
47
120
16
72
100
90
58
78
65
72
41
106
62
49
68
71
45
116
154
124
72
96
134
41
60
58
49
35
113
61
49
73
17
119
67
75
39
92
99
87
68
92
128
74
88
80
57
93
78
122
52
25
80
97
90
131
117
88
112
101
98
105
85
57
68
95
106
165
64
43
136
116
125
43
120
82
93
92
85
107
30
109
99
64
71
124
1
91
124
97
75
102
124
98
100
-5
113
77
118
95
86
97
86
155
38
53
86
109
42
63
98
107
80
106
114
68
33
98
74
100
66
66
53
105
66
57
77
129
84
81
118
122
93
38
77
91
92
91
90
86
97
68
93
97
29
65
33
103
115
56
83
71
66
112
96
73
122
145
116
83
75
79
100
95
76
71
94
129
2
63
85
43
109
49
80
93
106
59
91
81
84
72
44
40
94
114
56
39
106
34
39
75
83
47
80
92
32
109
77
107
114
39
80
117
104
100
133
71
62
139
132
79
45
128
103
95
134
89
87
35
80
68
59
62
89
10
101
74
96
102
52
60
77
34
60
87
2
79
121
56
58
100
146
85
67
153
98
74
112
209
3
113
63
116
60
109
110
80
114
109
91
133
40
123
122
129
68
121
220
48
96
84
49
22
95
94
111
82
83
100
98
66
61
102
93
58
119
74
98
108
147
126
69
54
142
68
41
82
100
116
116
70
105
89
75
76
131
18
41
34
94
89
32
67
72
96
104
149
110
71
87
76
45
106
50
64
122
125
100
55
93
15
120
107
64
92
132
107
138
99
24
116
100
69
98
39
72
114
106
72
126
55
96
139
93
104
98
81
94
238
110
89
114
122
100
82
132
43
103
86
127
103
150
18
14
87
78
82
146
115
85
166
149
62
140
123
69
128
164
45
111
124
122
143
35
151
89
102
99
98
106
130
125
85
83
113
103
79
139
151
134
105
92
82
123
29
134
103
106
132
79
102
122
110
71
88
131
98
56
115
124
119
116
113
120
123
87
149
55
124
105
96
106
129
84
110
124
83
40
119
111
92
45
61
75
108
123
84
105
100
111
61
113
145
141
146
120
85
109
98
118
123
3
106
104
86
-17
90
116
114
175
132
116
126
84
117
88
145
128
157
91
44
131
111
119
113
99
110
145
111
126
81
79
115
103
89
98
92
136
138
99
112
107
73
140
106
265
115
121
122
76
131
98
84
116
46
78
27
28
76
126
144
93
157
153
10
121
102
78
118
52
130
126
115
108
152
150
125
101
111
83
89
98
132
91
-2
119
129
139
148
63
138
144
87
68
84
133
73
133
120
109
99
-28
91
120
102
16
47
3
1
103
94
119
132
71
78
59
52
114
86
136
154
90
72
114
107
134
94
139
59
135
134
108
143
131
79
146
96
124
165
27
129
84
99
60
73
114
57
92
127
88
104
88
102
68
140
115
99
104
105
71
103
47
92
12
116
14
113
80
88
160
126
125
62
72
146
84
137
154
141
185
81
108
84
84
77
77
92
134
126
91
108
24
75
104
