-59
-50
-53
-81
-48
-56
-47
-59
-57
-31
-67
-66
-39
-7
-31
-58
-23
-71
-32
13
-22
-37
-4
-12
-63
-32
-33
-39
-6
39
14
-16
-5
-11
7
-21
-8
-27
-21
-18
-16
-16
8
3
-2
-30
-21
-18
-10
-9
1
-29
-4
-20
-17
-22
-24
-20
-13
-21
-12
-26
-31
-19
-45
-10
-20
-26
-12
-19
-17
-20
-12
0
-25
-6
1
-13
-18
-20
-16
-8
-13
-20
-15
-20
-12
2
-33
-24
-7
11
-15
4
2
-19
8
-29
-16
-20
-10
3
-30
-19
20
-21
-9
-13
27
31
-5
40
12
3
-6
8
-9
-23
-14
-19
7
-8
-19
-8
-7
-22
-10
4
-7
-2
1
9
4
-32
28
39
-3
-29
-11
-8
-1
-17
-7
-13
5
5
-28
-18
-19
2
4
-14
-17
-11
21
-19
5
29
7
2
-11
22
0
-4
17
13
-21
17
-18
-32
3
31
-24
23
15
-13
17
7
3
41
23
-5
-25
-18
37
9
-4
-21
-20
17
-31
-2
-16
-16
-17
-22
-26
-14
-21
-12
2
-20
-5
-11
-26
-16
-27
-15
-8
21
-2
-33
9
13
5
40
3
10
55
14
17
22
26
12
11
6
-38
26
55
24
11
35
-13
23
0
38
10
-2
8
38
1
35
5
18
20
55
62
36
42
20
24
39
21
11
48
-29
15
19
12
-3
4
-9
64
26
30
20
46
18
22
-7
2
-5
29
14
32
-17
6
27
26
19
42
2
41
-6
14
9
-2
9
22
39
14
18
47
2
18
46
50
29
48
7
24
3
20
18
31
36
-2
-2
-5
43
26
49
20
33
7
25
50
8
35
36
2
27
-30
-13
47
6
29
-4
29
8
25
18
3
0
20
33
6
37
29
22
5
35
7
23
41
30
11
41
38
17
26
34
28
56
6
10
33
24
48
38
2
-22
33
18
27
5
18
10
37
4
14
0
35
28
39
44
73
31
-11
23
10
16
37
42
6
23
34
40
17
36
31
30
48
37
24
51
40
61
47
3
22
13
44
9
-1
27
43
66
30
34
27
-10
51
19
45
31
28
8
35
26
57
23
-10
39
13
2
-4
11
1
49
11
30
40
62
8
2
41
6
12
29
22
31
8
27
61
60
20
8
45
33
20
42
-11
46
22
28
26
-7
30
61
8
72
23
26
2
19
29
7
26
6
-5
7
42
9
51
48
36
24
6
42
14
-7
47
68
31
54
17
26
43
40
31
49
15
36
37
35
45
19
28
39
71
55
54
35
43
24
59
40
11
42
33
48
52
45
44
16
-1
14
45
45
16
36
21
49
50
59
53
20
40
32
51
37
50
34
61
48
38
39
49
30
45
62
33
2
52
38
49
58
53
40
54
24
48
-12
63
44
39
31
-21
47
-15
33
58
16
7
53
-24
-14
-21
-28
20
10
42
-7
-7
2
-11
16
-12
-10
-21
-8
106
-14
-26
-28
-16
-12
-20
9
-12
-19
-1
1
-8
2
124
85
20
-28
61
-4
53
36
49
77
21
57
23
34
65
124
51
73
51
47
68
55
47
51
55
69
62
70
42
63
91
46
51
19
14
73
13
43
21
38
36
61
15
13
18
-5
37
42
32
39
40
44
47
52
21
24
29
25
54
54
55
24
15
21
25
30
20
24
45
12
35
