-83
-43
-39
-62
-74
-75
-51
-60
-66
-72
-53
-59
-30
-50
-38
-64
-69
-56
-44
-49
-39
-46
-75
-46
-38
-54
-41
-58
-56
-36
-72
-56
-58
-50
-59
-35
-43
-46
-42
-10
-49
-60
-69
-31
-45
-38
-29
-63
-65
-42
-2
-48
-44
-64
-56
-62
-49
-59
-38
-73
-50
-63
-38
-29
-34
-36
-48
-76
-68
-60
-41
-74
-57
-45
-47
-68
-30
-59
-48
-50
-46
-30
-85
-23
-52
-51
-71
-31
-36
-50
-33
-81
-40
-28
-38
-15
-44
-28
-22
-56
0
-31
-31
-31
-28
-36
-48
-61
-45
-60
-54
-46
-68
-39
-61
-55
-47
-40
3
-11
-18
-8
-33
-36
-69
-54
-50
-38
-59
-38
-56
-28
-43
-43
-38
-30
-29
-15
-38
-32
-36
4
-38
-47
-70
-56
-61
-16
-38
-25
-62
-54
-47
-35
-3
-21
-50
-25
-19
-16
-22
3
-10
-23
-57
-26
-6
-49
-65
-50
16
-34
-6
-57
-41
-24
-41
0
-12
-49
-19
-29
-10
-50
-25
-29
-29
-51
-7
8
-15
47
2
7
-19
5
-15
-26
-47
-28
-2
-22
-1
-14
0
-3
-58
-22
-32
-24
-46
-58
-54
-20
-38
-13
-35
-22
-9
-44
-29
-55
-29
-5
-14
6
3
-8
26
-44
-42
-37
-5
-57
-8
7
-16
4
-7
-11
-15
11
-6
-10
-8
-9
-16
-52
0
-24
-18
-26
-27
24
-29
32
-32
9
-36
-3
-18
-8
-1
-17
16
-9
-1
7
25
-22
-4
-16
-33
6
-45
17
-1
34
-29
-32
10
-27
7
-38
35
18
-8
-34
46
-30
-15
16
17
-1
18
-15
41
7
-6
-21
-17
-23
-17
-12
-21
1
-37
-19
-33
-24
-15
-26
5
-5
15
5
-32
-63
7
26
-14
13
-16
1
41
13
2
63
-39
45
-1
-6
-15
15
-5
52
-1
-20
13
14
18
-12
-10
-8
-25
25
0
26
34
9
25
1
-19
8
34
24
-44
50
-32
23
-2
-17
-47
13
-16
16
-6
10
19
14
-15
-19
0
26
-48
6
-45
-8
34
-21
-5
36
27
24
11
24
3
-18
55
18
-4
-23
-8
-27
-11
10
34
22
-14
18
21
10
16
-35
21
-31
-4
-19
52
27
24
21
23
36
-12
25
21
1
65
18
38
40
-6
16
34
39
19
-4
-9
-1
-10
63
-12
5
-1
-11
25
17
-18
-11
-5
16
22
19
-8
22
43
7
15
-29
-20
-5
10
11
16
28
40
79
34
-5
61
-22
-30
-2
18
37
20
36
67
59
16
34
31
20
43
-1
39
8
26
16
13
1
1
30
-15
46
-1
55
-9
28
25
41
16
24
-4
7
63
30
36
7
11
16
28
-7
16
6
34
13
-7
-14
-12
11
65
19
-1
67
21
39
61
52
-19
19
15
11
19
29
8
43
10
17
-11
39
25
-6
13
11
-9
24
23
15
52
68
35
21
24
56
43
10
14
38
17
27
13
53
53
11
-17
42
12
36
-1
49
12
3
-20
25
37
-3
15
13
0
32
7
17
15
61
73
1
76
48
-1
53
-13
10
69
-1
43
15
16
45
44
44
-3
71
95
-10
-1
44
47
45
34
30
40
42
28
55
73
15
100
48
-14
39
32
21
-3
25
12
32
15
8
91
13
43
2
33
4
-1
4
47
52
5
93
38
15
64
64
50
30
49
32
85
2
19
-3
-8
36
70
14
22
10
16
52
100
33
31
75
39
2
44
15
33
7
55
7
12
47
20
102
5
34
56
112
65
28
30
13
0
28
52
4
-7
80
4
4
-21
82
69
68
-19
74
0
81
4
66
26
21
36
68
-8
107
44
50
40
89
10
-27
55
18
56
30
58
21
88
-12
2
23
30
58
22
52
45
67
50
32
66
43
-10
-3
38
51
29
-1
30
55
-44
-29
16
78
28
67
16
28
-8
41
10
52
70
12
45
27
-2
61
30
16
70
4
47
27
50
22
-19
70
66
35
58
26
29
110
29
36
27
54
1
-1
-7
55
38
0
57
39
43
65
26
41
46
42
65
34
49
-14
34
52
25
58
-2
48
23
45
14
70
45
82
58
71
31
54
32
78
36
85
70
43
1
-1
68
63
43
40
30
63
91
49
-20
22
24
34
85
24
34
65
25
25
5
41
37
45
18
82
37
74
3
23
78
76
-8
61
6
42
55
14
29
-2
53
