-7
-66
-35
10
-35
-24
-2
-42
-39
-21
-34
-52
-36
-21
-2
-13
-43
1
-41
-29
-6
-21
9
7
-20
-47
0
75
11
47
55
-2
84
91
7
10
61
24
26
88
27
-23
3
90
36
27
37
85
92
5
110
53
44
62
32
71
-5
30
85
101
81
-4
90
93
128
57
44
56
43
96
37
107
37
48
104
86
78
136
95
82
68
63
24
86
134
100
93
60
61
58
112
58
73
65
129
96
161
90
127
42
135
125
93
117
131
129
143
86
108
98
49
91
50
109
121
137
74
182
97
132
35
121
91
164
82
104
87
88
51
114
80
57
95
132
159
116
66
123
159
125
112
89
132
129
73
72
149
76
103
116
113
82
154
122
167
99
125
173
91
81
90
134
90
115
100
82
127
83
145
50
60
73
58
166
127
77
98
77
118
143
74
96
33
141
122
101
119
99
111
131
112
138
133
119
92
126
46
133
104
53
65
115
99
131
116
135
122
150
253
123
108
124
101
68
83
106
155
199
133
147
129
63
164
152
139
90
71
97
75
153
109
127
101
145
141
112
127
97
66
95
95
126
132
102
117
109
88
52
132
103
100
90
105
94
99
105
131
105
90
132
91
150
150
144
101
102
99
94
107
116
132
123
131
125
80
89
157
105
152
128
134
138
65
102
119
106
112
96
133
145
97
125
100
131
128
156
83
97
70
126
142
158
117
102
168
115
116
83
162
111
63
145
86
99
141
120
108
63
132
102
145
137
72
143
91
88
97
153
144
72
144
115
124
68
144
112
162
128
177
166
145
88
139
110
61
121
135
84
138
135
68
71
57
96
107
141
171
67
126
86
125
121
123
152
202
136
118
114
118
112
120
156
148
92
107
152
131
146
104
143
174
196
153
110
146
157
208
126
110
106
136
160
168
172
81
129
173
101
147
120
94
176
135
156
158
154
124
176
116
177
195
122
151
102
105
105
126
185
185
107
156
151
160
145
62
146
133
143
131
183
178
127
154
170
194
70
130
129
209
90
157
118
66
226
178
78
138
82
170
107
159
146
125
135
108
175
162
168
147
147
166
165
174
160
179
98
142
121
142
191
146
129
166
113
137
173
161
77
149
202
268
131
184
139
87
104
150
151
160
114
140
122
138
129
148
111
145
162
151
160
151
137
129
122
123
155
168
125
112
180
115
155
117
155
159
113
226
135
133
164
142
191
123
150
137
94
199
112
143
145
167
150
145
174
150
149
103
161
142
104
115
179
123
96
174
137
157
176
189
150
158
168
146
172
145
153
126
165
141
153
152
118
133
145
167
122
121
112
63
127
153
117
146
101
157
96
181
127
152
144
134
143
170
123
188
102
139
184
282
156
156
160
156
170
163
136
177
166
120
112
119
135
159
138
152
154
129
105
166
180
151
131
104
127
290
119
140
298
163
155
159
136
159
174
144
177
423
174
149
174
145
155
153
125
122
116
140
130
179
142
159
124
170
185
198
142
195
136
167
97
123
190
183
146
133
152
123
160
125
123
146
146
284
115
139
142
135
122
173
155
171
157
172
179
111
157
160
161
142
129
136
163
180
202
105
177
202
164
124
130
129
176
148
153
158
168
103
132
142
343
191
135
135
113
164
172
146
175
210
128
142
117
172
129
162
176
145
226
153
130
152
129
218
117
138
143
147
131
158
123
173
168
119
143
207
134
163
120
123
148
165
126
135
157
173
122
100
158
151
122
200
157
148
161
164
126
148
175
179
120
181
159
179
150
111
141
165
151
156
127
119
154
277
138
169
153
154
146
138
136
224
173
163
120
219
140
149
188
196
146
112
161
182
194
136
147
182
155
170
174
138
123
144
172
165
164
155
147
155
362
215
188
147
217
170
122
294
117
145
174
168
144
142
96
190
138
184
164
147
158
172
166
161
145
174
169
140
161
135
150
155
188
219
188
126
199
142
132
169
156
143
162
181
132
158
69
135
165
198
124
180
137
124
136
155
147
131
142
130
129
148
136
294
152
203
155
153
177
162
171
171
152
157
130
125
161
158
133
153
176
178
159
187
124
176
195
129
164
150
180
141
138
177
144
219
160
196
197
130
160
170
171
168
129
155
127
197
104
164
183
127
173
198
161
115
175
186
127
101
159
163
202
145
175
138
157
131
169
197
163
147
118
153
142
153
159
142
118
143
197
154
168
183
187
137
148
136
129
92
169
129
164
143
179
148
160
146
171
159
136
214
107
158
167
169
182
184
173
185
206
112
143
156
137
209
153
193
146
178
137
173
155
202
201
92
154
151
184
120
188
