-49
-38
-66
-46
-68
-64
-67
-73
-65
-43
-84
-55
-12
-45
-13
-58
-57
-2
-19
-51
-40
-66
-30
-47
-67
-62
-51
-51
-5
47
1
-14
-9
33
-22
61
-7
43
24
67
-13
89
-21
12
-5
1
42
-7
-3
-40
1
-21
13
-53
-6
-6
-38
-14
-56
0
-7
2
24
39
32
-27
10
-73
37
-20
11
-38
-28
58
-51
-67
-47
-15
-28
-11
34
53
24
16
9
-17
-18
-36
33
-7
-1
-25
-22
-54
-30
-11
84
-20
-16
-66
17
-24
-9
-16
-5
48
17
41
46
-44
11
29
-2
-55
-31
41
19
34
7
65
6
43
63
4
54
87
45
78
25
71
41
-25
73
-8
73
66
63
14
-4
57
55
43
73
84
16
49
29
81
32
59
33
27
-5
35
23
59
57
84
3
39
-5
64
37
32
36
64
78
52
-41
20
38
50
57
20
-38
18
46
37
64
58
-29
20
53
38
49
77
89
12
57
32
8
37
59
76
133
66
-11
99
5
-12
32
30
92
102
72
62
90
107
-4
93
78
54
27
80
80
64
87
82
58
57
40
88
81
97
56
99
112
58
89
96
31
73
61
29
54
74
61
78
53
97
84
112
67
103
83
89
146
68
185
79
42
124
170
73
53
90
63
60
87
114
153
85
21
52
229
59
115
94
122
69
30
53
37
80
59
56
120
59
93
84
38
83
115
89
89
68
-41
93
88
126
106
127
61
55
70
114
93
69
103
40
94
115
70
24
90
84
70
84
114
79
84
64
45
122
84
71
137
83
88
118
13
113
91
139
77
117
65
112
60
77
52
72
57
112
97
73
51
35
134
103
68
154
67
92
110
113
95
82
102
77
90
68
92
119
98
120
71
78
52
167
70
43
88
67
91
78
61
79
72
96
243
50
110
54
76
108
89
49
131
37
10
103
108
94
105
84
79
101
31
67
27
52
114
79
134
69
19
31
96
60
114
84
66
114
117
126
79
17
114
99
98
239
26
116
51
-18
88
49
90
99
-14
2
65
0
36
41
60
113
69
89
65
136
72
100
115
57
94
115
95
59
96
109
116
122
71
105
99
147
118
57
70
96
85
88
113
56
105
87
92
114
95
139
125
98
86
66
101
91
131
62
37
94
130
114
117
164
163
113
104
57
105
86
87
106
20
117
80
111
169
114
140
96
126
68
45
146
64
102
103
126
107
104
136
94
127
106
140
96
74
54
61
126
70
160
92
99
44
114
122
79
63
107
90
61
129
48
152
84
128
56
102
144
127
106
98
170
102
90
143
121
85
70
111
105
105
89
115
96
107
80
100
128
150
116
111
88
65
68
67
46
155
113
284
121
126
87
79
21
102
57
184
97
105
101
96
103
117
91
119
88
115
168
102
98
85
106
92
83
136
79
49
43
100
118
134
129
77
67
94
99
71
91
56
116
128
118
61
86
130
150
84
74
116
145
99
90
127
56
101
97
88
121
67
116
106
59
81
71
110
56
102
95
121
71
114
145
148
115
132
127
29
105
78
87
50
109
60
142
82
89
235
86
70
91
70
54
108
30
108
94
78
159
121
86
65
89
89
156
-18
88
105
105
127
93
116
151
70
66
84
47
131
111
124
58
120
119
69
117
143
153
87
90
89
146
13
50
83
36
86
165
107
73
149
-21
139
114
167
17
123
87
159
44
103
39
88
156
113
28
76
106
130
154
57
101
71
94
143
91
94
97
137
139
133
86
116
96
129
80
69
132
120
72
78
95
173
62
118
56
98
55
126
134
180
138
90
82
220
141
148
76
94
94
135
77
115
162
73
120
98
137
108
112
57
86
108
103
133
78
53
112
76
89
109
103
90
97
117
144
132
39
119
149
24
154
95
56
110
103
66
123
130
134
39
139
140
145
98
120
93
96
112
111
111
120
103
51
43
118
86
92
139
47
105
139
93
94
62
70
149
95
89
108
94
72
52
142
61
21
122
106
133
69
110
119
143
153
152
124
129
114
142
127
117
81
68
98
85
78
93
129
73
