-52
-61
-44
-70
-68
-34
-53
-55
-57
-57
-67
-14
-47
-60
-72
-45
-45
-63
-54
-38
-56
-26
-51
-48
-55
-40
-60
-48
-45
-55
-45
-55
-26
-61
-54
-68
-52
-72
-41
-61
-58
-10
-36
-7
-39
-45
-65
-50
-46
-28
-57
-27
-21
-55
-38
-55
-65
-66
-53
-43
-55
-26
-41
-38
-4
-51
-30
-47
-46
-39
-56
-50
-15
-50
4
-47
-58
-55
-59
0
-40
-39
-48
-27
-30
17
-49
-41
0
-27
-29
-5
-47
-23
-48
-38
-42
-61
11
-18
-1
-48
-16
-10
-30
-47
-55
-40
-34
-67
-54
-43
-43
-50
-26
-9
-41
-40
-34
-63
-23
-63
-37
-24
-18
-75
-28
-30
-55
-53
-55
-35
-28
-41
-71
-43
-66
-11
-29
-57
-49
-10
-54
-36
6
-29
-45
5
-16
-12
-22
-28
-31
14
-55
-22
-24
-42
-11
-54
-6
-34
35
-21
-48
-55
-22
-19
-23
2
-53
-44
-31
9
1
-23
-34
-20
-31
-26
-56
-5
-13
-47
5
-13
-39
7
6
48
-6
-1
-27
-31
-31
-11
-37
-47
-30
-42
-16
-6
-30
-13
-65
5
-6
-25
-10
-47
-41
-34
2
-38
-37
24
-19
-1
-31
4
3
35
-5
46
16
1
-15
10
-23
20
-18
-15
-10
27
-53
-28
-21
0
-39
-21
2
2
1
35
-35
36
21
-13
-13
0
-12
27
-5
24
-20
13
-36
13
64
29
-26
26
-47
-15
-32
-61
-63
75
0
-28
8
-26
-23
33
48
-39
10
31
-38
-7
-4
4
-5
3
-30
-7
0
-1
15
-1
22
15
6
-13
13
-20
-4
10
51
-24
-68
7
25
1
7
27
-6
-18
4
27
-52
11
-3
61
30
-19
-34
-1
10
-52
51
18
-11
15
51
51
-5
-14
-17
27
-1
-2
25
-14
27
56
15
-26
-21
31
79
-1
-4
-8
-3
0
34
38
34
-17
-2
-7
-22
-1
39
-7
31
41
17
29
31
-45
-1
42
-12
59
8
-18
4
3
31
49
64
-13
-47
78
35
20
5
43
-15
46
30
75
52
-30
-19
17
76
16
-18
13
48
18
-5
25
11
50
-54
19
-19
9
-7
35
-9
-30
20
-39
62
12
-23
62
-20
71
1
40
39
66
45
16
4
-14
22
18
55
55
9
81
13
56
16
-8
-16
-5
19
30
59
42
43
33
54
6
20
1
-1
-38
72
43
12
71
36
31
-20
29
19
28
17
-23
79
95
59
30
-9
30
-33
62
30
27
79
14
47
92
-18
33
91
31
33
28
-19
18
25
56
2
44
24
24
89
-2
98
78
40
30
1
61
53
56
3
10
36
51
4
57
64
41
-2
98
8
19
4
55
33
-5
-19
55
54
14
58
69
22
32
22
43
-17
75
60
29
-39
29
8
24
14
-29
61
-1
83
55
97
61
42
60
-20
64
80
48
61
19
8
85
35
26
82
11
52
22
52
47
97
49
-4
9
67
41
73
2
72
18
78
54
58
7
43
74
-8
58
48
30
50
26
34
52
67
62
58
64
73
113
98
45
44
76
34
64
87
21
46
81
72
2
52
-2
59
88
35
53
65
16
41
59
64
77
82
39
69
28
63
50
-2
-24
28
36
7
-9
78
104
107
24
71
60
42
44
32
72
41
41
89
79
0
98
33
47
24
53
43
66
32
86
15
54
30
96
-2
54
62
43
48
97
-17
36
-14
32
2
48
87
92
82
28
30
84
93
98
52
111
73
52
38
104
51
-7
91
-4
60
-7
124
65
74
93
43
53
48
77
85
84
69
13
43
96
77
90
47
-3
27
68
53
28
60
127
3
68
33
10
65
32
100
17
21
24
80
123
61
31
1
108
11
24
24
18
4
47
5
69
77
69
27
-17
59
91
68
73
124
75
67
72
9
126
23
80
79
-9
73
62
33
63
84
-17
92
122
-14
49
50
72
40
112
54
54
55
57
58
44
84
82
60
78
19
37
-15
-2
42
19
75
27
64
25
91
78
15
112
79
63
26
29
62
60
86
85
129
108
107
117
29
45
27
92
52
100
34
73
27
82
14
19
86
53
59
61
42
22
93
59
39
24
46
83
3
70
32
42
31
83
40
38
10
78
-20
77
30
83
95
95
96
56
64
36
31
17
69
-4
37
86
66
73
75
115
