-66
-43
-34
-63
-54
-27
-27
-22
-73
-43
-34
-48
-41
-10
-23
-41
-70
-50
-49
-52
-68
-42
-58
-51
-60
-43
-54
-64
-25
-45
-42
-21
-40
-33
-60
-40
-4
-47
-2
-40
-59
-47
-63
-36
-68
-16
-51
-27
-38
-43
-54
-22
-67
-52
-35
-27
-64
-33
-46
-67
-37
-49
-47
-47
-30
-29
-32
-48
-46
-23
-14
-24
-40
-33
31
-12
-33
-51
-32
2
-31
-4
-28
-5
-35
-44
-22
-7
-34
-46
-25
-15
-32
-39
13
-31
-46
28
-22
-8
0
-8
-36
7
3
-31
5
-14
-26
-31
-21
-24
-41
-55
22
-33
-22
-16
-60
-44
-37
-43
42
-12
-2
-41
-53
-10
1
24
-6
-51
-18
32
10
-7
-48
24
-27
-10
18
-22
-41
27
-15
11
-17
-21
-12
-36
-21
-2
-16
-41
34
17
21
-16
-33
-33
-29
21
31
51
-8
5
13
14
-18
10
0
22
-14
-11
-42
22
-42
-13
-41
12
-9
-17
0
-45
21
4
1
-64
7
2
56
12
6
-6
4
18
14
-19
26
-20
-20
0
-11
-20
-48
-10
-14
-1
-3
0
63
10
39
-6
18
-8
38
-35
-16
-24
-13
-18
-1
13
-48
0
12
-13
48
59
0
10
28
2
14
23
22
26
41
-27
39
1
-2
33
-26
55
24
9
-16
-16
-2
57
13
60
65
-15
38
-3
8
12
-21
50
18
-10
23
0
-19
-2
-5
35
89
-33
-11
13
-41
-20
41
31
38
41
8
46
-2
78
36
54
1
22
47
44
30
10
30
10
34
51
-18
39
39
46
16
13
37
18
19
-13
34
33
18
-23
90
37
0
8
-16
55
-2
43
33
12
-31
43
26
74
-3
8
45
20
36
54
26
51
54
8
3
10
-25
24
17
52
93
53
33
10
28
36
17
9
43
12
-1
-11
2
-2
14
26
-30
-6
32
12
66
54
26
-7
55
44
24
71
40
-2
51
70
75
33
5
45
72
21
-14
9
24
25
67
82
-6
78
28
7
43
-9
-33
21
0
44
-5
14
21
8
-4
25
91
13
-13
12
33
11
13
24
-16
38
3
37
47
68
-29
47
27
26
8
35
97
57
33
-20
15
66
94
38
-21
63
46
10
99
18
0
45
18
39
53
39
-3
22
22
3
41
15
-2
44
10
-1
21
41
13
52
41
86
27
34
30
72
63
41
13
51
66
84
-9
85
7
-11
41
46
4
29
64
16
44
44
41
59
77
98
45
11
49
28
68
21
10
89
81
14
52
15
62
10
60
90
12
63
18
12
-7
7
54
46
25
-4
-2
66
-27
-2
-6
65
8
44
70
12
70
90
13
28
35
79
13
29
15
2
12
34
22
39
59
54
103
73
98
27
20
0
26
60
97
54
67
24
47
11
-24
-5
40
81
54
82
37
13
-1
73
9
59
36
9
36
75
35
97
65
49
14
104
41
52
62
79
27
64
-3
87
12
97
17
81
42
88
75
89
41
54
138
57
34
81
3
-3
59
34
21
18
52
-1
18
11
39
50
123
64
67
43
48
63
58
74
35
59
95
57
51
32
87
94
47
64
20
94
64
42
38
46
90
69
0
60
82
42
42
42
48
39
30
45
76
83
88
27
66
40
58
50
24
54
47
40
23
68
54
62
19
110
32
55
38
108
71
112
79
77
76
98
68
74
56
53
10
86
100
52
56
60
131
76
8
22
23
-28
63
85
106
20
37
62
107
53
51
20
48
0
63
34
131
73
129
26
87
59
72
24
72
99
60
109
70
43
97
6
44
100
28
61
35
26
85
32
86
38
89
54
101
28
26
26
60
121
24
105
26
61
84
111
67
59
54
97
25
77
62
40
31
83
41
61
20
101
10
33
82
93
-41
87
31
73
94
95
38
71
96
95
24
-12
30
72
96
81
60
74
78
49
66
0
66
78
66
40
16
44
15
81
60
75
31
66
28
78
58
67
157
77
43
37
84
51
32
15
31
28
60
31
9
34
37
39
41
38
57
31
107
78
84
96
14
69
59
90
4
37
31
61
97
42
4
48
82
35
44
40
61
102
35
69
32
45
69
27
82
125
-26
17
32
79
74
35
18
28
67
3
70
22
48
85
48
43
45
59
48
40
43
1
29
34
5
64
27
95
15
62
68
24
-4
15
36
74
37
25
16
102
74
45
73
85
47
-2
0
121
71
15
20
-10
1
93
43
46
94
21
59
83
116
57
24
53
58
51
77
19
61
36
17
88
40
55
44
73
21
40
79
99
15
4
3
53
51
43
64
63
15
95
60
80
23
39
49
80
33
30
-6
7
50
37
88
71
52
59
86
23
16
-4
2
47
33
5
21
44
61
98
3
65
51
67
38
58
61
7
46
61
86
105
113
51
57
19
35
53
97
34
56
119
44
46
3
78
12
40
70
68
36
-3
68
22
29
44
-18
53
51
56
65
45
62
-6
12
6
74
78
42
84
66
95
91
113
58
80
48
63
65
-6
64
-3
59
102
5
71
69
69
6
123
22
34
77
31
32
60
81
67
41
39
49
82
25
61
41
36
113
22
68
86
47
52
96
34
36
60
71
49
38
38
119
88
82
-18
124
79
77
6
72
32
11
-17
65
101
46
56
31
8
57
17
64
84
71
-18
49
51
70
74
50
51
119
-9
20
69
19
67
41
30
38
66
107
65
36
80
63
46
78
56
43
47
78
34
43
97
16
27
-2
51
37
22
43
61
79
92
9
67
46
96
28
61
8
51
67
20
18
116
87
60
41
-27
55
57
2
125
19
70
52
46
35
58
42
50
102
75
57
9
50
41
32
66
117
48
30
50
64
58
41
85
64
-11
26
53
43
114
91
64
19
122
58
145
34
22
8
35
12
50
45
80
73
42
12
25
36
30
66
26
82
34
71
41
56
56
47
9
63
62
37
76
55
92
77
57
103
70
64
0
134
20
88
-6
53
96
-8
43
35
43
70
27
87
34
45
67
6
57
62
10
19
32
78
10
61
41
32
71
78
133
80
61
47
51
95
22
32
98
42
-3
61
112
29
65
19
136
39
93
36
50
32
54
33
12
3
129
43
65
5
100
103
34
82
86
97
53
100
33
72
19
41
44
64
15
92
34
27
79
37
16
64
50
51
51
43
-7
17
16
38
75
68
32
80
144
78
74
65
73
139
158
68
40
84
62
73
95
47
68
90
33
51
40
23
71
100
16
40
115
65
2
109
82
44
73
81
105
57
40
92
47
71
54
54
97
84
41
61
46
30
68
56
12
33
88
49
-1
57
57
51
62
87
66
29
44
72
53
58
27
110
94
68
83
62
112
52
77
10
84
59
22
108
72
28
80
-17
14
96
26
64
91
10
63
67
9
90
54
39
70
50
83
32
98
37
63
124
108
90
85
21
82
69
56
90
49
50
69
93
60
75
89
21
69
79
76
74
-2
82
46
64
46
63
51
111
70
88
13
62
13
111
92
73
86
83
87
40
58
74
89
50
51
52
45
55
85
50
33
60
61
-13
50
42
85
77
50
57
115
71
112
43
35
22
84
-6
114
27
107
64
66
97
27
95
54
89
24
55
70
87
57
97
25
65
12
57
48
44
37
30
146
65
77
77
44
81
81
58
74
63
67
83
17
55
50
70
88
-2
65
74
34
52
-21
48
48
51
86
56
98
51
18
70
100
84
36
56
54
54
100
21
129
31
29
94
7
83
59
103
10
119
23
48
46
41
7
76
70
61
47
57
74
38
95
40
46
12
12
62
88
27
97
33
-3
64
91
112
54
1
60
41
-10
40
18
57
63
8
150
24
90
17
75
21
95
20
75
57
97
78
68
157
100
49
45
60
36
104
35
86
46
69
12
64
29
47
24
98
-2
47
87
90
52
66
94
118
59
57
32
46
66
97
54
68
79
21
54
89
44
73
60
82
43
65
46
107
49
85
45
72
115
65
-38
134
76
88
70
50
99
-5
66
81
60
94
65
41
39
59
81
140
74
108
82
55
67
107
92
62
66
67
81
103
70
83
95
103
104
88
35
73
24
50
136
61
73
78
60
-42
76
41
54
11
13
12
24
83
50
68
60
96
25
34
-4
72
45
71
72
70
2
71
73
59
14
25
46
23
26
49
79
43
49
107
65
57
100
58
62
53
55
43
102
85
78
21
67
131
14
27
74
35
24
75
45
43
53
97
50
117
48
97
56
48
92
43
37
53
66
85
76
11
8
74
142
42
28
91
94
65
46
107
119
43
38
63
42
81
51
67
101
59
65
71
70
101
64
48
66
70
85
15
22
66
45
108
78
46
73
75
61
16
78
110
74
50
85
101
86
77
100
62
99
21
95
74
84
72
56
41
91
45
59
92
67
34
61
99
31
31
117
103
109
61
52
38
65
71
48
11
108
99
62
107
85
40
57
16
27
87
29
48
-5
94
20
68
92
34
51
42
33
45
16
43
51
94
74
21
8
77
120
87
49
26
66
91
74
2
10
54
124
76
26
15
117
51
101
26
54
109
12
101
77
-1
89
101
15
51
69
41
54
48
87
103
22
80
77
48
61
94
84
39
68
24
112
29
63
92
81
47
114
39
79
97
99
49
69
92
37
103
41
79
103
-8
98
39
78
35
77
108
106
66
85
3
118
46
0
84
64
40
-3
50
11
96
63
54
54
66
63
93
93
62
61
102
60
26
44
52
-9
0
67
97
51
54
36
17
98
70
58
32
74
97
35
24
44
35
102
69
89
82
75
20
41
87
93
101
25
104
38
95
16
18
52
5
23
62
68
100
51
42
33
13
88
60
21
84
69
67
57
83
98
96
79
77
66
66
92
52
115
95
98
72
60
86
32
72
86
38
23
30
18
45
66
37
94
70
86
83
33
117
52
75
26
79
94
57
103
74
54
61
63
36
121
96
99
3
27
84
31
111
70
20
35
78
116
15
112
44
130
55
47
64
84
45
-4
102
85
115
27
-14
88
105
113
95
25
14
48
60
97
86
31
63
87
32
73
-16
68
55
85
66
75
80
60
100
-2
70
132
94
92
95
18
19
65
45
62
60
7
32
106
37
66
64
71
17
50
49
92
-5
-3
81
19
136
28
61
58
93
56
28
137
79
140
90
79
94
69
-18
79
56
81
5
58
54
42
83
-18
63
80
58
97
65
25
77
44
45
24
51
59
86
11
12
80
4
26
33
86
63
28
51
94
56
62
68
32
76
59
54
78
31
70
25
45
86
81
62
-11
80
9
48
7
106
79
16
14
62
112
67
-2
67
46
39
96
49
111
46
91
59
51
120
-13
26
79
82
133
58
40
68
56
27
91
25
61
115
127
44
61
68
103
106
45
39
36
18
97
43
70
85
77
109
42
58
93
97
30
-22
75
60
35
77
73
29
-4
20
61
97
127
98
34
34
58
17
61
77
33
57
59
50
58
83
50
37
35
109
54
16
76
67
51
47
-22
62
41
82
79
93
87
106
65
69
16
90
86
125
89
63
16
31
36
64
81
59
93
90
72
78
79
68
87
81
88
89
51
61
0
54
58
95
24
120
72
75
74
-2
97
84
66
24
0
66
10
66
19
13
63
87
81
82
86
16
63
91
72
-13
127
63
42
59
74
79
57
93
41
54
22
74
74
65
96
40
106
113
95
77
97
-16
55
112
142
8
66
-21
47
57
66
16
77
71
131
42
49
34
1
46
72
58
98
75
53
12
63
100
74
66
18
47
130
92
99
100
26
78
77
83
56
45
95
110
83
72
100
23
88
26
55
45
36
57
78
73
33
5
36
66
52
57
21
62
79
119
64
112
130
95
99
58
67
62
100
125
41
110
97
97
76
37
114
83
57
121
81
58
62
91
63
72
84
42
89
52
85
79
139
62
42
75
83
92
64
57
69
109
40
27
85
81
97
13
70
133
75
40
122
82
47
88
43
29
111
41
41
60
9
32
69
66
51
79
18
62
71
17
12
98
6
26
93
107
104
97
101
124
120
34
88
125
71
41
115
30
21
33
66
66
79
88
126
76
23
19
60
4
95
94
30
-6
30
0
82
52
61
28
133
52
115
78
57
52
87
35
30
66
94
46
45
104
59
27
-3
63
58
50
97
61
50
10
0
29
36
78
78
73
16
46
111
105
46
-2
87
42
117
31
131
25
21
54
90
97
62
39
86
71
54
35
55
62
76
1
38
47
80
44
66
35
99
65
63
16
110
114
81
71
81
64
62
43
35
15
84
64
37
53
55
42
77
116
97
107
93
23
103
28
91
76
115
83
24
64
53
96
82
62
59
21
92
57
76
59
56
54
108
43
62
104
91
75
47
66
70
83
5
16
26
68
118
93
2
74
44
68
80
