-58
-38
-60
-66
-40
-52
-50
-41
-39
-33
-51
-46
-43
-45
-45
-13
-10
-31
-21
-27
-26
-26
-12
-4
-5
-18
10
5
-7
-1
16
12
0
3
4
1
11
-10
10
-2
-10
-6
-3
-1
18
13
-23
-3
-6
1
-3
-2
-5
-10
-8
-4
-17
-11
-3
-1
-5
-7
-4
-5
-15
-16
-13
1
-14
-6
-2
-13
-8
-7
-17
-6
-9
-8
-9
-15
-13
-9
-8
-12
-1
-22
-7
-18
-16
2
-1
-9
-7
-12
-21
-25
-21
-18
-17
-10
-20
-6
-11
-29
-13
-5
-18
-17
-21
-20
-18
-13
-14
-28
-15
-17
-21
-25
-20
-22
-27
-27
-26
-24
-37
-17
-21
-15
-31
-21
-38
-17
-14
-20
-21
-26
-25
-22
-15
-23
-20
-18
-21
-23
-27
-25
-15
-7
-12
-25
-19
-20
-1
-14
-7
-12
-20
-10
-9
2
-15
-8
-7
-6
6
-32
-5
-7
-23
-10
-13
-8
5
6
-2
-27
-14
-32
-6
-10
-12
-4
8
-9
-2
8
-24
-7
0
3
-15
1
-10
4
-8
-7
-8
7
5
6
-4
1
-5
3
-24
8
-5
-20
-10
-18
-16
10
8
-8
-6
-5
-11
-8
-9
0
1
8
0
11
6
4
7
13
11
9
-1
3
9
17
0
17
14
20
23
6
-6
19
14
-1
-4
5
0
13
10
17
22
22
14
29
18
24
20
2
18
30
0
3
26
23
3
31
23
18
7
38
13
6
26
18
26
28
16
29
11
27
14
39
36
11
15
44
17
3
5
4
10
24
24
10
12
34
0
12
30
16
33
35
19
13
22
36
32
9
39
44
35
24
27
49
26
37
40
45
20
53
47
62
30
43
51
47
68
57
41
38
53
35
39
23
59
53
40
39
46
75
27
54
50
40
40
54
43
40
35
49
63
53
39
48
62
61
44
63
52
51
60
36
66
67
53
22
51
52
68
69
49
102
36
79
90
31
50
48
52
63
54
71
49
74
79
81
84
55
68
70
84
60
75
49
56
61
66
77
40
78
70
83
81
78
58
61
56
61
62
69
39
60
84
74
57
90
84
93
67
49
74
58
87
94
86
52
67
48
59
59
57
50
51
77
61
78
77
67
59
70
47
97
70
86
70
89
88
76
67
93
68
73
85
62
57
78
89
88
62
79
50
50
47
63
69
51
46
72
76
74
71
60
57
56
65
82
75
70
69
79
37
70
68
71
62
68
71
67
70
53
69
62
55
69
50
72
60
74
73
77
75
54
69
65
57
62
61
73
59
54
55
47
61
88
60
67
54
47
80
79
79
64
53
90
86
82
48
44
51
77
90
24
62
66
57
79
101
66
77
65
48
72
73
54
103
75
65
70
78
75
55
91
74
80
59
71
83
65
62
78
72
57
51
68
60
82
71
69
44
46
72
67
51
62
79
49
58
72
84
53
121
71
68
51
75
49
63
56
63
73
63
92
78
55
88
54
120
93
56
78
67
99
84
55
77
113
97
117
122
66
69
83
90
69
79
75
77
61
93
86
54
43
99
85
75
92
77
92
53
69
91
104
88
90
69
84
55
90
78
79
101
91
73
100
67
72
84
85
99
91
92
102
52
87
79
81
84
70
95
54
63
88
69
68
68
87
67
74
74
74
81
64
48
81
71
83
74
60
80
65
84
94
67
46
31
84
59
71
67
62
47
82
82
84
68
76
74
49
60
93
71
73
74
83
94
67
64
81
77
82
82
101
71
101
79
64
89
56
63
83
48
74
94
93
82
68
68
70
92
87
67
93
79
78
75
85
71
89
87
118
91
87
85
77
79
73
103
72
69
85
86
88
78
75
56
107
87
103
86
70
96
94
81
84
101
74
70
65
79
85
87
54
78
75
117
107
87
48
99
104
86
99
95
85
63
94
84
105
91
115
69
73
115
63
82
97
94
53
58
75
91
80
95
73
102
96
88
79
93
89
92
101
108
47
95
92
57
88
96
84
116
89
84
88
71
72
62
50
88
69
80
89
87
104
79
107
90
76
49
86
84
113
108
73
100
89
94
113
77
77
89
74
107
72
120
86
80
86
65
115
81
87
70
89
85
115
94
74
96
102
88
82
69
84
99
86
97
79
93
83
79
75
100
81
107
78
99
114
113
67
75
91
90
75
95
84
102
84
73
93
99
122
98
86
68
93
97
103
81
111
100
102
86
95
70
86
79
49
95
104
103
101
87
90
103
81
94
88
73
84
99
98
90
97
95
86
87
82
87
100
93
99
108
85
83
98
78
84
88
75
63
111
77
110
71
94
85
99
95
93
68
91
73
102
98
103
104
76
66
81
107
101
84
97
79
110
117
74
87
93
77
90
77
103
92
96
118
81
109
91
112
73
103
87
100
61
112
84
66
115
99
107
88
91
111
90
98
82
79
87
107
96
81
87
68
100
82
73
66
87
86
91
66
65
72
83
84
107
91
73
96
102
118
86
115
102
101
91
92
92
83
90
46
87
84
90
107
95
106
99
85
91
98
102
118
106
92
100
93
70
113
73
114
99
86
72
99
113
98
95
88
