-37
-69
-61
-52
-28
-8
-53
-76
-49
-39
-49
-31
-77
-54
-72
-60
-51
-67
-34
-17
-61
-59
-36
-42
-44
-58
-59
-38
-7
-68
-22
-57
-27
-65
-9
-63
-40
-44
-48
-46
-33
4
-63
13
-28
-10
-68
-39
-32
-23
-59
-42
-50
-51
-58
-29
-58
-4
-21
-27
-65
-24
-70
-31
-57
-15
-61
-37
5
-14
-20
22
-39
-38
12
11
-37
-61
-22
-44
-16
-37
-21
-57
-33
31
-32
-2
-41
-53
-44
13
-48
-22
-50
-51
-43
-55
35
37
-21
-30
-63
-24
-16
-1
-3
-48
-15
32
-28
22
-19
-11
-31
-11
-13
-38
28
-40
-6
-14
27
1
-17
-2
-5
-9
-44
32
42
0
-18
-24
-47
-18
-21
-10
52
-32
-15
12
-13
-1
-6
-40
67
-16
-11
24
7
49
-10
-6
-24
-12
-16
-50
-5
39
3
22
23
21
26
1
4
55
27
1
-25
-41
9
26
10
-4
-3
23
0
24
37
45
21
16
19
-16
14
12
33
36
31
11
14
81
-8
-23
8
1
93
47
21
35
61
81
-40
-41
37
56
0
37
52
35
-6
27
40
97
68
47
53
53
122
44
40
68
67
-15
50
1
24
57
45
46
1
92
109
42
108
64
51
26
86
33
68
93
43
29
39
84
23
49
105
67
60
46
46
73
100
43
34
58
33
52
29
60
39
63
69
97
118
72
49
25
84
89
45
40
142
76
89
107
65
100
101
106
95
54
71
96
92
15
41
49
90
106
75
85
55
46
34
117
138
72
83
87
75
100
45
128
68
11
92
33
74
55
95
53
44
53
81
66
77
88
94
84
94
81
88
122
74
80
65
112
145
96
38
52
89
121
117
61
73
50
152
90
115
108
57
59
58
147
105
79
116
12
132
76
142
106
48
114
41
58
143
79
40
116
132
82
61
107
36
84
105
110
69
53
34
136
98
95
31
80
82
111
65
66
102
126
71
139
93
88
22
62
91
95
97
59
29
19
144
55
77
40
79
126
74
63
71
66
106
106
64
46
6
73
76
57
38
84
75
81
124
125
73
41
77
79
119
68
97
101
102
87
133
91
88
76
149
39
80
94
37
59
101
86
71
33
77
94
97
47
79
91
73
30
108
35
75
137
59
70
105
103
71
77
43
63
74
41
46
55
74
124
41
108
66
54
81
72
121
68
132
68
81
28
59
69
128
102
152
101
92
116
89
102
112
95
-11
96
133
52
79
110
97
106
47
94
147
124
174
124
87
134
101
67
68
123
102
78
143
122
118
104
89
33
107
82
112
59
52
24
130
132
88
108
63
89
65
82
46
46
129
126
82
136
99
94
132
117
109
41
62
29
66
156
96
78
45
129
62
88
114
10
91
91
50
107
94
96
29
73
116
90
46
119
142
104
53
114
85
103
96
87
44
95
44
70
61
58
69
112
39
99
85
97
143
60
117
117
124
103
119
46
72
90
122
103
36
63
103
107
93
130
118
106
101
82
82
102
83
64
38
142
90
94
125
158
96
89
55
87
65
102
25
31
79
133
85
99
95
123
81
120
82
101
48
76
150
72
107
103
118
179
80
118
94
160
118
104
71
106
123
122
44
25
74
136
78
104
100
77
65
66
98
34
82
104
134
120
149
101
58
87
138
147
116
26
84
134
113
136
87
65
114
102
80
111
88
120
80
102
117
76
97
28
114
95
50
100
88
98
93
72
95
61
72
60
70
114
100
107
101
137
116
116
138
80
114
153
63
78
104
142
92
100
73
115
93
119
100
119
168
64
98
91
158
135
106
63
133
121
138
109
159
127
109
152
86
147
93
116
119
91
125
150
101
151
120
143
98
124
60
123
61
116
107
96
98
101
124
102
94
127
122
61
146
81
80
111
148
97
54
148
105
74
181
130
56
162
62
92
126
107
148
86
175
92
168
120
99
90
87
100
117
150
86
61
86
86
96
78
107
88
73
158
148
89
92
119
160
31
81
89
92
62
87
146
76
90
157
128
60
108
133
118
100
142
104
101
145
137
56
66
111
107
137
301
78
116
98
32
50
152
104
59
124
133
120
162
95
156
131
113
125
151
88
121
126
53
116
67
129
93
117
156
124
66
124
92
69
72
127
67
100
98
118
144
71
125
154
119
81
113
79
134
149
96
53
81
78
120
60
132
112
132
105
111
170
70
75
99
141
117
75
122
147
94
160
95
120
92
111
78
125
69
62
77
99
104
110
91
127
74
92
107
116
131
84
105
129
108
149
76
72
93
165
91
150
104
118
135
105
157
91
101
72
164
81
126
66
96
57
74
138
113
90
111
106
89
91
80
56
110
131
124
113
135
86
140
99
85
76
109
105
150
79
142
100
125
86
178
81
137
82
112
99
89
134
113
89
119
100
145
144
107
96
125
154
120
105
144
113
126
90
185
119
167
140
16
157
99
170
136
111
114
109
69
74
137
58
21
71
98
109
147
150
84
112
60
66
92
123
104
217
146
100
66
153
99
120
132
110
123
106
14
132
100
120
98
123
138
110
109
138
85
111
128
73
102
144
75
47
120
64
135
122
142
93
80
136
101
129
105
129
108
125
89
162
98
86
84
96
121
77
100
164
120
93
83
129
120
117
117
38
124
108
105
67
98
42
100
164
150
134
153
150
127
86
140
117
90
103
164
109
155
86
84
129
278
84
172
128
120
162
129
123
168
131
130
120
102
49
148
97
108
113
98
174
103
153
97
119
145
98
114
139
160
81
44
118
121
52
75
102
136
120
138
121
130
140
33
136
84
160
137
103
154
167
124
106
114
114
119
156
139
112
119
141
90
58
121
99
141
121
128
104
161
118
148
139
135
172
138
104
112
123
99
160
109
123
139
110
101
115
76
111
138
86
120
124
110
107
141
123
123
166
162
115
147
143
27
99
114
152
107
87
127
137
112
173
127
104
131
109
157
99
191
108
148
100
81
121
147
175
80
89
185
103
178
157
116
49
125
168
80
107
149
139
68
94
143
144
161
148
127
134
137
123
136
39
163
157
87
118
87
89
135
136
122
115
107
135
141
70
113
92
158
111
116
110
130
132
128
114
110
112
90
99
113
142
95
126
156
108
73
102
87
131
145
112
62
134
130
134
129
116
94
144
128
142
114
127
83
102
126
108
113
118
72
123
128
169
140
102
105
138
126
104
117
135
160
115
150
140
92
123
97
173
92
131
95
101
168
128
141
113
126
57
102
131
138
153
123
113
144
99
147
132
119
189
118
71
81
135
109
117
139
114
125
113
51
157
75
158
75
136
118
142
141
159
151
117
138
136
151
82
111
123
56
150
133
117
105
144
153
125
112
99
113
138
145
169
98
133
132
112
117
137
103
123
83
119
125
128
281
80
127
97
168
133
135
137
132
144
152
168
120
156
110
108
73
118
123
147
132
129
104
141
116
95
106
142
80
139
151
134
129
135
99
134
104
85
85
109
98
171
147
137
169
155
114
152
138
104
85
118
58
96
139
96
170
197
127
139
127
132
112
61
147
151
150
124
72
105
169
91
156
175
170
110
111
157
64
113
151
99
161
122
116
108
132
168
121
134
146
66
90
137
100
132
146
101
78
137
124
101
106
131
114
116
113
89
141
123
107
150
77
129
128
136
130
159
122
163
168
147
141
102
142
81
137
157
85
84
136
88
157
140
121
91
127
110
147
86
106
86
152
98
91
158
141
165
177
156
134
103
137
136
78
101
120
102
55
142
119
121
91
82
109
122
165
134
170
136
73
150
184
107
177
151
161
131
122
135
90
78
107
171
103
97
119
134
157
102
132
81
94
157
133
63
124
45
52
181
62
89
127
89
128
129
35
118
152
93
25
73
117
107
143
135
159
132
88
126
158
144
16
104
95
155
115
144
120
166
58
133
88
109
122
109
131
36
115
178
139
119
95
135
106
130
86
127
175
157
134
118
114
132
99
152
127
84
105
113
121
81
121
117
142
132
124
114
124
64
158
138
143
115
93
143
92
106
130
142
145
164
106
41
115
160
167
149
140
122
156
115
188
147
100
55
164
88
146
134
94
123
92
119
144
183
72
114
182
74
87
140
144
111
119
141
155
136
116
127
163
100
97
122
144
128
156
111
143
109
182
133
150
125
151
125
144
117
114
136
124
174
73
126
162
94
121
150
70
117
139
171
169
137
136
99
315
134
154
74
155
93
122
53
116
69
116
148
149
105
134
149
158
156
141
126
79
140
141
156
107
99
79
137
154
162
174
155
117
113
76
140
156
111
80
140
187
107
115
146
176
94
143
113
84
64
77
105
126
50
171
134
142
97
136
95
95
16
93
113
125
100
89
99
97
124
174
95
104
96
96
99
129
66
106
137
89
111
53
57
117
115
98
90
130
147
47
69
89
54
86
199
84
106
71
103
55
90
131
116
119
279
97
115
98
124
109
110
147
127
57
85
136
109
143
72
90
96
137
90
124
115
89
151
29
89
56
84
113
152
117
127
107
96
145
18
96
88
109
115
141
75
97
162
139
122
103
133
122
20
126
131
50
127
76
79
102
179
98
111
66
131
124
121
122
88
95
73
99
122
52
98
113
138
163
109
141
128
154
79
149
120
147
40
104
190
111
118
112
134
100
123
114
93
142
131
114
330
121
48
53
109
81
64
82
156
140
94
301
88
-34
225
116
106
128
118
71
104
122
105
104
119
116
132
87
110
128
64
148
134
98
110
161
139
122
173
81
102
105
88
172
121
128
88
66
165
110
124
127
100
124
108
92
112
48
98
100
101
119
122
114
85
145
115
105
73
256
132
115
178
117
131
70
154
118
136
118
162
173
123
88
163
120
173
121
65
103
