-57
-39
-62
-67
-32
-44
-66
-17
-28
-81
-89
-41
-54
-27
-48
-67
-74
-55
-66
-49
-41
-40
24
-37
-48
-18
-27
-29
-70
-52
-31
-28
-1
8
-36
25
38
28
-8
-11
-36
-32
-14
-12
-5
1
-21
-22
11
-18
-24
-4
-3
-20
-11
-4
-9
-31
-10
2
-14
-1
-4
-19
4
-9
7
4
-15
2
-21
0
-9
-20
-19
-11
-3
-2
-9
-4
-27
-33
-17
-9
15
-11
-13
-11
-18
-6
-24
-20
-1
-27
-9
-19
-43
-54
-41
-55
-64
-29
-47
-35
-55
-39
-48
-34
-17
-33
-55
-45
-55
-53
-28
-37
-34
-48
-33
-39
-32
-55
-48
-54
-51
-24
-40
-69
-51
-36
-65
-38
-43
-46
-87
-26
-24
-23
-50
-31
-39
-39
-55
-42
-20
-30
-44
-20
-37
-53
-37
-34
-45
-54
-40
-47
-4
-78
-33
-47
-18
-58
-57
-68
-36
-39
-4
-62
-45
-58
-67
-25
-35
-35
-26
-29
-63
-69
-31
-81
-51
-36
-8
-13
-44
-44
-18
-52
7
-22
-54
-13
-7
-36
-33
-22
-80
-25
-66
-8
-57
-46
-26
-72
-29
-41
-47
-37
-28
-21
-23
-13
-55
-38
-13
-59
-36
-47
-2
-23
-49
-33
-30
-49
-37
-27
-37
-29
-9
-49
-32
-18
-20
-36
-10
-2
-22
-29
-67
-36
-25
-29
-1
-8
-3
-9
-9
-16
-29
-18
24
20
-34
-37
-9
18
-9
-37
-45
22
-15
7
50
-14
-52
-13
-2
-17
-36
23
-24
-25
-41
21
17
62
-77
-40
4
-20
6
-15
19
46
14
10
0
6
-6
24
29
32
10
23
44
-29
-56
-47
-6
-33
-42
4
-9
29
21
50
-26
34
-34
36
19
26
-19
51
20
-9
12
1
4
13
13
22
0
-9
15
27
-16
27
21
19
-56
42
11
-4
7
4
6
-12
15
-15
35
-2
-6
-34
23
6
28
-21
11
-4
16
27
38
-25
-14
-16
12
24
-27
11
-4
40
-26
-10
-23
-17
-2
-7
2
15
-6
0
-19
-21
4
4
-7
-13
-9
-53
-9
26
-22
-4
8
-70
49
34
1
16
-16
-10
0
-48
8
33
8
-2
87
-18
21
51
-22
-48
-41
21
62
28
45
-28
48
40
-2
14
49
10
-26
19
23
23
12
63
-11
74
58
-57
31
-38
51
54
41
63
-1
19
-1
57
39
19
255
44
58
63
-31
45
39
20
48
-20
18
42
13
63
36
33
73
99
14
15
64
-22
7
-25
40
20
33
17
42
92
19
28
44
-34
8
36
32
86
75
18
30
41
46
62
-13
25
-5
8
11
42
83
39
46
55
38
47
26
4
-7
71
35
-18
15
40
34
70
37
88
24
50
81
53
52
-1
56
42
9
11
75
7
51
25
-19
111
-1
78
100
220
5
50
111
18
3
0
93
76
17
101
21
49
78
40
13
98
-9
-7
52
-5
5
27
36
23
21
21
6
35
3
38
-47
5
70
95
67
37
164
7
58
89
4
50
-32
-2
20
56
-4
93
73
91
61
56
33
67
114
49
10
9
54
84
81
41
26
89
67
5
31
93
35
106
77
88
91
69
88
46
66
33
66
57
34
59
4
83
82
40
59
49
60
45
-4
47
82
59
63
31
59
40
47
59
100
86
47
73
71
79
32
41
87
60
58
49
46
59
31
97
65
122
77
77
73
11
31
30
34
26
24
60
74
-9
55
29
59
6
43
16
34
66
31
54
63
72
108
100
55
108
76
72
29
81
51
56
126
117
99
84
75
48
56
51
55
230
21
33
109
53
51
110
35
81
120
72
25
60
76
91
50
-30
126
89
50
62
63
80
57
12
25
49
61
94
43
6
36
114
58
110
119
80
111
91
96
80
71
68
100
59
68
91
29
79
53
89
74
85
26
35
49
17
31
115
27
97
104
44
98
93
103
58
103
53
62
12
56
3
60
65
25
-6
79
56
45
63
84
48
31
154
63
53
75
36
101
61
36
56
-25
38
56
-11
89
122
53
42
110
71
78
37
100
30
73
47
123
130
93
69
74
109
72
105
104
66
58
88
96
78
61
47
36
95
16
7
53
18
17
15
92
2
57
94
50
150
123
98
92
81
97
83
99
99
48
47
64
56
23
83
106
94
99
47
27
47
110
97
57
78
136
84
43
77
129
65
84
83
69
64
29
52
97
147
61
67
105
3
129
77
92
103
104
57
95
95
113
117
91
53
97
53
100
107
106
58
66
54
40
99
120
138
118
130
109
66
102
56
100
131
114
60
58
58
75
98
74
129
105
103
127
144
89
64
58
120
62
45
67
81
118
73
66
114
127
97
77
131
87
29
118
53
71
111
68
121
76
112
76
122
140
95
58
79
24
86
52
111
121
122
57
81
81
47
13
40
40
106
101
31
8
-38
48
91
65
70
64
53
56
121
22
12
130
9
51
61
-10
46
71
103
75
65
114
61
86
96
56
128
70
115
59
-10
245
85
78
132
87
70
55
91
81
67
136
71
128
102
127
59
66
63
90
86
117
96
47
57
87
65
98
103
87
21
13
46
64
86
116
105
89
81
119
126
104
61
106
224
90
37
140
125
95
138
94
82
88
117
132
82
77
84
109
122
118
105
158
43
95
80
33
90
104
64
138
75
120
121
54
86
117
94
109
77
11
103
134
76
32
63
61
124
95
75
117
102
74
88
62
100
64
105
65
77
105
16
70
54
65
76
82
111
115
64
108
105
72
104
85
65
63
84
94
101
67
72
126
83
58
58
137
116
95
123
105
85
80
66
107
94
106
40
54
50
59
31
61
92
86
84
12
104
62
103
43
39
79
111
69
79
101
85
121
46
28
50
107
90
89
106
102
96
57
64
49
66
114
44
91
68
62
88
61
73
57
105
96
69
143
86
102
80
64
94
118
-3
67
90
47
53
95
129
74
147
26
87
84
91
104
73
102
109
38
80
107
105
89
111
67
37
151
90
94
91
105
136
74
62
102
79
100
140
77
67
84
93
111
75
132
82
109
132
80
85
116
122
99
102
74
68
90
53
101
244
134
170
125
108
140
104
95
146
83
90
37
50
117
69
43
126
127
36
166
78
64
71
87
133
91
101
30
84
77
137
133
97
119
126
39
70
97
93
117
17
126
134
89
52
82
48
127
59
119
139
156
88
101
60
108
115
108
84
131
101
113
134
37
122
66
45
84
70
77
100
66
78
91
58
69
165
49
77
113
83
47
126
66
122
71
86
94
99
86
92
78
113
50
112
99
111
92
69
108
104
117
107
92
109
104
84
69
9
63
83
132
121
118
97
119
80
112
97
78
85
48
134
84
73
59
59
87
69
107
132
46
137
120
108
