-41
-28
-50
-71
-47
-22
-39
-74
-7
-23
-34
-61
-31
-41
-42
-61
-45
-41
-33
-62
-21
-26
-42
-60
-68
-56
-48
-41
-55
4
-73
-42
-59
-35
-48
-48
-44
-38
-45
-41
-52
-38
-41
-58
-37
-18
-57
-63
-52
-51
-53
-47
-38
-56
-30
-45
-66
-66
-37
-56
-47
-36
-3
-28
-30
-31
-64
-39
-47
-1
-46
-58
-30
-57
-12
-28
-54
-13
-60
-48
-28
-40
-33
-12
-23
-55
-48
-45
-22
-38
-55
-20
-68
-10
-39
-40
-58
19
-36
-26
-18
-15
-47
-62
-59
-43
-77
-33
-30
-25
-27
-17
-53
-63
-30
-23
-6
-21
-35
34
-27
-55
-48
3
-25
-9
25
-46
-31
-55
-22
-22
-5
-25
-42
-24
-38
-51
18
1
-71
-19
-32
-22
-36
2
-25
-55
-31
2
20
-63
-21
-58
-39
-13
-51
-46
-57
0
-44
-19
-76
-23
2
-18
-31
3
11
-47
-19
-42
-52
-28
17
1
-67
-23
-37
13
-31
-48
-23
-8
12
-33
-21
18
-11
-18
-48
-17
-1
-4
20
14
-15
6
-22
-4
-20
-19
-14
-43
6
20
38
31
41
-24
1
46
-39
-39
-13
17
-18
21
33
0
19
34
-6
25
51
20
-17
-26
-21
51
-11
-6
17
2
18
-14
-14
41
-1
11
-32
-4
-26
63
-15
-7
-29
-30
-24
-5
-5
-23
31
1
5
-9
-5
-24
-15
-46
4
1
-27
15
-18
26
16
-57
-12
21
1
8
13
-5
30
47
23
-22
-7
-4
11
42
34
24
-41
4
-17
25
-15
4
66
-31
43
14
26
28
13
-14
76
-28
-25
19
-21
42
3
6
40
41
-23
3
-19
10
-33
24
-5
9
15
50
106
42
16
21
35
-8
44
-5
18
-26
10
35
20
-34
85
-7
-1
23
47
-23
24
-13
68
36
-13
26
33
-8
36
48
9
10
10
36
-2
11
-4
22
-37
85
31
-13
35
20
48
13
28
34
-4
69
34
44
83
36
85
33
55
106
12
25
48
2
-16
68
35
35
16
22
52
0
10
43
11
-11
26
31
23
60
31
-16
83
-32
71
35
29
80
-7
20
28
50
3
65
34
74
16
64
106
40
87
44
35
16
60
13
71
37
28
5
32
95
-5
32
16
14
50
53
50
17
72
45
42
59
13
55
-17
14
45
22
-6
91
5
68
18
24
56
17
43
18
69
97
84
59
34
16
19
-31
22
30
74
19
30
8
67
21
33
75
41
-20
29
92
22
54
60
49
59
-2
41
-1
44
66
25
28
50
45
-4
13
72
-16
95
29
72
100
52
62
9
14
62
41
45
34
28
37
-6
68
28
30
50
126
10
89
27
85
62
10
70
28
1
85
69
23
26
19
127
97
37
41
-27
92
97
13
0
94
29
63
43
30
71
22
5
64
47
93
15
21
48
-15
51
60
43
25
11
35
40
26
60
87
98
96
54
-5
68
19
78
69
9
79
58
44
6
71
23
113
44
65
39
53
53
41
82
72
57
-16
38
39
84
43
56
66
51
34
98
21
64
9
55
18
83
55
36
78
-13
68
58
21
47
85
80
10
83
29
8
69
61
39
47
44
-35
55
39
4
34
52
60
54
39
40
64
69
38
95
35
52
54
49
81
67
62
27
34
-24
22
56
38
72
57
71
81
51
56
45
44
102
76
67
62
80
103
9
75
35
53
50
94
25
84
66
55
64
99
33
-20
39
70
-8
96
70
96
98
50
32
64
56
33
80
36
96
20
41
83
20
106
85
49
104
11
-21
29
23
90
65
39
26
46
-2
97
71
96
73
56
34
61
99
58
110
58
53
99
98
81
73
52
101
53
40
69
72
54
45
-2
80
93
39
116
23
96
73
49
24
54
94
105
31
119
69
48
25
35
14
125
41
58
35
104
58
92
75
111
87
91
88
49
45
25
109
2
42
101
77
71
63
52
81
49
56
64
110
86
49
80
59
213
45
75
136
56
108
84
95
81
20
60
95
90
51
80
233
58
90
63
117
86
39
60
72
94
1
77
90
90
56
75
73
68
46
55
98
107
105
95
75
78
97
38
71
57
61
97
47
52
94
91
119
15
47
20
9
66
22
83
59
120
98
70
76
66
88
8
48
19
129
78
135
23
44
97
111
70
110
27
56
127
96
47
47
54
40
45
19
72
64
70
19
96
-5
51
122
82
38
59
57
79
97
70
85
110
62
90
34
77
30
53
107
3
51
-6
92
50
80
57
110
133
47
113
75
102
98
42
69
91
99
84
64
95
94
95
37
109
79
46
66
26
27
29
103
80
97
31
110
83
69
90
70
88
63
34
82
3
98
69
119
85
121
82
100
60
68
88
107
107
59
81
92
97
94
37
59
87
58
120
108
94
64
57
119
92
103
14
50
28
111
60
84
110
34
68
34
42
66
13
115
8
91
102
-8
9
76
67
59
49
79
59
55
