-40
-71
-50
-35
-42
-33
4
41
-22
17
3
-17
28
-11
-4
36
-14
49
-20
-20
-10
4
16
-18
8
-26
-35
-6
-23
-3
-14
-26
-37
-29
-5
0
54
71
30
90
67
93
55
53
3
78
83
21
22
108
93
25
57
85
115
110
7
25
70
61
88
5
72
63
143
62
87
57
86
113
134
42
91
32
48
77
103
118
47
89
70
67
117
80
151
26
136
75
105
118
128
75
86
108
104
110
93
112
82
139
121
28
146
103
179
115
86
115
111
150
137
95
94
72
129
148
197
118
64
77
86
111
105
116
76
84
145
128
117
109
84
157
123
49
114
95
89
155
179
74
167
86
111
74
25
91
122
157
130
64
27
119
80
128
112
66
152
66
87
160
93
94
123
84
49
86
141
181
110
95
92
108
153
172
148
138
105
96
98
118
162
131
133
146
175
143
111
145
129
170
68
128
182
134
105
315
99
129
159
101
