-31
-62
-50
-27
-45
-14
-37
-30
-55
-69
-23
-6
-24
-48
-55
-32
-20
-55
-28
-31
-55
-48
-31
-58
-28
-55
-69
-36
17
-37
-34
-47
-34
-3
-50
-8
20
-13
-40
-39
4
-33
4
-28
8
-17
-2
-21
-10
17
-5
9
30
40
-13
57
28
9
37
20
16
25
54
-3
0
8
24
12
52
-22
28
35
11
-7
18
-3
-6
-4
-17
13
-9
-42
-36
-34
-8
-11
-23
-35
11
31
38
23
-9
19
68
22
87
29
-16
110
-13
62
-12
52
24
50
83
71
76
36
126
3
-28
68
53
-15
66
65
-2
103
-10
92
91
93
19
40
60
43
58
-6
63
35
19
56
71
40
71
31
51
62
-3
46
44
75
68
23
42
41
80
26
74
12
5
34
58
24
32
81
96
40
-5
33
-13
19
-31
66
65
49
76
76
95
50
73
19
67
63
7
-4
38
5
27
-18
13
33
41
62
64
-22
43
25
21
39
57
52
53
50
-7
115
68
50
50
74
19
49
39
41
-5
32
9
32
24
14
6
68
58
37
16
45
36
46
34
5
27
27
12
44
34
20
83
50
50
55
26
-11
34
43
44
4
48
16
-5
14
33
15
59
25
24
13
31
27
3
-4
15
32
22
24
55
23
11
24
56
56
60
78
54
45
69
-1
-17
-16
22
24
20
54
46
31
45
22
12
-5
28
23
24
25
6
-5
19
25
-3
42
39
26
34
18
34
39
29
24
27
14
47
5
14
31
3
12
13
14
38
10
27
17
7
20
10
17
-23
-3
6
32
7
-12
26
23
33
5
29
14
14
16
22
4
5
13
24
36
27
58
55
56
77
57
99
56
55
61
78
96
5
50
33
49
58
66
53
57
70
46
43
62
68
59
42
44
36
42
24
24
20
32
21
11
6
8
22
14
34
22
13
3
8
41
21
44
36
35
23
19
16
24
17
15
19
17
19
11
18
25
16
10
13
28
35
31
27
31
42
55
46
63
42
57
41
16
23
19
37
22
29
29
22
34
23
28
38
57
42
49
41
49
53
37
44
39
42
47
55
71
64
77
86
3
48
45
44
53
66
62
45
64
63
58
61
64
64
75
64
68
50
54
48
63
56
59
80
49
59
59
64
64
71
70
-23
-17
51
41
46
41
40
31
47
34
13
59
39
20
46
66
49
29
43
37
51
61
51
56
37
44
52
71
52
43
55
47
46
46
33
43
47
53
28
57
47
42
57
47
32
49
45
40
35
49
36
60
43
49
57
52
53
40
38
38
29
27
45
29
37
50
30
36
25
22
25
18
27
34
26
28
31
21
23
21
25
38
23
10
20
19
27
20
14
36
-2
46
34
29
44
31
15
43
43
42
22
22
42
36
37
59
36
39
56
53
41
47
38
54
44
59
52
57
78
70
-38
81
-13
61
51
79
57
51
62
56
54
63
37
56
52
36
40
38
49
49
43
57
37
36
30
17
29
26
26
31
22
-2
10
17
10
-1
6
7
3
5
13
-1
3
2
-8
38
9
15
6
19
-5
19
2
6
10
26
21
26
13
21
19
22
12
23
28
31
19
22
17
2
40
17
13
23
26
22
22
11
25
18
14
17
24
22
22
3
27
12
5
-5
29
-1
9
9
10
24
18
36
11
24
32
26
23
30
27
-4
19
38
13
25
38
4
13
16
-13
8
5
15
13
12
-14
-6
20
-6
7
9
25
19
6
29
37
29
19
27
21
13
27
19
32
39
43
44
57
13
34
-14
-18
46
-1
26
19
-13
8
2
1
6
-1
-11
16
6
-19
9
8
15
-9
11
-6
15
4
-9
7
-2
-21
-27
7
-28
10
5
10
3
0
19
9
14
16
-4
0
7
9
2
13
15
17
7
2
4
-6
-2
6
28
12
5
5
-1
10
-19
-3
-16
5
8
13
-2
6
8
7
3
7
1
-6
-2
5
11
6
3
22
4
28
27
23
64
24
49
14
14
32
32
27
40
35
21
37
41
22
67
57
50
53
-33
68
-14
76
-3
59
59
90
85
88
62
66
71
82
88
-16
76
86
86
62
98
63
91
74
77
75
93
63
62
64
77
53
78
60
49
66
65
72
31
56
51
44
55
49
46
42
58
31
41
38
78
61
33
55
43
32
53
40
32
41
58
51
42
63
52
67
44
48
57
52
44
48
49
46
50
45
56
41
16
42
54
40
27
38
32
49
54
25
23
27
66
44
81
63
54
44
45
34
43
29
60
62
62
62
72
68
59
38
40
43
25
21
36
46
55
39
64
84
76
-19
-13
60
50
41
105
61
38
55
41
45
41
43
31
23
50
33
53
45
43
58
55
68
44
43
36
57
40
35
36
33
62
60
52
31
39
55
45
33
54
51
63
