-44
-69
-67
-32
-43
-73
-58
-64
-74
-68
-45
-46
-60
-20
-51
-52
-54
-39
-36
-50
-47
-63
-24
-30
-50
-52
-53
-33
-26
-29
-66
-37
-13
-28
-42
-1
8
23
-32
-33
-17
-18
-51
-34
-34
-30
-42
-1
-37
-40
-6
0
-46
22
-45
-34
-25
-51
-24
-47
-50
8
-5
-38
-16
-46
-36
-11
-19
-13
-4
-22
-22
-6
-59
-45
-18
11
-16
-31
-45
-19
22
5
-6
-16
-33
-16
-47
-29
10
19
11
20
-48
-28
-4
18
-22
-38
-23
-16
-37
-11
6
-26
-18
-9
33
5
2
77
39
-35
17
12
-6
3
36
-3
49
0
38
4
41
21
127
39
96
32
74
17
15
-5
41
51
64
27
-22
64
14
86
38
40
63
7
87
38
7
102
27
55
22
33
82
-4
-7
4
34
29
1
14
2
11
-11
42
51
-7
-15
21
1
12
19
37
5
18
-35
-6
18
79
78
24
12
122
23
52
33
60
114
30
47
66
10
39
59
42
42
56
68
95
38
73
99
57
31
66
137
100
57
123
78
62
60
49
89
46
74
37
61
35
10
37
22
19
16
7
39
36
21
9
120
35
11
54
-4
27
35
-12
30
14
-9
4
-8
37
4
31
30
-6
4
6
38
19
19
-10
-1
35
58
30
50
-15
32
151
19
3
36
50
82
69
23
31
32
-5
40
20
-26
-5
92
35
84
29
58
24
83
42
51
12
41
43
24
26
56
34
68
43
52
88
127
72
43
11
11
27
116
19
33
43
30
72
20
44
88
97
63
105
92
92
85
97
7
49
77
43
-3
79
83
81
29
5
20
44
33
24
8
26
19
55
10
-3
18
27
29
27
80
44
49
29
75
28
70
60
23
13
20
-6
-15
4
19
47
31
93
56
48
67
45
23
44
51
17
129
31
58
79
12
40
36
94
60
46
24
51
27
57
46
18
42
73
44
6
47
59
18
68
17
-28
23
17
43
58
47
53
2
55
34
43
21
55
71
12
-3
42
88
118
41
68
90
72
25
104
12
32
40
76
68
64
75
31
55
36
62
44
69
6
126
4
83
63
53
88
109
119
114
69
76
20
11
-6
9
-8
78
-2
77
83
68
83
107
56
144
75
67
22
3
122
74
73
78
128
101
75
5
25
-3
53
53
57
113
75
66
-19
134
85
7
13
80
129
137
85
77
70
31
51
9
63
86
59
16
52
1
68
96
54
93
129
126
89
17
57
41
105
99
13
118
38
71
86
95
108
80
104
61
82
46
82
85
35
110
47
97
61
109
65
65
86
42
79
77
59
97
48
52
133
63
122
25
67
104
42
5
96
110
76
72
89
30
55
75
48
66
11
25
34
22
90
-24
83
78
104
35
92
53
54
103
153
70
72
103
119
54
82
115
65
104
-17
104
29
-2
-9
41
70
-11
28
4
-2
-7
-27
23
-16
121
0
-6
26
96
51
31
109
49
20
58
64
42
53
100
31
47
83
71
41
8
74
101
71
48
62
64
121
88
79
43
126
51
41
64
53
22
22
17
99
140
72
15
15
11
86
113
98
82
27
75
48
68
42
103
37
39
80
89
90
99
56
49
27
8
76
127
100
86
25
90
31
51
42
48
31
23
50
34
27
48
39
57
10
75
-5
28
75
24
50
57
-1
68
37
49
93
66
90
121
33
63
22
7
2
95
87
-6
42
128
95
62
65
137
72
102
112
51
12
118
112
41
85
62
94
65
79
103
102
31
34
24
43
-27
50
91
60
92
99
38
83
80
26
80
82
64
29
55
65
57
19
56
69
47
10
14
54
54
-4
32
38
79
91
96
37
84
86
60
41
61
77
49
54
43
44
73
35
35
56
46
47
43
32
42
65
25
19
21
12
62
49
77
50
94
54
37
88
68
33
-39
40
-23
67
83
74
130
76
56
74
66
81
55
90
66
46
21
74
91
82
51
66
48
88
92
121
82
43
69
36
67
123
122
95
79
115
31
51
27
-28
37
-10
-20
-35
-8
-9
87
66
30
81
79
82
41
84
67
94
63
12
21
26
31
35
22
16
100
-28
53
97
31
16
35
48
86
34
39
13
80
135
80
57
70
67
2
12
51
-18
7
58
-5
51
112
-8
64
16
16
18
3
4
88
105
173
121
62
78
35
98
73
86
34
-14
113
18
24
110
-9
26
-18
131
-2
75
74
139
94
123
13
111
90
25
52
18
130
53
29
72
27
80
121
-1
-20
-18
39
83
139
84
112
92
16
72
-24
100
83
13
34
58
28
66
0
12
95
-17
-10
101
100
84
95
172
96
58
82
106
118
96
83
59
26
97
70
94
84
49
77
83
39
53
-12
1
130
143
93
88
109
53
25
59
128
72
46
18
44
60
77
117
96
49
49
