-48
-29
-57
-30
-65
-70
-31
-59
-73
-41
-48
-39
-35
-55
-17
-58
-53
-57
-23
-49
-24
-28
-67
-62
-46
-16
-63
-54
-41
-18
-39
-27
-47
-55
-21
-63
-64
-50
-51
-45
-57
-52
-44
-40
-43
-28
-29
12
-59
-19
-31
-35
-7
-66
-37
-45
-60
-10
-37
-37
-72
-43
-22
-20
-17
-21
-37
-28
-43
-65
-47
-38
-51
-25
-65
-45
-15
-26
-14
-34
-54
-38
-45
-67
-40
-36
-12
-19
-28
-45
-40
-57
-22
-18
-41
-30
-35
-8
-2
-8
-50
-55
-26
-26
-26
-52
-75
-68
-40
-50
-29
-14
2
-48
-41
-37
-28
-24
-22
-3
-24
-56
-18
-39
-36
-21
-31
-29
0
-39
-29
-7
-21
14
-23
-37
-24
-18
-14
-54
-57
-47
-9
-56
93
-18
-48
-32
-31
-48
-35
-47
-23
0
-26
-14
-57
-48
-46
-23
1
6
-28
-40
-6
-62
32
14
-37
-49
-44
32
-33
-5
-30
-47
-25
29
-17
-22
-23
-6
-10
-35
-25
5
-33
-40
-3
-23
-63
-39
40
25
-29
23
-54
-53
-42
-59
-13
-30
-10
-14
-40
21
-33
-12
41
-34
-34
-16
50
-14
-6
-5
-5
-53
-29
-23
-25
-36
-18
26
2
-6
9
-51
2
-43
-29
-12
-50
7
-14
17
-40
-41
-28
-11
25
-23
24
-52
18
-8
14
28
4
-31
23
33
15
-37
62
8
32
-21
-25
65
-12
4
-29
-8
37
-19
27
6
-33
33
-19
-46
-19
21
-33
-14
1
-31
-16
-2
58
0
16
18
7
12
8
-8
4
-11
-2
7
-24
48
1
21
15
-21
26
-39
-23
-19
29
54
-24
11
-14
2
35
11
11
-35
-44
-5
14
18
26
-27
47
-43
29
11
27
-22
11
12
-24
13
17
3
22
26
22
14
30
39
20
0
-36
-11
14
12
14
-10
18
0
-12
51
23
3
25
59
158
-19
34
-5
1
69
8
9
47
23
-4
-13
27
13
21
17
32
36
-29
32
42
-15
7
57
-2
41
68
3
32
9
9
-10
23
23
20
24
7
9
1
-39
43
29
80
30
10
13
58
-13
-24
60
-1
38
30
60
-6
50
31
21
-7
-18
-9
16
65
42
32
-4
-35
0
47
28
73
-21
28
41
27
25
7
62
-7
-16
-18
4
18
49
2
26
53
23
5
19
40
14
-7
61
68
30
26
68
31
41
-4
28
4
34
27
-16
-34
38
73
32
-6
-15
40
8
36
-30
40
43
35
29
50
40
8
27
11
-5
19
95
73
5
21
24
83
7
89
40
-5
52
45
40
47
37
88
86
25
49
16
37
13
-3
89
87
48
57
40
24
57
2
10
32
50
97
21
59
36
13
44
3
-44
3
22
24
-4
70
53
36
69
46
38
76
-5
47
50
-20
15
56
55
51
31
27
-21
4
31
42
49
86
56
74
48
37
55
53
67
29
3
59
44
71
27
-5
1
10
13
14
25
95
65
21
32
30
-21
61
68
49
32
16
-13
-9
56
43
32
44
13
81
24
28
43
3
76
13
10
10
45
90
13
56
3
-12
49
51
-2
49
64
88
64
63
60
41
18
35
25
33
13
30
53
89
16
46
-4
-3
67
38
8
43
17
16
56
10
89
16
57
68
94
-10
37
7
33
35
66
78
36
98
32
98
54
22
53
4
67
-25
105
5
20
-2
47
54
3
-2
14
48
20
-19
30
39
49
88
16
53
29
28
49
33
86
12
44
26
99
33
35
29
-4
61
-1
72
41
111
57
17
68
-3
51
53
16
6
44
70
39
107
46
31
70
61
-5
69
118
68
30
58
38
36
61
41
72
-8
82
56
44
78
59
27
-16
18
78
60
83
52
41
64
83
33
21
10
106
-4
7
50
33
76
97
81
82
63
40
57
8
50
32
16
0
47
59
42
32
60
75
57
15
123
-8
41
14
-1
26
30
33
53
28
30
105
5
49
53
65
13
2
72
103
41
16
44
-12
88
13
104
44
71
13
11
2
105
88
27
75
0
48
8
85
57
87
75
7
85
36
-10
29
65
76
17
94
68
65
68
25
64
69
57
31
36
87
23
59
116
56
70
64
69
44
75
33
25
44
