-58
-20
-79
-61
-34
-58
-53
-48
-32
-68
-77
-38
-62
-67
-60
-32
-70
-78
-38
-76
-77
-24
-64
-52
-56
-1
-47
-22
-12
4
8
-8
13
-33
-9
-6
-24
-4
-12
-22
-22
-12
-17
-5
-18
-8
-28
-6
-4
-26
-28
14
-17
-21
-14
-1
-21
-30
2
-25
-23
1
-30
-4
-24
-21
-1
-19
-19
-16
-15
5
-14
-29
-3
-1
-4
-16
-15
-3
38
-2
-14
-14
-12
8
1
-19
8
4
0
-1
10
0
-7
-16
0
-16
-1
-1
4
1
1
9
10
-15
23
-12
-1
-11
21
16
-11
-17
-5
-3
-34
-26
-15
-13
4
-13
0
22
-20
-6
-14
-11
-6
-8
7
-11
6
-10
-34
32
-15
5
14
-14
-3
-1
-8
8
29
-22
10
-7
-7
8
4
-3
4
-5
9
-5
-3
-17
2
-9
-14
10
-10
2
26
-5
4
8
-16
24
-9
-5
13
0
12
5
31
1
5
-10
-20
-6
20
-10
-6
-15
-13
3
4
2
-9
3
21
-23
14
18
-1
-22
-5
-12
-9
-14
0
-17
46
-8
-1
-7
0
-27
3
3
2
17
6
9
-2
4
-5
22
-25
10
11
-19
25
14
-15
9
10
32
-23
23
3
-12
8
-5
-14
3
-10
22
-12
25
-32
12
23
10
-1
30
0
33
41
18
-7
-2
11
10
33
10
-1
-4
12
6
45
2
-20
-8
7
-13
52
26
4
-7
10
-4
50
36
35
9
-25
26
3
18
66
13
23
4
-4
-23
-27
10
31
27
27
-3
8
16
-9
-7
-3
-19
41
15
-35
5
-10
-18
43
-15
-1
-1
25
-11
36
5
9
7
-1
14
-1
38
-15
13
17
11
-18
0
-12
9
-11
3
8
-14
55
-24
52
6
41
21
38
40
-6
13
40
-4
5
-2
5
9
2
78
-13
-3
39
18
20
-18
6
38
-13
11
-7
40
28
41
20
30
42
53
6
5
22
8
-6
33
54
18
39
12
60
45
69
50
28
18
19
45
66
33
11
32
45
36
15
17
91
27
61
59
78
1
78
67
55
53
53
85
11
60
29
-16
63
23
31
36
31
76
47
85
53
47
54
2
62
21
33
56
60
55
64
96
91
68
23
26
7
44
91
33
45
34
-2
55
7
23
-7
89
-19
54
36
66
90
39
35
19
43
39
53
52
18
19
15
-7
-30
53
17
20
52
38
57
52
29
35
23
47
27
29
26
50
43
36
87
24
80
69
81
23
88
64
68
2
42
25
80
53
34
59
15
80
78
51
68
66
62
75
54
46
53
38
40
78
24
22
52
-2
34
59
29
34
60
57
54
43
24
-6
42
32
17
61
4
50
81
48
25
58
64
81
63
44
64
78
30
17
32
31
94
19
25
57
89
81
100
64
65
64
40
66
6
17
58
63
69
41
45
58
59
39
35
37
78
54
77
-1
82
93
70
35
43
73
6
33
64
80
60
90
101
98
46
64
49
35
33
66
69
73
76
49
47
62
74
7
53
59
-1
44
75
53
31
41
45
22
68
20
57
57
28
88
23
60
50
48
77
56
66
95
77
76
96
64
49
60
64
108
66
65
51
71
66
72
75
73
20
79
111
100
90
68
16
89
79
77
86
46
41
17
68
114
79
85
83
71
100
111
76
87
55
74
57
89
42
15
56
97
82
41
78
105
78
76
83
70
45
73
60
73
49
79
40
88
24
51
77
69
34
63
88
70
75
65
76
59
54
45
30
56
71
54
79
98
41
58
63
65
4
70
58
56
102
28
54
76
62
40
21
53
85
76
59
26
88
64
54
69
82
68
64
59
60
82
64
-2
4
-25
66
29
82
41
89
71
12
17
19
69
60
1
31
59
62
54
77
38
48
42
76
39
72
61
66
64
34
45
13
48
35
71
27
16
51
64
81
105
56
57
69
73
55
34
74
59
59
63
28
23
61
66
57
70
28
67
63
48
28
24
72
37
17
61
18
89
35
85
59
29
4
73
63
30
35
85
49
62
30
83
13
74
28
12
5
64
58
34
56
35
45
16
65
78
41
22
34
42
50
-10
51
77
71
48
55
47
68
30
70
7
32
76
80
29
47
50
71
57
60
76
81
54
65
31
44
45
73
115
67
51
30
61
34
47
26
47
75
50
54
47
68
86
50
75
88
86
47
71
49
46
11
71
22
31
39
58
11
22
43
48
43
64
70
75
29
60
76
20
38
56
55
56
67
77
34
43
80
74
73
42
63
38
78
58
83
13
58
50
47
95
34
75
86
51
29
25
38
11
63
38
2
64
-22
-26
22
50
18
71
86
45
29
45
29
46
8
82
43
-3
48
20
-14
23
48
30
50
38
62
32
27
26
6
43
54
64
51
58
-1
32
70
76
35
33
95
70
1
60
38
71
35
79
30
28
40
55
81
66
40
65
46
54
62
86
37
22
54
33
18
53
32
19
80
58
51
60
72
45
62
57
46
31
61
64
49
61
54
25
52
37
61
47
50
62
26
62
25
3
49
55
75
50
87
70
67
53
63
56
12
72
55
52
12
80
18
70
47
20
59
41
61
42
68
14
46
49
-13
26
49
84
48
47
69
44
53
58
46
-15
56
82
16
50
50
69
38
63
62
52
26
60
21
55
43
61
49
60
75
61
41
88
81
71
76
39
39
49
42
51
31
59
114
54
50
78
82
61
41
23
12
54
73
30
33
29
70
43
57
84
38
33
56
45
61
52
90
65
68
98
27
61
44
67
52
72
59
59
45
49
40
69
75
51
9
26
40
33
32
57
72
48
58
85
80
69
61
50
58
68
41
60
89
66
46
58
23
77
72
71
65
54
65
69
45
49
65
50
36
59
54
53
64
82
75
22
70
62
66
57
39
27
78
81
62
27
48
61
44
49
73
46
40
3
44
25
23
66
48
57
68
57
45
51
55
71
27
68
75
41
92
48
83
23
50
32
43
56
30
68
20
74
74
17
73
45
72
31
77
67
27
65
53
81
48
68
65
57
54
74
62
75
58
1
50
37
36
50
64
36
54
101
27
54
32
60
40
25
71
31
57
95
61
74
-7
79
50
41
79
67
58
77
33
81
62
22
28
40
28
45
16
77
43
43
75
60
35
66
100
95
66
56
47
65
18
66
40
71
81
44
71
21
72
62
81
52
14
65
58
47
40
72
20
63
50
70
86
66
34
95
85
8
66
76
51
49
27
56
78
55
69
57
51
74
76
67
60
53
54
87
36
55
58
27
91
60
67
45
69
42
27
81
47
73
45
44
69
51
73
46
119
60
80
75
62
73
51
56
37
88
42
22
66
85
33
74
50
67
27
66
28
56
79
90
27
52
39
43
80
66
76
69
26
52
36
90
22
84
33
92
32
64
23
77
89
68
31
62
54
1
56
98
50
65
89
65
46
44
65
