-29
-32
-65
-33
-72
-46
-60
-47
-76
-51
-11
-55
-54
-51
-28
-48
-28
-60
-26
-56
-41
-20
-53
-16
-59
16
-48
-31
-37
-41
-52
-24
-39
-50
-57
-40
-53
-19
-54
-20
-67
-50
-59
-46
-69
-26
-47
-51
-35
-29
-42
-69
-30
-53
-48
-51
-26
-35
-56
-42
-28
-66
-55
-37
-50
-41
-49
-60
-56
-52
-36
-11
-64
-46
-55
-33
-48
-22
-52
-17
-41
-35
-29
-73
-47
-46
-55
-54
-61
-41
-28
-55
-65
-61
-44
-22
-37
-41
-24
15
-55
-48
-51
-48
-58
-7
-38
-18
-50
-50
-52
-57
-13
20
-61
-5
-21
-17
-27
-29
-20
-44
-17
-17
-18
-33
-45
0
-17
3
9
-28
-23
-38
-52
-38
-38
-26
-8
-54
-43
-61
-43
-45
-55
-20
17
1
-15
-60
-4
-39
-19
-59
15
52
-25
-45
-22
-27
16
-11
-8
-7
-8
-27
-12
0
-43
-48
-15
-23
-29
-29
15
-20
-3
-51
0
-15
-6
-33
-37
16
-42
-42
-3
-12
35
-61
-23
-3
1
-35
35
11
-27
13
-54
-32
-43
-14
-38
-6
6
-16
1
-47
8
-17
-17
-23
-32
3
-46
-7
-49
46
-23
-23
-52
-34
38
-7
-28
-18
-2
-16
20
-6
-17
-17
-5
25
22
-16
29
6
-39
-48
36
32
-4
8
-25
40
-23
-12
24
-6
-19
-19
31
-50
31
17
-11
-12
-35
-56
-28
65
-12
1
-15
40
-5
2
5
71
44
7
-31
-27
51
-37
20
15
20
-10
54
-19
-4
35
-10
55
10
-9
-56
38
-38
3
-39
24
4
1
73
31
-12
18
28
13
-11
-28
41
-1
-80
25
-4
11
-2
9
47
33
27
-8
35
16
12
18
1
4
32
-2
25
-8
11
21
16
45
-7
59
-25
1
-13
-47
2
7
56
66
40
13
10
-3
18
1
-14
-37
11
38
22
25
14
28
21
-24
6
-11
25
23
-1
12
25
-32
-25
0
21
-1
3
-11
-42
17
36
-5
64
22
-31
-1
-6
-12
18
32
41
-14
44
31
38
27
-11
45
29
-1
0
-14
0
29
-5
27
9
13
28
17
3
46
31
47
-17
-3
14
52
-14
11
59
8
13
50
1
17
24
8
-34
-41
38
35
6
-1
50
11
0
-31
-16
-6
-19
-24
18
49
-10
-20
18
23
9
46
-31
-16
23
57
-32
1
74
-23
50
0
-3
26
-31
19
14
16
27
17
58
40
81
11
69
14
26
64
-26
2
7
-14
33
11
29
5
-8
6
43
61
49
24
-38
29
18
2
0
25
-19
22
58
-14
24
23
-28
30
19
61
20
21
77
42
28
-17
64
116
-19
55
-16
-2
39
9
46
33
45
16
30
35
36
20
45
60
56
47
51
-32
50
77
39
95
42
-22
-4
48
41
43
47
35
17
48
-27
34
72
35
67
58
70
-14
34
-7
86
23
1
7
-2
66
67
29
18
50
24
58
42
27
89
8
84
60
72
82
18
53
91
3
59
30
32
46
57
17
54
24
-25
134
24
48
82
48
51
8
-3
93
66
56
22
93
28
79
46
51
39
57
65
66
76
43
-26
18
62
-2
20
59
82
58
71
27
-33
57
70
66
73
19
46
56
42
55
17
30
27
61
55
84
61
17
54
24
27
30
67
43
27
50
-5
71
96
66
54
31
-4
34
26
37
29
2
31
74
90
55
16
40
0
52
91
10
37
49
23
-11
80
27
12
48
22
67
32
43
46
4
90
15
47
3
25
12
82
47
50
11
106
78
24
12
23
4
37
82
60
44
53
51
32
104
58
35
23
55
127
31
67
91
106
20
18
99
38
36
54
53
51
40
10
13
59
30
27
29
13
0
67
41
66
81
81
58
80
66
55
88
29
70
2
49
65
84
67
53
23
4
57
111
28
46
57
112
43
28
110
17
104
50
48
68
12
47
76
83
32
57
34
-14
61
33
16
74
24
44
64
90
2
21
41
73
70
44
11
13
13
111
92
96
48
104
107
37
25
77
11
116
34
74
77
76
24
76
53
63
20
64
46
56
24
84
40
67
38
53
53
32
69
59
6
15
86
129
32
33
71
67
76
45
20
63
38
61
57
103
57
90
53
39
29
18
35
93
95
5
13
44
56
45
-1
33
27
-18
29
44
111
67
76
100
27
61
91
44
11
53
