-58
-17
-77
-32
-45
-53
-36
-21
-52
-61
-46
-51
-66
-22
-65
-82
-46
-56
-39
-15
-23
-22
-36
-34
-52
-50
-73
-37
-69
-47
-22
5
9
-18
-36
-8
-39
12
4
6
1
-5
-7
-8
-21
0
-10
6
-25
10
0
-23
-15
-18
9
-16
-17
-1
-27
-15
-26
-4
3
7
2
-16
-7
-12
-15
-12
26
-8
-6
-28
-8
-7
3
30
-4
-33
8
-31
-6
-12
2
-8
-25
-17
-12
-8
-3
-8
0
-7
-26
-11
0
-5
-15
-20
-1
-19
-10
-25
-11
-6
-10
-24
-5
-13
-5
-26
-9
-25
-8
3
-17
-3
-18
5
-10
-18
-18
21
23
-11
-17
-1
-1
-17
-27
0
-19
-13
-25
-10
-9
9
25
-15
0
-19
-23
4
-17
-16
-16
-17
-29
-5
0
-23
-35
-6
-19
-9
-8
-11
-34
9
-18
-21
-31
-10
16
10
1
-21
-3
-26
-11
-28
16
0
-11
-20
-29
-17
-8
-19
-10
1
-21
-17
-4
-17
13
-8
-5
-15
-16
-32
-8
-10
-7
10
1
-9
-2
-31
-18
-5
-7
-7
10
-20
7
-35
-24
-8
-31
7
-18
-3
-9
-6
-9
-27
11
-14
-28
-22
-12
-33
-26
-13
-17
-36
5
2
-13
11
-11
-16
-20
-3
-6
-13
1
-9
7
-29
20
-21
14
-10
-18
-30
52
3
-13
-5
-25
1
47
-19
-2
21
-8
42
-20
-24
-16
-9
7
5
-15
-14
-18
31
-31
6
-18
4
25
-9
15
-17
7
-14
-12
15
-27
69
-21
-6
-13
-16
16
-26
-27
-13
-29
-4
-9
54
48
51
72
59
63
-23
17
30
61
9
65
-18
102
36
49
63
62
69
45
48
46
39
48
34
47
48
49
45
54
38
47
60
54
31
34
21
15
40
38
49
48
12
58
35
45
17
59
70
15
26
26
7
26
29
41
4
56
32
32
54
-4
83
70
65
34
39
11
40
16
21
49
3
26
69
26
48
64
47
42
53
22
64
20
20
12
15
63
48
42
12
42
15
34
69
33
67
14
18
51
1
59
48
60
12
7
19
34
-12
22
36
51
-5
44
-23
18
26
-5
55
16
16
-2
39
7
53
43
20
44
16
66
-18
55
48
-11
50
17
-23
27
23
43
55
42
19
68
55
62
44
68
45
66
27
51
36
58
94
57
64
61
49
57
69
29
33
64
59
74
98
61
16
9
10
37
63
76
35
70
-6
75
82
44
23
11
57
54
76
83
62
42
80
24
101
36
142
99
-7
38
10
16
85
55
22
26
0
17
97
-6
30
4
-16
6
27
-6
-13
-16
2
85
-30
97
-7
39
-11
51
120
68
123
78
106
35
116
104
85
83
130
85
105
88
115
28
29
20
61
65
61
52
50
36
76
58
52
69
82
100
69
109
39
112
25
96
127
70
48
63
12
106
26
-32
67
54
94
39
93
89
73
87
5
122
117
83
84
110
96
49
50
69
62
93
21
145
93
75
44
108
58
119
93
46
85
66
68
51
102
82
91
119
21
95
128
91
67
117
10
45
79
52
81
4
109
87
64
50
4
46
86
51
85
62
53
78
62
71
62
68
117
77
97
122
46
108
116
115
48
103
109
69
50
70
84
83
111
80
89
89
91
50
145
101
89
75
88
123
20
-2
84
72
76
37
133
102
55
91
109
19
100
138
130
112
104
125
124
47
94
121
101
159
116
28
103
131
104
82
85
62
91
67
123
91
97
128
27
82
109
99
144
99
100
139
105
25
118
70
85
111
137
40
87
76
140
94
76
113
98
103
98
140
83
98
83
99
86
73
62
96
100
69
11
142
74
118
102
88
74
90
84
154
87
138
115
69
120
44
117
33
53
86
99
113
99
58
88
97
89
125
109
130
44
100
85
104
127
110
114
72
153
31
133
119
97
107
70
78
87
124
120
97
142
72
75
152
100
78
73
68
44
120
138
7
131
90
58
90
102
83
134
123
158
90
118
98
124
75
84
119
129
68
117
100
62
62
92
128
117
120
86
121
125
80
166
84
68
146
108
42
31
165
68
157
69
120
87
43
89
92
89
88
141
74
95
152
123
66
123
123
98
167
105
140
78
110
91
151
94
129
151
108
144
150
81
87
115
97
62
97
82
108
132
68
88
130
124
105
94
40
101
122
121
125
84
80
134
145
128
98
37
156
100
109
90
134
99
121
94
90
114
83
82
115
134
104
108
133
75
229
103
124
175
110
105
76
133
121
118
109
129
54
124
102
90
122
69
147
136
78
42
65
160
94
127
120
86
111
78
130
83
108
67
105
86
106
75
133
160
79
134
133
140
122
113
121
118
97
124
102
136
129
96
102
102
91
84
105
104
88
167
66
144
120
139
77
93
121
138
110
94
70
87
62
100
79
83
79
87
110
141
109
75
105
81
123
93
114
40
71
161
85
139
127
127
86
109
103
80
138
35
79
113
120
77
168
80
86
155
128
73
136
166
73
86
168
128
83
124
86
78
97
119
176
63
69
81
44
81
129
103
68
52
108
148
138
67
56
98
133
117
157
117
147
102
120
38
100
132
153
118
179
135
147
77
128
107
109
131
169
118
122
182
114
87
89
108
104
111
149
128
122
138
142
85
64
173
101
84
91
103
110
116
123
116
51
89
129
89
136
98
93
118
77
109
134
89
108
57
82
76
104
145
77
123
148
63
172
168
115
155
122
79
93
84
58
87
142
130
103
130
142
131
165
152
136
128
105
108
128
102
121
41
82
85
46
157
53
82
130
170
127
39
124
100
89
67
102
82
101
115
149
144
66
161
59
117
79
105
223
76
99
81
105
117
157
94
23
125
133
108
130
117
124
128
111
52
114
85
125
156
96
109
99
118
116
157
121
74
131
134
157
117
166
93
96
126
158
145
84
105
169
118
121
45
104
97
81
106
117
155
97
66
151
134
78
131
108
143
105
113
108
81
156
116
