-46
-60
-58
-77
-16
-42
-37
-16
-62
-68
-25
-54
-15
-39
-69
-59
-27
-67
-21
-36
-53
-50
-41
-63
-58
-53
-50
-67
-44
-18
-23
-57
-51
-42
-34
-56
-56
-50
-27
-62
-66
-54
-59
-34
-23
-52
-51
22
-52
-15
-34
-49
-71
-72
-61
-54
-13
-46
-41
-57
-21
-68
-58
-73
-51
-41
-21
-35
-39
-40
-59
-58
-50
-27
-47
-25
-33
-58
-40
-16
-45
-43
-14
-54
-30
-47
-57
-34
-52
29
-68
-37
-46
-34
-50
-20
-17
-25
-54
-24
-31
-55
3
-26
-29
-61
-51
-16
-44
31
-55
-54
-54
-32
-52
-38
-45
25
-29
-60
-35
38
-50
-33
-46
-32
-11
-29
-52
-53
-50
-48
1
-48
-3
-5
-74
-40
-5
-15
-28
-22
-41
-58
-57
-7
-40
-42
39
-2
16
-18
-38
2
8
-17
-31
36
-7
-24
-30
-10
-68
-30
-59
-44
-54
-44
-7
-9
-30
-17
6
-54
-15
-3
-30
17
13
-17
-21
-74
-51
-21
-38
-7
-46
-36
-6
-27
-4
-10
-13
33
-51
-47
-16
37
-26
-5
-28
-22
38
-33
-21
10
-2
21
-20
14
0
3
30
-43
-31
14
-17
-24
14
-2
6
-20
21
1
-16
-45
5
-4
59
63
-17
-17
24
-29
-45
-49
-25
20
4
13
-21
-9
35
-33
-28
-46
-24
-13
-8
27
-45
8
38
-8
15
-33
-55
20
0
-14
-3
21
-14
-10
9
-40
49
-1
-10
-32
20
38
36
19
17
-27
-38
65
31
-20
0
-11
-8
-26
18
35
-5
30
-6
49
70
38
30
16
-11
-18
70
1
12
23
4
-2
33
-17
7
-62
-49
4
25
-22
4
16
17
17
6
35
29
0
-5
-7
-28
27
-3
4
36
17
-14
30
21
55
55
39
65
-10
76
-4
-46
20
31
-15
-21
17
1
52
18
-1
6
23
18
-22
2
74
18
41
44
41
51
7
48
34
27
-9
-48
40
49
49
-9
15
66
20
1
27
69
49
35
13
82
59
-9
15
22
86
-5
27
12
-8
43
45
191
34
72
23
62
21
44
33
74
66
-21
49
27
37
6
43
70
41
-8
12
59
60
35
65
29
31
36
-1
37
89
33
23
18
7
-16
39
56
12
24
32
16
20
40
30
90
-28
13
-8
44
79
-19
90
75
29
13
24
43
-21
1
45
48
84
70
56
20
78
5
46
24
63
80
85
41
93
6
-4
32
40
73
-7
10
2
60
55
-21
88
21
45
75
30
-11
67
72
69
15
-21
10
54
94
89
103
-9
106
5
45
-1
14
45
-11
41
27
80
125
81
95
29
106
49
10
21
13
102
55
12
39
56
60
26
39
-31
19
52
91
37
6
93
31
7
55
52
90
35
49
16
24
57
44
99
47
27
37
34
15
84
9
29
39
15
-12
15
38
82
80
80
3
11
53
61
38
2
28
58
15
73
47
34
64
42
55
46
66
-27
30
83
87
44
3
5
64
81
43
38
45
18
5
47
118
20
59
64
27
52
24
25
103
66
13
56
25
85
65
94
89
14
69
-1
8
106
8
129
81
43
24
7
114
100
-16
22
22
105
41
0
36
77
85
62
22
87
66
30
37
48
87
106
70
94
69
86
82
41
16
-22
32
125
58
66
65
60
105
37
87
55
81
2
20
24
66
87
57
56
15
62
59
20
96
105
59
73
50
33
25
63
76
60
43
73
74
25
107
48
88
98
16
43
120
94
69
102
21
44
122
38
116
-1
25
30
-23
54
38
78
99
59
106
20
28
39
13
53
41
73
23
70
59
72
110
89
59
73
49
38
32
76
93
25
87
57
80
58
50
114
112
82
43
19
39
56
70
53
58
82
30
67
87
51
100
59
86
74
31
62
74
3
144
57
33
101
93
30
33
-1
64
85
2
58
-17
98
53
32
62
71
73
32
31
59
100
77
3
86
104
41
38
125
20
34
107
111
75
94
61
41
40
17
74
-22
44
24
22
51
107
63
16
31
87
18
68
73
66
49
49
58
78
104
41
68
72
39
53
34
53
92
52
111
-9
124
-9
58
51
44
