-35
-61
-42
-57
-49
-36
-47
-53
-52
-50
-46
-34
-49
-58
-56
-57
-49
-48
-46
-35
-56
-40
-37
-52
-44
-46
-53
-41
-35
-52
-50
-44
-31
-40
-37
-44
-36
-49
-50
-44
-35
-30
-36
-24
-24
-35
-26
-24
-30
-39
-52
-35
-36
-36
-26
-44
-46
-35
-34
-34
-41
-42
-47
-31
-39
-33
-45
-48
-36
-36
-37
-26
-44
-39
-25
-6
-46
-42
-30
-41
-30
-42
-26
-14
-36
-29
-24
-30
-18
-38
-36
-31
-23
-25
-31
-45
-48
-34
-9
-13
-28
-21
-24
-22
-24
-27
-22
-30
-27
-18
-9
-13
-20
-22
0
-28
-32
-18
-13
-38
-30
-27
-11
-2
-9
-23
2
-20
-40
5
13
0
-5
-23
-18
-17
-3
-12
-9
-4
-11
-6
0
4
-15
-15
18
-10
-19
-4
-16
3
-4
8
3
-13
0
-1
2
9
0
-1
6
7
12
2
22
23
27
33
6
3
14
28
26
0
0
32
1
40
12
9
24
36
36
35
26
13
33
49
8
15
26
45
13
9
36
36
47
50
18
74
42
43
31
2
25
44
33
32
30
43
25
37
32
35
48
36
36
54
60
53
54
51
55
41
47
30
46
66
65
27
45
70
69
34
76
59
36
37
67
21
48
42
39
58
69
64
47
47
57
57
51
44
53
59
66
42
60
71
60
63
63
35
44
50
50
57
54
52
54
55
75
87
58
58
80
55
65
57
51
78
76
89
88
61
73
32
55
63
78
65
54
75
68
78
67
87
71
90
77
64
83
85
88
91
75
79
76
87
78
54
62
61
70
74
71
61
73
71
65
65
66
61
82
97
76
95
57
89
68
80
78
54
79
67
92
102
80
78
84
57
108
61
92
75
65
49
82
82
101
92
95
63
83
81
94
81
61
77
71
100
103
75
81
82
89
70
84
69
58
89
80
86
97
42
80
85
84
77
77
59
68
93
75
43
81
96
98
88
88
89
71
81
90
76
97
87
50
68
80
100
71
80
98
94
73
101
101
88
105
77
80
94
76
86
96
63
70
106
74
72
71
80
77
57
76
84
87
71
95
79
88
76
97
77
90
60
121
77
89
113
81
94
89
82
77
63
83
93
92
87
87
123
77
70
86
80
75
96
89
90
82
104
86
88
72
92
126
123
86
115
88
111
86
100
78
90
102
105
103
70
95
103
101
92
105
59
107
95
115
77
102
113
82
107
107
93
82
98
96
95
93
99
114
90
94
98
95
109
108
84
96
116
89
119
92
89
122
88
107
95
109
88
98
57
98
86
80
110
121
105
115
105
94
97
94
74
128
102
102
92
124
88
83
109
96
80
115
114
96
96
73
94
92
110
108
96
108
106
86
67
110
72
106
97
87
84
94
102
68
96
88
82
82
114
86
89
100
102
111
84
72
94
107
103
76
92
74
84
76
89
78
110
102
107
111
100
127
106
104
103
112
104
111
94
98
105
98
101
103
116
96
103
106
80
124
106
99
95
77
84
90
107
113
101
92
126
110
113
101
103
85
108
98
86
108
127
93
79
105
119
92
111
78
108
83
95
114
104
108
114
110
132
114
100
109
123
78
113
89
97
108
110
96
86
93
135
103
102
98
95
101
105
90
83
113
105
103
90
128
112
90
90
113
102
117
94
101
107
118
76
115
97
119
102
87
99
88
134
95
118
112
116
90
94
120
115
109
103
97
89
117
103
97
111
144
99
96
101
119
108
108
129
99
125
94
91
112
109
104
107
116
113
95
110
132
107
94
104
85
115
130
112
96
148
120
124
113
105
105
108
125
106
112
111
112
103
88
119
102
122
103
96
109
127
99
90
128
119
110
128
99
134
105
92
108
97
106
115
110
86
100
142
112
83
108
111
87
130
94
97
88
128
103
110
109
128
95
102
86
109
110
101
104
96
140
103
144
94
104
97
102
92
120
127
154
120
98
99
108
111
98
78
106
132
106
109
104
118
138
91
93
93
121
87
140
110
73
105
151
102
121
132
110
86
117
73
121
111
110
104
73
104
112
90
114
165
73
108
116
91
61
116
99
93
107
127
109
132
105
95
116
110
117
126
91
114
114
109
117
110
115
104
108
119
103
118
126
91
111
100
110
82
119
121
123
121
87
115
110
111
101
154
88
116
117
100
102
93
126
122
116
110
96
103
97
112
132
113
98
99
132
109
94
123
135
93
129
92
125
112
123
100
130
118
95
72
122
105
101
116
110
98
94
116
121
112
106
108
118
79
127
113
89
131
121
125
116
107
126
111
101
103
110
142
108
122
93
119
103
98
85
121
112
121
110
96
117
125
122
117
87
98
110
113
113
130
78
121
96
99
89
90
94
110
110
118
117
127
112
138
125
120
98
100
129
110
113
122
131
122
115
107
148
124
125
103
118
131
117
121
122
113
109
106
109
127
138
83
111
100
138
116
101
111
85
93
117
139
90
98
112
100
96
111
116
122
118
85
92
114
111
109
138
125
97
81
139
108
114
107
127
155
126
100
145
116
105
121
141
121
95
110
111
103
121
129
96
112
101
92
103
83
110
126
112
109
114
122
126
106
117
100
116
118
96
105
128
110
109
104
92
111
94
106
103
118
114
96
114
93
101
106
89
124
85
113
118
97
98
119
114
142
99
123
110
134
104
96
115
121
82
128
141
128
91
102
107
153
103
135
102
125
116
103
119
108
123
122
103
126
100
112
124
127
124
117
112
110
127
114
115
137
114
119
144
122
105
103
108
117
97
127
129
150
117
105
146
108
133
128
143
111
131
109
123
117
123
111
106
119
95
116
172
120
109
100
143
152
93
113
134
131
138
105
100
123
107
101
119
125
124
112
123
98
128
115
133
115
116
127
127
125
123
123
94
101
108
126
96
134
109
119
143
134
118
110
142
110
124
90
107
116
114
134
100
115
127
109
120
102
93
100
123
123
128
128
90
119
119
109
120
127
151
91
90
111
110
145
138
96
130
123
139
108
118
120
91
89
136
108
110
142
134
106
126
117
115
125
100
115
91
108
125
129
120
113
108
131
124
102
138
94
109
107
111
109
117
120
138
112
104
114
102
116
107
106
104
100
108
128
117
118
145
131
116
106
125
97
118
135
131
113
118
118
135
114
137
140
110
160
141
108
91
103
121
118
119
83
120
129
99
110
129
96
132
156
110
88
119
110
133
110
131
143
107
105
110
86
84
118
110
112
101
120
110
93
142
121
112
164
102
92
130
136
110
114
125
104
113
124
49
109
116
121
121
88
106
121
134
111
127
107
115
116
122
155
134
121
105
113
123
113
119
133
93
90
90
88
85
115
110
110
127
152
116
95
103
96
128
142
129
107
135
128
101
99
93
120
91
92
120
130
123
133
84
118
106
147
123
103
118
146
134
128
116
121
123
112
142
112
114
102
108
138
98
119
111
113
131
85
139
109
114
104
142
125
108
112
114
110
85
123
97
82
144
123
107
117
162
114
111
132
133
105
139
99
100
88
95
123
128
121
117
113
120
104
107
109
105
131
114
88
113
115
123
116
145
135
145
113
122
98
129
96
104
131
124
125
108
109
141
108
124
140
80
118
114
117
95
129
148
83
118
103
96
107
108
133
97
124
114
125
122
129
117
106
105
119
120
134
122
119
124
121
120
117
100
113
103
108
123
102
98
96
122
176
126
120
86
128
103
116
115
98
112
118
95
125
136
76
131
125
110
107
122
133
107
107
99
96
97
101
97
98
120
85
100
116
78
141
98
101
99
123
108
134
103
117
122
140
109
155
100
111
99
117
121
118
85
94
110
143
87
133
109
110
139
115
117
75
100
106
116
98
103
130
104
121
163
67
121
172
137
87
120
101
131
130
117
112
119
111
116
129
127
65
93
94
141
110
117
104
146
97
124
107
86
118
116
114
95
104
86
122
116
91
103
108
114
99
111
105
128
105
106
123
120
104
124
125
112
98
108
129
151
113
116
113
129
111
113
117
107
117
128
106
128
96
105
100
118
111
136
131
109
109
99
110
126
138
138
122
112
115
116
129
141
97
125
140
109
115
139
124
121
121
119
125
117
110
125
147
99
118
109
109
132
124
127
135
123
110
115
123
126
126
120
126
129
115
116
114
116
146
119
139
110
88
105
143
113
103
116
105
126
104
137
117
116
90
105
117
116
104
125
130
129
126
111
155
134
121
121
108
132
99
132
115
95
103
127
122
95
126
116
107
138
121
104
118
118
107
104
104
90
100
114
113
134
120
119
105
128
103
151
99
126
119
133
110
138
103
133
140
117
139
88
107
103
112
144
127
113
131
126
95
125
105
112
113
110
71
122
96
101
121
118
93
111
136
106
121
101
118
110
126
133
112
139
104
135
81
119
98
97
82
104
123
121
93
125
121
114
119
151
130
98
105
128
82
92
94
137
113
164
113
129
117
122
86
102
123
114
110
106
125
114
116
109
94
106
127
110
134
107
93
120
93
133
131
109
80
107
120
110
99
98
123
89
114
93
128
136
104
95
107
117
124
102
94
120
129
90
115
107
88
121
70
116
118
116
88
121
104
128
136
113
116
129
116
94
102
112
94
125
91
119
127
87
105
103
124
94
129
131
119
97
119
144
120
113
117
113
85
131
96
84
127
105
105
146
132
126
88
108
115
69
110
126
108
120
158
92
102
156
99
138
132
99
94
104
114
107
134
119
128
116
135
124
120
109
147
133
116
129
144
113
133
111
85
114
102
133
123
132
117
120
101
113
107
145
115
112
127
127
107
115
104
93
121
117
123
122
114
117
127
116
141
109
154
120
123
