-33
-55
-35
-67
-50
-58
-36
-37
-63
-52
-51
-48
12
-47
-32
-55
-3
-36
-29
-36
-5
-3
-17
-9
-17
-13
-15
-18
-1
-33
-5
6
-27
-51
-30
-24
12
-22
4
-42
-24
-45
-11
14
-47
-13
-26
-12
-41
-47
-18
41
-40
-46
-11
19
-31
-16
-44
0
5
-12
-16
-23
14
-42
79
-6
0
-22
-52
-47
-26
-17
-28
-26
8
-21
-16
-44
-25
-79
-32
-12
40
-3
-17
11
23
-14
-28
-20
-5
-29
-22
-13
6
22
-60
-57
-45
33
-53
-36
68
47
-20
30
20
0
71
-15
25
79
15
21
-1
1
101
5
21
52
-17
38
56
58
3
16
10
10
104
57
105
27
60
40
6
-19
-43
-24
58
-29
9
8
27
37
31
24
-42
11
67
35
53
29
-37
-2
24
52
44
-1
39
3
14
17
-9
46
70
9
-19
72
68
41
18
73
27
50
39
39
-18
36
35
99
34
54
39
-14
91
1
6
72
78
77
92
70
55
29
-28
40
54
12
105
84
6
44
25
23
0
27
65
-12
4
-7
57
-13
-4
-1
48
9
53
41
23
59
34
29
32
68
42
39
82
-2
16
53
68
79
77
200
32
-16
2
52
-39
-6
121
42
36
4
25
-19
71
44
2
67
-6
36
0
4
96
58
14
-14
-5
-19
60
61
24
98
37
65
50
45
38
34
100
82
2
51
46
89
76
117
73
71
85
37
72
-1
29
121
70
65
88
51
35
95
53
-18
29
129
143
96
57
67
82
-31
68
71
64
-5
21
120
9
50
42
83
5
61
29
31
49
-21
-13
36
39
65
73
41
26
93
37
70
74
43
33
66
99
81
67
62
113
48
34
18
59
111
31
86
49
65
79
35
62
80
88
78
150
40
122
78
110
25
62
42
41
100
72
77
64
108
66
98
100
31
148
124
66
129
-3
43
71
157
61
75
91
100
120
62
18
33
41
102
47
75
107
