-59
-26
-68
-49
-65
-46
-57
-59
-66
-56
-63
-43
-46
-51
-28
-33
-54
-48
-47
-34
-47
-45
-61
-41
-52
-53
-59
-35
-39
-22
-55
-67
-37
-67
-59
-22
-56
-21
-6
-51
-51
-39
-61
-60
-33
-40
-40
-28
-52
-32
-83
-19
-72
-48
-21
-43
-29
-63
-56
-19
-59
-23
-48
-48
-74
-48
-35
-26
-65
-49
-48
3
-68
-40
-25
-33
-23
-54
-39
-59
-74
-45
-22
-59
-43
-54
-18
-61
-32
-44
-32
-57
-27
-32
-44
-28
-52
-34
3
1
-9
-61
3
-13
-5
-58
-14
-18
-49
-41
-53
-22
-26
-42
-20
-7
-26
-77
-44
-18
-28
10
-15
-29
-61
-54
-12
-10
-21
8
-30
-75
-28
-10
-31
-27
-38
-8
-44
-52
-42
-27
-54
-33
-54
2
-45
-67
35
-59
12
-51
-38
-52
-37
-36
-46
-35
-60
-10
-73
-31
-48
7
-42
-64
0
-27
-48
10
7
-9
-31
-52
-14
-38
-30
-31
5
-9
-48
-24
-20
25
3
-41
-28
-22
-34
-48
-26
-5
11
30
8
-5
-41
14
-2
-50
5
-44
-20
-47
-56
-11
-49
-22
0
-16
4
-22
2
20
-5
-13
-4
-36
-13
15
2
-34
12
-29
48
-9
-1
-32
-22
8
-29
18
-40
-46
-36
-39
-26
-26
20
7
-45
50
-3
-5
-4
-22
-15
-8
51
30
12
10
28
-30
-3
65
57
-8
-11
29
31
-11
33
12
-28
64
-34
-25
46
-2
28
3
25
-24
-8
-11
-35
-27
28
-82
-20
71
5
-34
-30
-8
31
55
-11
-31
-22
15
0
11
-26
7
25
-10
-28
32
-30
8
-19
32
34
-14
-6
7
13
-3
67
19
-3
33
55
11
16
55
23
25
11
-16
18
13
14
19
35
-11
27
1
11
7
14
14
25
80
48
29
-16
55
-7
18
40
20
34
-2
20
-19
8
31
24
38
28
69
4
-20
70
34
-3
47
24
32
6
-24
16
3
-2
0
12
4
-7
43
44
35
21
10
1
5
13
12
9
34
5
-44
-30
24
34
46
49
35
34
-14
13
14
34
4
29
14
60
43
73
46
26
39
13
-1
52
5
22
80
79
41
-6
-5
-28
21
35
28
18
44
66
33
61
12
14
18
-46
26
42
54
-1
17
27
18
55
52
-13
45
52
54
4
92
66
-3
52
18
42
-10
7
32
23
30
46
22
73
34
35
56
23
39
69
3
90
-16
73
41
68
15
24
2
-4
13
76
46
68
35
72
20
2
36
64
-19
41
28
66
37
11
8
-12
18
74
45
58
6
23
77
-7
42
31
63
58
27
30
26
72
21
36
34
19
81
105
80
15
118
-14
67
77
14
36
-2
75
60
18
16
102
64
31
15
56
25
25
68
-5
26
74
27
76
28
91
10
38
41
-28
50
-3
75
45
56
93
77
79
67
73
-34
10
56
51
73
11
32
34
77
90
60
75
118
38
51
58
22
34
-23
-2
12
49
-6
9
9
53
40
35
68
77
36
92
44
91
9
41
76
29
19
89
95
25
86
44
67
12
40
24
62
39
80
69
31
63
27
59
73
39
40
86
42
35
41
34
34
88
54
11
46
21
82
90
28
93
74
9
89
19
43
50
51
66
78
25
53
102
32
19
70
55
56
37
-7
54
77
69
9
102
88
97
115
76
28
42
26
92
62
21
60
41
94
116
132
3
75
45
31
115
71
75
87
42
53
67
82
21
52
37
73
68
118
51
14
47
34
48
2
49
71
49
62
49
16
66
39
83
-8
47
71
-4
40
89
91
106
55
47
55
83
67
84
69
58
44
51
58
98
37
62
43
77
24
46
84
64
114
22
74
7
13
41
33
70
94
56
30
41
44
24
29
78
47
72
35
117
68
82
56
29
20
34
37
50
98
44
3
37
26
36
58
53
80
42
114
82
0
93
81
70
80
50
82
36
38
38
2
61
28
117
30
87
67
65
31
9
98
45
63
67
37
108
119
-8
105
32
45
68
26
87
98
37
38
74
45
91
125
139
67
97
46
72
46
35
13
84
51
33
101
61
86
45
88
14
99
61
49
57
53
58
-2
82
2
51
120
54
52
68
49
38
121
117
23
47
30
78
85
93
9
54
72
78
93
30
69
31
66
113
25
33
165
-5
18
102
72
114
40
4
74
87
36
44
15
9
51
71
82
70
38
73
93
71
32
22
96
95
75
37
83
-10
20
72
74
87
25
97
14
96
68
52
65
89
46
49
100
82
50
75
71
43
-8
89
62
138
96
35
83
40
71
48
57
120
49
137
40
56
50
69
86
38
90
122
56
32
84
115
87
42
13
17
75
91
103
75
124
37
7
79
54
113
36
35
118
103
120
52
49
113
111
85
83
84
34
94
96
61
85
47
86
81
98
86
51
40
120
-35
39
5
83
80
61
42
49
54
83
45
147
6
38
46
84
106
54
41
40
52
25
65
73
56
82
64
9
20
38
56
37
74
84
71
54
107
65
66
-15
132
109
83
93
11
63
116
153
91
60
69
95
88
13
89
13
94
84
60
110
82
66
59
120
52
69
94
28
87
-7
80
47
50
73
34
39
34
49
81
60
64
26
108
26
47
54
63
31
9
70
126
-1
118
87
68
38
70
35
54
136
81
64
119
36
7
67
91
-4
81
77
65
79
18
20
83
28
8
75
111
62
15
55
99
34
78
21
25
70
37
50
54
-7
33
40
44
51
92
32
79
52
36
-4
73
72
160
119
-1
19
74
102
105
26
79
70
64
26
84
20
108
11
-5
27
52
42
52
61
70
76
33
101
53
-8
71
88
99
59
22
94
19
73
60
89
25
102
86
52
107
87
100
89
109
70
47
43
85
76
55
66
18
49
114
119
41
27
54
64
98
54
38
26
60
49
100
98
98
19
2
89
91
16
70
25
50
86
50
81
39
19
71
12
81
47
97
89
98
107
71
116
77
116
75
118
48
-5
76
125
116
25
82
55
74
37
108
95
67
65
43
24
97
78
43
91
84
109
109
104
96
80
53
58
84
97
110
42
47
42
118
74
47
79
21
128
42
60
96
24
85
39
96
110
67
24
120
82
100
120
104
79
78
19
31
79
112
76
37
63
80
131
118
114
83
71
67
75
31
33
70
59
32
132
61
24
112
34
30
52
8
38
117
122
97
83
19
19
75
25
135
46
98
119
75
84
45
81
82
81
51
17
55
51
93
57
60
91
87
76
67
201
107
112
43
74
34
10
102
40
39
87
75
67
83
68
109
97
77
98
92
78
108
48
108
74
120
86
27
105
76
52
108
31
53
93
120
64
91
73
28
100
113
56
10
68
99
32
71
35
43
97
124
60
107
16
60
123
91
116
45
123
61
27
115
94
86
55
108
90
91
85
63
29
63
111
122
43
83
121
56
28
92
45
7
6
89
95
99
78
73
85
55
20
41
64
26
69
106
83
51
72
71
63
104
52
96
91
157
90
90
84
22
59
35
52
135
55
85
111
149
62
75
37
43
47
83
58
57
99
72
-5
85
113
47
15
54
97
121
117
43
70
33
17
29
85
113
71
116
48
104
-33
45
115
61
91
152
92
56
24
111
76
55
65
56
109
81
-4
114
87
101
128
-4
92
83
102
69
44
72
131
18
90
73
63
44
118
146
79
81
133
84
64
80
34
67
68
69
29
86
73
75
63
76
67
65
111
100
70
99
128
132
74
54
84
108
63
71
29
126
64
67
92
94
73
89
72
144
80
41
130
64
118
76
93
108
67
77
49
41
45
64
98
112
95
65
44
82
59
49
66
130
71
65
56
106
96
54
122
104
80
43
81
58
88
18
93
52
70
88
76
75
85
126
147
152
49
92
49
66
68
100
77
83
80
-5
127
50
103
76
71
58
50
108
106
54
56
19
99
82
144
23
49
107
33
66
38
45
88
96
78
111
31
82
57
99
59
144
84
60
135
108
17
72
72
88
84
23
82
59
61
132
119
58
58
114
131
81
16
94
59
38
50
71
74
83
73
36
55
96
21
81
72
38
46
153
72
54
62
120
50
116
102
106
84
101
75
65
96
31
60
41
26
110
109
93
86
125
53
114
-13
39
105
46
-8
154
60
66
91
58
119
120
21
58
63
58
161
77
80
116
52
62
88
81
80
36
48
118
53
74
58
120
55
102
113
62
83
120
126
72
50
75
64
59
101
128
120
80
53
103
69
40
90
134
104
102
83
116
80
103
110
55
76
84
49
79
88
66
56
98
89
38
77
96
77
91
115
91
132
103
105
7
101
107
94
65
65
82
29
86
25
128
91
69
116
96
-16
161
80
66
117
108
85
50
140
98
111
82
47
78
66
127
75
138
44
43
44
55
129
30
129
117
107
149
109
70
17
144
33
82
78
77
128
110
61
30
123
128
83
104
49
88
38
82
102
80
90
69
125
76
86
143
120
80
63
119
68
69
42
108
81
106
59
135
36
49
88
101
108
116
50
94
69
83
68
91
162
97
119
27
95
103
50
82
142
19
128
82
79
109
78
86
91
77
53
106
127
116
-10
136
119
116
138
76
14
63
110
149
41
120
115
78
107
117
48
56
111
3
94
78
127
59
82
63
83
50
85
108
94
82
63
20
98
107
184
75
68
70
121
77
41
59
98
76
46
92
53
56
173
119
74
80
65
101
-7
130
98
38
98
124
86
155
121
16
58
79
83
119
-2
117
30
55
83
60
145
156
52
59
86
138
68
63
48
49
70
138
65
54
-11
6
111
120
81
16
68
75
118
96
125
86
118
75
82
79
67
78
87
86
56
137
137
87
99
24
43
105
86
43
48
40
97
107
113
85
173
70
128
106
69
100
5
100
135
115
88
9
129
53
51
71
68
23
102
115
73
113
102
53
82
12
272
119
124
45
51
116
69
36
109
61
106
82
91
80
83
48
108
40
136
52
94
114
32
153
70
124
30
69
145
63
97
72
96
144
69
96
55
80
85
37
119
32
76
109
128
115
93
100
98
79
55
129
43
111
105
55
129
109
33
78
99
94
48
97
44
87
119
97
71
84
116
116
95
100
126
84
90
73
51
135
71
24
114
126
101
107
83
64
122
31
123
80
100
141
5
169
56
106
70
44
132
98
100
76
178
31
128
84
21
118
143
89
59
135
25
66
82
101
102
88
87
72
70
74
99
96
79
92
-25
89
59
47
79
103
100
97
39
78
72
90
27
32
34
43
100
103
81
85
34
85
79
76
21
138
67
81
63
56
88
151
12
24
91
59
51
136
69
129
106
105
40
89
71
121
59
90
74
118
120
59
73
163
119
143
100
141
48
141
74
88
149
98
35
122
56
86
136
105
176
79
90
97
35
75
127
111
80
103
119
12
-2
12
50
105
143
98
92
93
124
83
112
98
35
36
63
68
60
107
107
142
90
89
68
122
78
45
113
77
64
120
86
44
3
90
51
129
60
107
92
93
54
32
128
70
148
110
94
31
82
22
78
9
56
116
131
98
88
124
25
110
72
27
136
59
143
142
79
47
136
125
110
99
101
79
71
72
88
109
101
46
98
96
46
101
77
51
69
134
85
37
53
27
48
55
84
70
75
110
49
79
48
57
88
71
119
92
89
157
61
150
92
77
119
27
243
94
133
141
42
51
62
22
35
82
64
84
59
83
109
79
93
87
84
116
99
132
104
114
98
5
55
52
169
43
67
74
117
135
156
82
49
92
133
60
123
73
57
17
93
146
100
122
73
25
61
116
50
124
85
80
75
136
139
126
58
72
74
57
103
99
132
85
106
107
130
51
99
85
80
114
122
109
109
133
109
88
56
75
126
105
96
105
97
119
52
98
73
81
100
71
72
165
114
93
125
100
104
72
75
122
54
156
149
135
104
74
100
42
92
144
149
26
97
112
83
67
45
82
103
132
48
114
87
152
98
104
26
57
69
112
33
83
146
88
90
97
105
77
51
81
46
117
105
93
176
119
139
85
84
139
116
153
101
108
108
61
27
148
56
126
62
37
45
135
151
66
81
64
6
120
114
33
104
96
89
153
68
44
107
68
117
65
87
79
24
101
106
119
104
130
120
94
111
117
140
64
63
128
109
109
118
96
13
82
72
106
141
54
134
73
99
142
70
83
86
98
74
128
128
147
65
93
23
42
99
95
72
74
55
82
78
101
73
123
108
133
0
106
30
87
78
99
75
54
32
73
38
55
145
58
156
136
51
118
60
80
70
110
72
87
76
125
100
77
97
8
96
111
102
-2
81
97
146
89
106
97
119
51
134
85
70
61
126
115
60
63
77
71
74
124
111
71
168
123
123
74
88
45
59
66
152
104
55
78
87
58
115
96
93
134
39
88
135
53
71
19
130
83
103
90
133
140
54
123
96
79
98
97
83
92
57
123
174
60
101
119
76
106
85
74
73
95
103
44
96
92
92
93
122
90
75
102
172
98
87
115
51
124
80
81
14
119
109
106
127
112
69
114
70
92
83
79
31
158
94
70
72
53
110
108
76
158
84
149
78
89
124
49
137
80
102
52
43
35
106
90
89
67
78
115
151
44
96
33
92
114
68
59
130
82
88
113
53
103
94
110
73
77
46
86
76
127
106
95
104
134
96
96
100
115
51
80
16
94
102
3
13
102
102
76
141
102
43
112
84
116
54
58
119
86
128
92
74
55
99
81
100
104
101
167
67
109
85
144
131
42
115
53
16
99
125
120
117
98
155
106
100
104
119
127
125
103
111
140
145
93
92
106
83
41
113
112
52
112
128
109
131
95
95
148
135
52
88
83
129
100
46
130
39
118
75
80
67
81
80
79
82
86
83
84
113
124
110
38
109
130
120
81
116
74
123
247
30
62
100
90
141
50
112
125
76
102
92
39
85
75
55
101
75
103
82
116
77
104
173
75
98
15
107
79
128
122
53
110
29
111
92
73
106
70
96
126
109
58
105
111
145
46
64
59
131
75
182
40
141
112
54
121
78
81
83
100
106
89
86
94
82
47
134
117
76
35
116
72
141
0
18
94
134
52
76
60
84
134
74
149
61
90
48
59
150
28
86
76
69
31
13
62
104
79
67
79
128
54
134
22
37
130
122
122
78
89
142
54
119
94
84
23
122
137
41
105
142
113
134
120
89
64
87
87
79
50
68
118
134
116
107
114
178
128
103
149
144
74
99
86
40
72
139
118
122
121
107
102
28
47
96
51
109
119
66
117
79
44
99
104
161
131
97
110
117
87
60
101
51
55
161
55
109
106
138
74
153
140
99
45
104
95
59
114
58
66
59
120
74
73
101
69
53
137
174
121
75
144
138
144
43
81
153
81
106
93
95
101
74
104
51
39
86
89
114
119
104
85
38
57
14
70
162
89
72
25
107
115
145
149
122
126
43
149
125
107
106
115
55
169
78
118
117
88
-11
76
155
78
82
39
115
97
117
110
79
14
82
101
74
98
94
122
115
111
28
84
146
85
107
99
91
55
104
148
108
114
82
145
97
139
100
74
93
121
44
92
115
92
79
81
66
139
106
76
21
3
106
92
151
98
106
117
122
108
119
73
58
58
39
29
141
72
121
99
43
35
119
122
89
53
52
118
85
77
100
88
139
116
123
76
75
125
65
120
136
123
95
45
98
83
58
118
78
99
65
95
37
44
100
94
49
98
123
112
62
46
123
131
70
53
48
109
121
86
87
150
64
109
128
90
31
148
137
107
143
46
62
112
125
49
92
49
51
117
30
104
124
58
59
77
56
85
89
80
81
150
53
82
105
149
21
111
77
71
47
63
74
81
151
128
130
105
51
38
73
56
121
89
105
106
45
122
55
95
113
135
58
114
114
74
44
21
106
187
107
59
116
106
133
118
103
129
55
64
95
71
109
119
151
-5
97
80
118
79
81
103
92
105
64
56
104
125
58
70
70
46
118
88
107
58
104
32
115
11
149
64
31
56
89
52
89
89
136
124
99
120
122
129
15
114
70
99
41
97
89
118
129
99
102
67
69
129
115
82
143
128
-4
26
137
87
99
117
95
28
75
25
95
39
93
79
111
128
137
107
117
64
89
91
98
126
70
91
104
111
83
67
96
142
126
133
58
150
47
86
68
25
104
112
61
106
119
74
66
52
90
129
112
78
60
77
77
96
105
100
108
40
102
83
75
20
90
123
95
147
75
116
90
118
153
20
122
131
122
22
57
64
143
105
37
34
121
64
66
105
150
77
75
105
80
125
93
83
73
143
90
126
64
102
119
73
104
82
118
129
37
57
71
87
71
116
80
93
156
59
142
96
131
143
83
93
104
52
123
153
43
139
141
59
153
12
69
113
90
134
-1
115
94
125
44
86
147
22
172
33
69
57
24
97
58
66
74
53
163
120
46
107
104
105
129
100
152
37
114
148
83
111
63
16
117
69
64
77
91
67
121
81
93
109
77
84
68
90
120
86
93
134
111
164
200
112
49
118
87
93
94
140
93
103
68
28
40
158
75
80
95
42
90
70
129
39
57
100
26
85
52
146
33
117
129
126
106
79
53
118
38
109
163
75
155
128
116
170
30
47
136
93
109
100
87
124
131
73
133
128
94
51
123
134
137
84
139
152
41
93
86
78
149
90
116
106
116
85
79
74
123
96
74
123
154
67
118
270
134
142
61
152
94
72
111
88
91
96
105
143
53
74
72
92
96
57
119
78
105
75
132
112
102
109
145
80
106
102
76
125
87
32
107
97
106
99
139
109
117
110
121
120
98
143
46
55
87
131
27
77
104
101
71
146
145
69
162
37
93
99
115
57
86
114
135
61
28
91
115
44
113
129
55
-16
146
118
70
94
130
87
136
90
102
88
130
133
95
91
89
64
103
86
117
129
189
87
142
41
104
91
142
92
52
32
70
70
84
135
94
26
83
101
52
132
58
143
144
101
105
128
126
133
54
101
117
139
77
27
75
141
111
22
61
47
60
47
78
111
108
73
104
66
88
106
84
47
87
165
54
72
39
90
82
58
50
79
88
92
147
97
80
76
68
109
134
115
41
237
86
130
95
126
79
124
27
123
70
111
132
144
119
97
56
43
116
81
96
172
73
79
131
139
119
167
84
58
132
94
95
116
126
110
136
139
104
97
81
88
94
81
111
41
81
57
108
238
104
45
40
92
128
92
130
67
63
112
136
51
36
84
120
91
134
83
48
93
71
89
90
91
175
117
99
69
132
98
128
101
98
114
108
57
133
92
143
98
49
59
97
148
166
47
95
120
135
35
69
128
92
140
64
59
136
79
83
94
137
153
82
71
98
89
146
126
50
137
109
92
79
89
84
77
88
114
77
66
104
59
36
32
74
109
87
138
86
73
103
55
70
88
50
145
5
113
97
67
44
109
156
79
96
88
93
61
86
71
125
96
159
31
118
-3
-4
84
39
153
87
73
142
71
121
93
126
135
72
83
38
67
97
125
74
86
41
66
97
195
54
74
77
131
90
21
126
106
131
97
14
97
56
131
29
27
99
134
114
127
60
122
116
17
84
118
17
135
47
122
62
55
22
153
224
99
112
134
139
33
101
86
89
34
76
162
49
32
94
63
134
79
137
109
102
86
17
165
117
53
102
87
2
61
62
84
113
129
171
70
118
80
100
81
102
173
127
159
141
110
45
123
74
111
102
92
157
124
137
146
134
71
115
75
87
74
59
107
102
65
102
64
70
135
39
80
114
129
90
74
81
127
123
82
50
117
149
83
18
102
80
142
127
46
17
63
105
80
109
98
143
87
110
71
98
32
58
98
97
106
55
46
73
110
80
101
135
120
77
88
95
144
116
115
94
14
104
116
100
101
122
67
73
100
128
91
63
109
54
93
92
106
102
106
119
131
125
105
121
28
59
35
139
16
62
100
81
113
84
38
45
142
124
74
70
82
85
66
80
104
117
54
108
89
121
154
89
125
106
60
45
126
160
147
137
93
119
127
111
146
102
114
96
96
114
72
148
101
71
130
65
76
63
99
65
119
103
86
102
123
99
117
67
79
145
132
130
120
111
69
48
91
110
34
139
154
90
84
51
18
115
42
37
86
116
95
84
64
61
128
78
100
26
70
116
131
34
95
89
134
91
92
125
123
115
70
140
140
133
11
108
84
146
132
76
85
120
138
120
141
74
126
123
70
119
100
69
134
135
35
101
135
114
95
31
77
38
140
62
145
80
94
64
73
88
89
10
145
91
67
96
129
25
68
67
129
129
86
114
-16
52
138
99
131
89
90
125
125
90
123
157
119
106
143
130
74
107
7
98
129
90
98
64
129
151
108
73
95
116
74
45
83
96
68
77
76
89
118
91
110
122
106
95
100
94
61
113
116
107
125
129
71
105
106
124
132
85
117
38
107
122
125
126
123
106
82
77
90
71
32
43
12
106
80
112
112
128
84
132
113
103
77
106
107
120
111
111
111
155
55
103
50
94
48
122
76
63
87
111
151
103
103
85
170
13
98
80
114
40
115
95
94
91
83
114
64
66
88
164
121
103
60
183
81
128
68
83
42
56
125
111
75
68
70
162
32
113
96
130
74
108
43
98
113
115
127
121
88
97
134
100
109
149
81
44
87
94
67
46
104
88
91
145
108
26
154
37
147
67
57
147
60
116
115
59
105
135
42
147
84
39
118
101
99
219
85
77
40
77
140
122
116
125
111
78
148
24
89
103
-3
108
55
68
59
150
42
97
118
138
79
110
73
124
19
128
94
51
56
39
93
97
75
21
132
66
78
100
112
94
106
110
95
76
20
121
97
101
32
127
108
139
76
104
112
174
56
130
70
88
70
16
61
76
103
57
41
115
84
122
119
91
151
67
116
58
87
56
82
88
88
83
103
130
85
97
126
75
105
120
60
53
97
115
58
55
100
126
111
70
89
6
91
95
115
78
126
84
116
67
84
94
102
129
172
184
145
136
128
94
89
90
32
60
70
131
74
133
108
122
85
34
152
120
67
86
111
53
52
79
78
108
31
162
46
104
104
132
97
113
78
133
260
50
87
117
41
66
57
75
95
108
100
125
50
96
39
119
63
103
132
80
99
110
132
99
123
99
122
138
83
51
174
65
145
153
98
107
145
97
114
62
99
105
88
102
62
88
154
92
148
94
84
74
64
106
61
65
131
101
29
120
121
136
92
80
120
106
102
73
91
72
76
159
126
98
84
109
111
97
112
155
1
97
66
139
89
86
55
79
123
62
100
70
50
118
129
127
76
85
130
116
118
121
60
90
90
120
83
109
97
62
47
57
82
125
135
107
97
73
96
124
88
133
124
125
63
6
134
157
74
121
135
52
100
125
113
104
78
72
126
85
123
139
77
111
138
152
84
71
69
55
118
140
62
88
97
79
95
75
115
101
91
109
162
123
71
46
77
11
122
97
146
68
49
109
81
120
119
58
74
92
133
53
140
80
33
99
94
164
107
147
90
135
137
159
76
108
28
47
57
82
105
109
9
6
124
115
71
63
150
144
95
77
115
112
119
101
80
54
113
84
102
112
71
104
141
166
65
115
85
56
115
35
142
128
141
82
120
80
68
56
66
31
116
24
145
82
66
113
146
75
94
52
132
134
86
127
60
70
54
93
168
135
114
42
19
149
96
122
110
63
108
113
137
161
87
18
109
45
139
94
81
124
40
135
111
134
112
33
102
109
130
104
77
97
98
114
99
16
101
130
153
54
25
150
121
14
23
84
37
48
122
119
75
140
134
75
38
121
154
99
129
126
101
86
73
105
88
72
15
136
89
69
87
95
160
68
131
59
99
139
66
94
95
77
54
135
119
111
132
104
117
132
132
111
75
116
5
94
30
157
143
115
147
106
100
98
91
94
91
116
113
85
81
37
61
95
53
124
68
127
92
98
111
93
28
82
101
140
26
93
81
111
125
190
129
38
122
167
116
89
48
56
150
64
134
136
169
96
19
109
111
101
-9
103
11
95
82
135
77
94
90
115
111
78
97
100
129
77
90
103
64
55
133
60
44
84
77
125
65
166
142
103
27
102
72
69
99
80
106
108
63
62
87
118
144
60
86
105
104
130
143
157
120
54
81
117
68
128
129
102
140
110
106
135
136
75
65
115
148
98
99
101
146
81
47
49
129
-2
117
111
145
84
101
127
97
40
72
88
60
134
117
124
63
118
98
28
89
113
108
59
127
128
89
88
79
64
82
98
41
145
60
86
29
135
45
81
90
33
108
117
131
151
104
42
17
88
95
43
104
79
61
8
91
48
140
93
153
109
82
66
114
132
61
120
109
86
93
89
75
126
113
91
56
65
40
178
85
82
69
121
108
-18
102
118
134
134
106
75
148
100
108
62
70
127
42
85
103
94
88
106
49
63
-9
86
107
94
140
79
115
94
77
104
82
82
121
119
161
97
51
51
138
140
128
99
72
86
123
61
97
64
46
83
58
95
113
72
142
95
90
105
103
81
89
115
105
92
96
119
98
81
58
60
173
94
112
109
27
75
87
112
98
80
20
120
61
133
85
113
109
84
82
86
86
98
105
99
120
28
66
64
78
88
36
133
88
93
178
58
99
78
115
77
136
98
57
159
73
142
129
61
97
88
88
96
103
97
71
145
65
47
101
149
91
93
91
160
65
137
79
73
108
80
86
4
56
115
72
136
165
58
107
111
130
103
155
132
152
99
95
90
99
82
135
99
105
130
126
119
50
165
126
117
113
121
124
46
137
35
141
121
91
124
66
74
96
160
170
70
64
123
27
126
113
98
63
24
148
78
55
136
85
113
90
23
129
104
110
15
64
32
122
156
116
113
118
96
99
95
151
35
103
58
167
88
82
50
89
92
49
90
88
68
145
82
109
121
20
73
117
88
105
119
115
58
148
117
97
111
82
99
145
57
122
87
89
118
122
68
120
123
125
155
45
127
90
130
107
45
85
126
131
130
85
92
95
112
112
120
101
139
107
146
133
83
90
79
30
94
124
26
20
94
58
79
130
127
26
97
15
62
128
109
52
106
146
90
67
121
96
148
89
74
45
116
14
114
24
143
51
148
60
142
52
115
122
22
85
33
110
114
150
115
115
93
94
118
114
93
156
87
104
96
29
84
110
112
93
61
97
141
91
58
133
91
117
133
107
80
94
80
91
117
97
140
114
128
102
94
100
146
110
66
143
86
87
96
161
129
63
109
111
121
72
94
86
125
80
133
101
83
123
53
91
84
108
123
-3
78
50
107
42
53
70
124
113
145
134
127
136
93
140
88
152
88
140
65
89
109
124
124
76
131
136
123
134
111
92
131
78
140
110
5
76
138
95
100
96
73
91
110
67
164
95
118
89
91
61
139
123
86
149
33
87
145
78
106
193
135
123
105
129
114
126
131
120
122
126
110
55
238
101
107
37
109
68
112
22
107
98
122
63
129
142
139
84
77
90
104
49
129
39
117
69
98
60
60
95
90
104
130
131
74
70
110
91
123
119
119
114
123
61
97
30
138
63
122
58
89
94
82
77
128
48
93
86
81
120
105
59
68
-1
68
81
136
125
132
89
87
42
103
122
128
140
96
110
78
93
19
102
93
110
117
110
49
117
131
74
69
55
103
151
74
194
157
151
103
41
144
109
-3
76
58
143
153
121
75
47
118
94
94
136
55
55
82
97
114
107
70
70
104
108
98
98
136
143
100
55
94
123
80
153
130
96
107
135
71
119
130
49
102
95
114
74
149
71
74
106
89
73
69
69
113
100
64
81
145
70
130
7
200
111
27
104
72
116
142
102
65
110
104
34
8
101
115
53
112
71
55
103
54
122
60
39
126
85
82
79
39
66
95
77
34
100
74
82
112
86
12
10
97
88
125
124
127
55
72
132
86
99
93
127
52
112
121
96
98
100
98
115
153
95
149
97
138
109
124
83
133
101
142
115
153
58
71
78
130
107
111
28
113
106
126
115
88
88
66
28
152
107
95
98
57
63
146
167
122
78
90
52
111
79
98
77
123
44
82
124
67
45
116
167
147
123
87
128
61
82
96
151
83
111
109
73
80
112
97
86
7
101
143
119
74
88
68
106
79
140
112
29
67
152
64
75
101
74
131
156
115
95
123
142
170
156
21
54
35
120
74
60
131
63
84
94
125
104
43
72
132
71
125
116
114
93
102
23
90
74
100
106
123
120
17
81
72
65
86
41
121
116
140
61
96
65
111
146
106
93
97
107
29
103
32
26
107
75
139
119
42
33
85
133
97
252
81
109
81
105
99
80
181
58
71
32
103
102
63
131
76
82
102
102
120
61
66
80
92
64
78
29
118
104
173
61
114
103
107
84
159
102
59
44
76
92
90
44
93
58
102
97
192
99
121
24
127
104
105
78
45
155
75
40
111
76
114
90
102
127
78
130
124
113
70
112
133
102
143
115
75
91
83
118
85
123
132
104
85
68
61
85
94
117
120
113
81
105
149
76
103
70
90
112
145
169
51
154
78
120
55
89
63
74
116
82
106
91
43
93
127
80
75
82
46
148
68
142
115
71
119
74
91
166
112
91
110
119
69
109
118
91
83
64
77
135
54
135
116
139
121
99
100
57
131
77
118
129
44
114
100
59
107
106
79
144
87
71
141
175
120
148
208
71
75
140
135
94
121
91
89
188
124
83
59
112
77
54
130
87
33
82
110
75
29
112
135
130
120
148
106
52
122
117
97
144
92
68
134
156
161
68
57
149
97
87
165
133
131
130
94
97
101
73
106
37
125
66
74
72
58
102
130
125
57
103
159
82
91
26
83
135
114
97
95
106
122
115
90
110
71
140
102
146
84
106
82
43
120
170
129
78
78
109
106
143
128
141
122
79
103
93
96
117
39
39
77
36
71
127
63
83
93
84
68
9
52
176
92
102
106
180
141
110
117
63
110
74
95
102
85
122
90
80
67
79
97
69
120
64
90
107
69
106
68
64
33
119
121
57
95
100
110
19
134
126
64
183
41
63
141
92
131
87
119
30
90
123
152
94
91
131
131
48
119
106
153
97
17
24
103
114
78
162
88
99
114
53
93
58
77
85
47
126
87
122
56
61
98
89
91
58
54
116
103
137
72
106
109
95
118
88
51
132
43
49
113
63
103
96
162
12
69
53
106
157
70
166
102
123
152
101
147
65
103
115
114
25
143
141
89
112
78
129
128
79
53
144
114
116
22
96
40
149
94
77
45
133
132
120
109
85
108
148
58
113
159
122
113
88
51
58
125
117
156
81
69
62
81
19
102
66
102
85
109
61
98
129
116
91
88
44
34
120
26
56
143
104
85
132
128
116
90
74
120
30
39
55
90
162
104
39
120
127
121
68
132
147
100
102
107
119
95
120
105
78
52
64
113
115
116
96
188
81
103
57
95
122
127
101
97
34
108
80
70
100
43
37
98
102
170
34
141
116
89
81
49
151
76
119
87
99
116
118
100
80
142
105
104
143
136
30
43
111
65
87
95
116
123
64
113
54
113
89
123
102
167
91
111
115
164
113
60
128
62
55
90
158
29
138
120
94
150
96
90
121
81
100
131
174
92
106
105
123
94
90
132
158
117
124
103
126
60
104
74
38
105
97
79
158
111
101
136
17
98
113
97
53
157
74
95
131
124
47
77
95
91
125
124
129
132
56
71
37
87
118
105
151
103
81
90
51
104
104
155
50
68
62
141
148
119
117
114
79
119
20
115
114
79
112
83
129
76
91
133
96
52
68
63
84
120
98
143
73
110
92
61
122
126
44
137
152
105
128
85
110
78
122
123
101
141
93
53
109
101
60
122
122
174
108
117
76
123
141
111
46
61
116
91
76
120
110
68
127
155
137
67
99
78
111
214
94
137
95
106
52
108
100
144
26
63
151
85
71
86
86
117
170
129
115
128
139
140
29
111
160
87
69
78
111
135
140
46
125
80
96
41
64
125
99
106
121
139
85
127
102
62
170
117
83
49
143
144
105
131
88
68
58
92
122
143
142
102
5
135
127
92
10
51
99
139
71
82
118
66
92
95
117
126
203
97
80
38
160
118
103
164
77
153
114
80
149
95
121
61
68
68
101
153
42
128
146
154
89
136
74
73
42
164
101
99
118
49
38
132
135
63
71
99
49
109
99
106
136
107
99
47
132
136
112
73
94
141
120
122
143
111
77
90
80
106
53
84
77
122
127
86
121
110
61
129
91
118
92
86
116
146
127
86
46
135
46
140
122
107
122
109
60
104
51
169
96
61
81
67
124
119
129
92
91
84
95
99
54
177
102
82
51
143
81
132
58
98
120
133
124
94
67
89
143
132
126
82
108
143
98
109
130
100
125
32
128
142
99
86
144
92
96
56
96
141
93
134
74
161
108
118
95
115
69
95
145
126
92
75
93
97
140
107
167
121
54
122
48
135
152
120
-4
50
81
116
102
81
84
89
61
113
118
172
124
72
59
110
138
101
99
57
101
134
65
126
97
67
39
58
110
95
134
32
101
115
126
120
63
129
29
41
61
95
112
97
69
87
112
97
64
92
103
54
118
85
57
61
71
60
77
77
96
139
140
84
109
59
95
56
169
69
169
133
116
103
90
166
12
122
147
185
102
72
80
14
111
89
87
108
106
93
57
117
144
116
67
43
69
114
19
102
120
106
106
117
80
145
81
113
115
41
120
75
129
75
97
136
65
2
94
104
89
157
135
104
41
24
90
51
100
10
90
165
101
107
92
137
77
118
121
109
100
110
60
138
106
66
116
117
177
90
122
75
117
55
51
100
108
152
19
51
47
76
18
164
123
154
96
122
98
91
139
56
177
62
121
105
84
102
113
109
167
151
79
134
90
102
58
91
131
155
110
64
21
147
100
140
89
104
94
130
89
84
69
122
90
122
133
63
116
121
99
94
104
88
160
97
63
122
130
131
28
33
126
114
85
143
89
151
79
60
111
130
60
87
157
41
108
68
125
122
103
138
30
142
148
18
110
86
113
108
62
49
60
103
73
133
110
117
89
126
94
78
146
119
83
178
149
138
122
91
81
148
90
70
90
78
140
92
58
94
136
158
47
65
116
76
130
99
85
127
117
145
91
67
82
122
119
133
104
112
96
75
129
116
124
35
98
127
123
100
7
107
127
112
115
114
106
149
109
78
95
121
79
104
80
103
145
77
91
125
90
103
98
99
79
145
110
97
90
86
106
142
145
112
137
131
59
83
118
123
73
63
75
112
81
88
94
44
83
43
141
144
18
115
73
100
55
71
105
129
67
81
130
52
73
117
134
118
75
93
80
68
88
68
114
90
109
121
139
112
41
91
101
87
123
78
127
114
84
126
125
167
111
93
10
128
115
85
177
103
123
31
116
92
62
111
0
41
107
120
137
48
174
116
96
134
107
96
128
133
61
113
58
83
139
128
105
64
91
107
51
109
17
98
105
157
117
30
111
90
98
45
153
170
86
89
52
96
86
87
-25
48
50
53
55
67
114
24
67
125
149
90
148
146
51
54
134
92
60
79
124
114
118
129
122
119
56
100
107
73
115
163
95
115
121
14
138
104
129
107
87
63
92
84
124
142
113
99
89
96
87
88
59
79
89
64
118
127
71
26
109
107
114
113
149
80
105
36
123
144
127
170
96
161
57
96
142
74
68
123
90
110
126
175
131
70
105
79
107
26
113
110
73
78
70
105
153
85
156
103
98
54
80
50
130
47
113
115
50
140
119
63
119
112
103
83
134
136
132
115
38
96
145
112
70
112
88
136
74
116
139
141
108
73
79
79
108
83
151
103
90
75
97
109
86
101
117
123
70
122
76
107
110
134
166
105
106
108
39
73
91
31
17
99
105
78
97
144
135
82
126
89
67
114
133
124
57
74
144
19
123
130
96
68
94
126
119
79
62
90
58
83
154
106
67
100
118
101
9
95
97
101
99
108
115
97
111
126
36
141
124
97
255
114
144
72
108
64
86
132
152
91
158
119
61
111
118
120
94
173
72
45
42
123
192
76
77
110
85
118
128
86
98
129
112
29
155
88
96
110
163
87
164
127
155
81
18
83
90
97
59
58
88
118
132
33
132
74
2
45
118
106
78
99
94
43
51
114
37
-24
74
101
136
78
95
133
158
66
69
188
94
143
101
102
95
81
96
96
150
99
80
94
115
101
103
106
88
74
111
112
134
-5
110
146
182
41
64
86
81
128
73
97
158
129
100
34
77
126
57
118
51
69
132
91
133
85
46
102
157
141
40
54
146
132
50
107
71
59
85
137
123
91
108
91
100
84
99
122
33
106
77
133
136
93
110
114
123
72
52
154
64
45
136
63
102
-6
152
57
114
81
136
98
146
109
28
129
119
105
66
97
87
34
104
116
165
109
116
64
79
67
100
160
114
126
183
128
82
151
77
88
131
32
78
70
132
141
131
69
126
168
61
81
94
94
99
58
86
84
82
46
130
125
28
128
74
104
2
121
97
127
88
50
100
131
44
99
77
61
135
115
114
104
113
95
99
69
35
132
96
137
131
122
101
99
70
113
161
75
110
36
118
116
96
108
122
119
101
94
67
90
155
167
100
112
68
151
42
95
87
115
71
47
72
136
108
124
100
69
97
132
127
30
39
92
135
37
105
111
67
123
117
32
124
126
60
88
97
33
106
86
46
75
62
131
124
136
104
174
118
92
115
130
109
138
98
81
94
128
126
113
89
88
151
77
171
106
162
134
95
95
137
109
121
123
105
47
158
77
167
138
62
125
102
117
80
63
73
107
135
93
105
61
74
135
16
165
91
98
60
144
148
148
31
48
121
141
135
82
75
49
79
119
115
157
120
63
32
107
96
76
94
57
31
79
73
117
89
98
131
102
55
107
99
82
114
114
67
50
131
98
108
112
96
121
110
47
128
56
127
69
87
120
109
136
63
84
132
88
30
89
129
144
66
115
74
204
174
138
110
73
120
96
137
87
162
98
132
109
107
89
121
104
64
138
118
148
42
99
43
53
136
85
92
91
74
68
104
115
128
45
38
118
91
-12
76
127
118
132
96
65
96
149
166
75
78
105
128
-9
112
135
137
92
146
97
112
103
111
81
143
89
101
88
102
179
122
124
143
63
63
102
107
108
82
126
135
69
45
112
94
139
21
132
108
107
159
130
129
63
140
25
136
108
71
98
119
78
71
83
106
146
79
107
105
161
102
118
102
92
141
90
126
143
109
90
117
137
88
126
164
24
108
72
114
117
120
111
190
80
200
102
-13
59
93
151
82
87
124
169
256
161
67
122
91
82
125
128
128
111
85
50
110
145
93
129
56
67
92
111
79
118
148
56
125
127
70
49
184
91
99
108
136
176
13
230
106
97
91
137
87
92
139
103
111
116
67
98
66
120
79
51
93
87
146
117
136
91
101
121
94
95
78
55
115
130
94
107
26
92
100
102
87
75
120
22
130
136
71
123
119
95
67
66
85
163
63
96
126
98
66
72
114
96
116
127
108
99
160
137
118
110
139
115
126
80
103
141
81
114
124
117
89
104
83
135
123
90
71
110
127
87
98
146
92
107
104
100
55
130
168
70
146
115
125
130
85
90
111
141
129
148
140
88
100
51
87
143
88
67
109
60
95
131
79
61
89
62
91
51
89
134
32
54
95
139
80
110
122
85
88
56
71
119
111
69
148
118
115
69
81
107
128
92
114
111
96
91
133
182
112
62
137
110
140
117
47
97
104
88
54
128
149
93
116
66
66
103
28
109
121
116
92
45
35
124
79
116
119
181
51
51
81
165
90
123
84
118
180
144
92
132
57
125
140
104
61
97
100
68
96
89
128
27
111
87
95
120
102
156
111
99
90
64
137
59
112
98
87
141
89
124
114
48
146
75
76
138
-6
124
70
136
56
130
115
62
95
95
66
110
175
83
137
93
158
137
111
69
78
136
121
109
113
76
98
124
112
68
112
105
150
126
141
32
142
92
82
68
120
147
58
97
108
76
114
121
123
81
169
97
72
64
52
120
92
117
101
80
86
79
180
58
75
102
50
100
119
131
146
123
112
121
112
80
48
124
137
135
136
103
124
131
69
161
125
123
126
89
180
73
109
132
113
65
153
121
95
115
44
164
151
11
117
126
136
87
60
127
136
81
68
156
102
135
52
105
43
46
56
126
101
115
54
127
79
76
131
77
149
66
127
113
103
143
86
112
89
137
45
105
125
82
88
114
107
67
101
131
157
86
139
172
82
33
61
52
62
98
50
84
64
172
83
31
157
112
159
47
70
125
57
151
76
76
133
87
151
81
42
117
54
111
74
87
127
11
33
137
64
131
108
113
89
96
96
88
87
72
169
120
99
76
131
159
100
29
79
42
43
35
104
83
146
73
116
47
106
66
124
201
126
70
64
61
121
133
138
14
67
87
112
101
19
102
93
108
100
82
44
112
112
135
100
12
53
151
112
82
101
94
51
64
98
100
54
64
64
130
124
117
83
79
154
69
160
82
104
63
128
104
94
58
76
123
112
144
29
141
110
82
98
38
9
102
115
100
68
101
109
100
121
113
81
122
103
75
116
95
121
98
20
78
136
71
129
77
80
108
107
83
134
122
151
27
87
87
138
118
130
50
81
108
46
88
119
89
110
103
117
84
173
59
62
106
97
68
121
99
55
114
98
118
111
72
104
78
65
193
95
83
85
67
126
138
121
162
64
147
87
120
139
140
121
115
84
79
101
134
97
132
82
86
152
132
139
75
146
130
129
45
98
152
144
70
120
80
112
71
67
47
159
116
99
99
80
135
39
110
112
168
119
153
65
94
164
87
133
76
92
122
145
61
90
8
139
76
81
87
25
143
67
105
69
94
101
68
52
140
73
70
96
130
180
104
115
77
82
112
76
81
126
124
112
136
70
66
126
75
142
91
81
79
92
166
112
131
106
82
109
124
137
110
97
127
47
67
70
149
114
135
104
123
92
59
92
71
149
39
71
124
160
93
73
143
24
47
137
166
59
69
54
104
101
112
66
64
72
130
111
88
93
51
123
118
121
113
172
92
129
107
118
57
104
118
107
117
87
107
110
153
111
167
82
244
72
113
106
96
74
120
54
94
126
72
76
93
125
118
39
72
155
76
137
163
100
84
64
69
92
72
128
150
85
98
99
125
90
29
107
75
170
37
81
63
133
121
130
238
74
177
95
67
85
106
134
130
72
87
137
89
134
144
71
51
113
103
-7
28
75
77
125
71
95
58
101
118
113
100
126
82
57
60
108
161
92
124
117
111
87
90
101
122
136
102
25
109
89
72
119
146
97
82
151
92
51
128
110
115
98
156
42
113
95
53
91
70
49
62
175
131
43
145
118
99
100
93
59
119
95
91
107
35
109
54
129
33
118
134
118
132
101
30
115
120
56
100
113
89
122
128
133
70
114
107
110
140
109
141
74
141
76
134
112
117
128
79
125
108
65
107
90
114
108
98
66
-22
114
96
49
63
78
104
110
164
79
98
114
94
116
100
113
94
74
75
130
118
106
83
53
79
152
92
144
51
88
162
78
82
101
124
104
93
81
120
55
62
110
120
160
117
100
90
143
169
122
107
24
145
92
99
102
84
99
127
53
135
51
101
78
137
108
151
130
51
292
95
110
128
120
16
153
159
69
71
132
105
104
68
70
154
76
81
33
102
84
93
69
89
31
80
111
95
101
77
137
117
88
86
156
122
98
61
164
38
71
122
56
89
101
104
68
86
131
72
64
127
123
103
85
138
111
90
96
78
85
98
105
99
78
166
84
99
67
123
104
125
96
60
164
143
59
21
38
104
105
63
115
108
21
25
104
69
135
117
137
133
112
53
98
131
88
189
102
109
86
80
87
130
98
100
125
150
42
143
120
116
87
86
145
161
29
60
78
29
128
236
138
72
101
92
118
94
25
76
145
126
134
126
95
133
129
89
140
125
116
74
126
102
83
93
138
104
137
107
104
92
82
145
91
98
62
142
120
109
46
88
136
122
106
89
124
142
97
67
137
73
43
138
52
110
101
58
142
143
135
99
88
53
105
113
126
114
130
80
104
97
147
75
94
110
129
68
85
92
92
39
89
53
107
87
128
87
108
86
95
109
78
172
33
135
136
131
90
111
47
137
118
45
89
104
124
71
112
105
141
117
34
27
85
92
102
97
93
70
105
110
96
93
115
158
124
95
69
95
140
123
115
118
98
142
106
103
45
107
87
111
153
116
110
120
83
80
128
109
105
109
95
106
141
102
73
132
95
111
45
129
119
130
154
86
96
87
88
139
81
111
48
114
61
123
66
154
131
152
65
86
8
91
71
103
96
110
141
120
128
110
64
76
61
73
82
44
119
58
77
80
41
124
144
103
153
63
120
116
113
119
121
115
26
94
54
79
69
105
79
90
53
125
115
175
132
122
126
56
41
98
55
85
127
64
124
141
97
54
114
105
100
158
117
127
105
107
120
92
76
55
146
88
123
113
34
30
93
65
66
9
137
65
91
87
91
68
222
129
77
53
89
135
101
64
126
123
101
79
52
96
82
30
66
65
110
130
91
52
136
65
77
80
134
114
165
64
108
147
76
278
83
118
147
97
121
97
26
122
93
140
57
116
48
126
74
67
115
41
120
112
125
114
103
54
52
131
30
130
63
97
75
93
106
127
105
81
155
81
18
99
111
145
97
123
97
137
70
77
104
217
54
163
94
107
48
126
36
84
60
58
157
108
96
62
133
70
118
130
130
40
99
72
88
76
130
19
153
55
83
14
73
100
80
106
80
114
74
128
49
94
114
126
117
147
94
128
164
19
117
76
131
78
140
62
63
43
123
214
98
60
98
20
139
113
85
109
100
63
56
76
110
112
32
81
99
92
80
83
95
181
144
97
58
98
111
96
96
83
89
112
108
105
115
-5
108
99
90
105
114
74
83
87
102
72
126
105
95
142
100
55
113
142
50
107
118
117
113
158
93
76
94
124
99
41
118
106
72
29
90
163
67
126
82
101
