-58
-49
-40
-60
-61
-31
-25
-31
-57
-48
-40
-50
-55
-34
-30
-41
-16
-66
-53
-40
-50
-39
-43
-44
-56
-57
-43
-55
-51
-40
-49
-46
-38
-24
-52
-46
-36
-29
-21
-25
-41
-48
-49
-58
-37
-42
-29
-15
-42
-46
-38
-38
-64
-51
-37
-42
-62
-39
-40
-40
-46
-46
-45
-43
-39
-38
-32
-36
-33
-33
-31
-37
-43
-37
-18
-17
-25
-37
-36
-23
-15
-21
-40
-23
-31
-34
-24
-30
-33
-28
-29
-38
-27
-30
-19
-33
-24
-28
-34
-16
-11
-34
-2
-12
-11
-27
-10
-18
-8
-12
-24
-18
-24
-35
-2
-21
-24
-3
-11
-5
-22
-39
0
-10
-12
-5
-6
-37
5
-12
-15
-22
-16
-14
-23
-10
-23
3
-22
-18
-17
-31
-21
-15
-27
-24
-31
-11
-4
-24
-16
-10
-7
-36
4
-19
-10
-10
-29
5
-15
-12
13
1
-5
1
2
0
-2
1
23
-4
-2
-17
-6
-1
-26
-6
-11
-8
-3
-13
4
-18
-6
-1
0
-29
-7
-15
8
0
-19
1
8
5
3
-3
1
-10
-3
-4
-7
-3
-14
-8
-7
-5
-6
1
21
5
0
0
9
2
18
6
9
1
13
12
-2
-15
-7
-2
8
-3
-3
5
-3
-12
14
22
28
-7
6
2
19
-17
23
21
0
5
-11
2
12
0
30
10
8
38
-2
19
46
23
6
18
16
19
5
22
-1
8
16
25
24
11
21
8
43
-10
3
23
21
22
5
0
25
12
4
16
18
20
10
20
13
16
22
16
6
7
12
32
9
26
11
21
8
36
18
19
37
2
21
20
32
14
-11
12
46
14
20
12
46
23
8
30
22
11
-11
34
42
15
14
15
12
12
16
45
14
52
19
-5
22
3
20
19
26
38
24
8
29
31
26
21
26
43
47
34
26
11
6
47
16
25
-2
29
25
23
23
15
-10
19
17
21
26
23
14
9
17
22
44
38
43
27
28
31
9
56
23
28
35
25
16
28
49
41
53
30
16
16
6
4
0
24
8
21
10
28
34
0
12
19
20
36
36
15
29
24
17
32
21
39
25
36
40
42
7
22
61
48
35
10
8
49
63
49
24
48
9
34
32
36
21
40
22
21
45
0
41
3
45
14
42
56
23
42
24
19
26
48
42
55
49
62
29
56
20
37
40
36
26
41
18
35
20
51
30
11
37
23
18
25
62
42
39
44
57
25
46
36
27
21
41
36
43
35
41
43
69
33
29
59
35
20
46
62
12
56
30
14
11
35
20
28
21
27
45
59
46
37
12
37
32
50
42
32
39
37
10
34
12
41
25
41
50
41
16
51
34
25
58
25
41
15
28
22
18
31
41
55
54
37
40
53
52
50
23
31
45
51
27
54
42
64
43
42
43
38
26
50
39
34
31
68
54
11
18
42
39
48
48
58
20
39
14
66
44
50
43
52
37
80
44
70
26
66
37
36
54
34
67
53
22
46
37
23
46
21
32
17
23
51
50
49
42
24
24
41
39
50
46
43
60
38
26
53
49
33
44
48
51
75
60
54
56
30
43
44
28
44
60
45
46
46
50
28
34
52
55
49
65
36
47
48
28
44
58
32
51
32
49
50
69
63
48
76
43
59
57
55
48
65
52
36
54
62
47
47
59
47
33
37
51
39
52
25
81
48
42
36
49
42
85
31
61
62
57
44
81
33
51
43
44
36
85
49
53
59
50
61
47
47
43
36
58
74
45
64
52
53
62
30
58
73
32
17
28
34
61
45
47
31
62
50
66
47
32
25
54
63
61
55
63
54
58
53
43
37
53
82
48
49
54
33
48
58
43
66
50
62
14
47
62
43
25
39
60
56
61
55
38
56
50
48
56
40
58
52
55
46
38
45
47
59
44
26
39
41
44
32
48
50
64
39
66
51
49
57
48
56
70
48
70
57
57
66
64
57
41
53
34
35
76
55
59
46
53
49
28
48
53
40
62
38
75
65
68
48
60
62
29
50
50
61
48
43
34
26
59
51
33
30
58
65
66
60
57
49
45
25
59
91
17
47
59
99
34
45
47
43
51
44
62
43
41
87
73
72
57
69
39
54
42
49
41
54
61
37
44
38
41
48
60
38
25
35
55
60
29
31
20
83
67
45
70
51
76
32
56
75
49
54
60
57
28
44
64
34
62
61
51
68
59
57
35
46
38
61
65
70
41
58
32
49
55
54
68
60
28
48
67
50
12
41
52
38
45
36
73
48
53
63
68
71
64
62
38
79
31
67
56
45
63
45
51
55
51
78
77
35
65
39
58
39
57
31
50
47
58
35
20
69
46
34
62
58
59
45
60
53
56
55
65
26
43
39
51
42
58
50
76
75
67
53
22
63
60
46
62
60
66
51
67
38
24
42
55
35
43
43
53
47
38
48
41
43
58
62
64
80
56
62
45
40
44
70
49
47
38
42
37
45
68
75
57
77
46
57
47
69
34
50
62
59
43
52
70
66
47
57
74
49
46
91
45
40
65
54
69
48
67
57
61
42
45
64
58
62
23
67
60
55
32
46
81
66
77
34
73
57
39
36
42
63
63
37
41
59
66
40
67
51
61
19
46
48
62
54
69
81
85
39
40
55
27
70
39
45
57
60
71
54
32
88
60
43
62
62
40
46
61
55
44
59
52
53
59
57
43
47
47
51
41
48
44
68
60
55
67
42
42
77
54
70
50
71
85
36
52
56
63
38
36
87
34
43
60
71
46
71
40
61
53
41
64
36
49
81
63
28
53
42
37
45
54
14
26
54
56
61
48
21
43
70
81
53
41
72
52
74
63
51
45
61
52
48
61
65
58
59
68
47
44
46
52
60
65
58
70
42
47
55
48
36
67
68
26
63
65
78
58
63
59
43
53
56
95
25
65
33
73
54
50
63
45
53
85
50
60
40
56
58
40
59
45
46
58
36
35
46
61
71
44
67
65
76
51
66
49
56
64
61
42
76
48
43
52
86
24
48
34
57
47
56
39
64
19
57
39
57
53
84
57
71
46
62
76
52
72
68
62
63
68
30
58
48
46
58
38
60
70
26
57
49
55
32
93
56
54
55
54
49
54
56
36
63
54
83
67
78
67
51
73
56
63
87
40
59
56
40
30
54
51
41
48
51
39
59
39
47
83
50
51
84
71
60
90
40
43
44
79
59
49
62
36
45
72
45
46
36
49
37
62
81
47
48
55
22
57
42
50
48
59
66
47
56
41
51
50
49
47
49
78
65
85
89
67
87
69
59
68
56
27
48
76
49
54
56
34
29
47
51
58
26
47
58
48
44
41
75
58
41
51
64
78
89
46
72
40
57
80
51
67
78
31
59
48
51
57
50
45
55
59
46
54
81
53
73
56
56
74
20
48
72
65
60
48
38
47
26
65
27
41
47
83
87
52
52
80
59
61
55
56
67
43
40
69
58
81
44
39
55
64
49
38
45
44
77
60
46
44
64
84
87
53
46
54
43
28
72
39
85
53
64
58
65
67
57
64
46
58
78
49
66
61
63
57
54
41
48
54
68
37
62
70
64
59
55
85
49
53
82
59
60
68
47
56
29
67
47
50
78
54
69
62
20
70
61
45
57
71
61
56
42
60
74
42
65
49
56
52
75
63
69
61
41
46
56
77
79
59
62
62
49
66
58
38
26
59
62
41
50
66
67
43
65
38
45
31
37
88
71
34
51
50
64
62
80
63
71
42
50
42
44
50
31
67
72
22
66
37
92
64
73
54
74
52
48
50
49
64
81
81
58
62
44
65
60
58
73
57
51
72
67
53
27
48
40
66
48
48
59
54
72
69
65
76
67
37
37
66
70
52
74
62
55
46
51
58
44
64
44
42
86
72
56
54
51
70
54
51
63
46
47
61
72
77
61
43
86
37
76
67
64
66
76
57
66
73
84
63
62
51
78
38
36
51
84
69
65
59
74
58
53
61
58
67
62
54
80
84
60
67
65
53
57
56
73
17
63
73
38
51
54
45
56
57
19
39
66
80
58
35
58
31
54
65
67
40
66
49
48
53
48
27
57
64
69
46
50
52
30
65
61
60
53
48
58
69
64
74
76
62
70
38
72
81
38
59
80
63
68
75
47
72
71
80
33
87
44
76
73
78
66
76
51
34
79
56
44
69
74
34
80
37
40
57
74
55
47
60
76
54
85
55
72
67
33
58
75
59
65
74
50
56
72
52
79
72
78
51
51
57
61
65
72
63
51
50
46
53
50
63
48
53
67
73
61
82
73
64
67
22
58
61
69
59
57
56
47
38
76
73
61
61
34
82
50
43
75
75
68
75
50
55
62
71
44
63
51
76
52
66
89
49
49
30
91
69
32
61
36
56
51
44
83
41
62
41
42
61
50
74
66
62
83
42
61
55
92
78
55
61
65
68
59
58
46
53
86
66
60
65
63
65
83
38
65
63
33
76
63
57
52
58
74
55
60
52
54
56
55
59
43
51
57
41
33
66
84
57
66
54
75
31
69
79
65
57
48
63
63
61
63
53
47
62
51
47
68
63
73
43
52
34
42
23
51
68
52
58
51
53
68
61
44
71
52
64
42
43
35
61
39
85
66
55
50
67
81
69
77
80
62
64
62
72
29
46
37
62
69
69
52
45
45
91
42
47
71
72
44
32
71
49
99
50
68
48
44
27
42
45
63
54
58
72
65
75
75
40
89
38
52
57
74
78
47
64
36
50
62
59
31
64
53
57
77
53
81
58
67
76
62
61
72
46
68
81
77
86
43
67
72
60
62
59
41
50
51
60
55
53
73
64
79
81
43
95
49
54
52
47
82
36
96
70
57
57
45
63
59
63
79
40
50
77
45
72
72
41
57
64
70
45
54
71
62
77
49
47
49
42
44
67
65
43
53
23
63
47
50
53
74
36
55
52
75
61
94
88
62
42
83
46
54
49
71
50
53
60
43
52
62
75
81
75
65
60
45
67
72
62
50
43
39
45
75
47
61
55
49
76
46
55
80
58
57
70
61
62
65
64
43
57
67
67
82
61
63
73
77
74
58
41
50
67
61
21
67
80
51
92
34
54
63
44
76
63
33
49
61
56
74
53
40
67
69
38
47
70
41
43
81
46
48
60
65
44
63
64
42
62
66
49
71
50
50
65
63
79
62
67
57
52
39
65
48
92
66
48
52
57
65
59
26
62
61
68
55
64
67
70
60
77
70
78
40
64
50
73
67
29
47
83
61
71
58
49
69
84
91
58
62
63
86
62
60
74
68
49
43
77
80
53
63
78
44
53
66
71
49
69
72
64
59
74
77
65
51
66
66
94
107
53
56
55
60
64
39
79
45
44
70
78
77
70
81
49
62
84
71
71
75
69
73
45
36
58
59
62
73
64
47
56
55
31
40
49
72
65
65
76
41
64
51
61
82
56
72
64
70
53
69
68
53
67
73
75
75
48
58
53
54
40
68
79
78
83
67
49
50
62
80
41
54
40
57
41
44
63
61
73
48
50
59
40
47
67
61
43
78
71
55
77
53
74
78
71
52
67
53
48
81
55
61
77
62
40
82
59
77
61
57
78
75
54
68
63
46
60
52
43
74
67
81
47
44
45
43
56
58
53
63
72
75
55
61
75
65
44
64
101
66
57
74
59
49
44
53
45
73
61
66
71
49
54
83
61
71
62
61
67
64
63
84
83
59
59
60
51
64
65
25
61
58
68
52
61
97
76
83
45
55
63
84
71
35
70
62
70
82
41
51
87
74
70
55
39
76
54
52
83
73
49
58
65
69
89
80
68
36
70
72
70
54
58
50
53
61
66
62
62
56
51
40
81
41
39
63
58
52
54
58
78
70
32
65
40
44
43
59
61
64
68
62
31
84
51
36
60
34
57
50
62
80
84
54
52
53
53
54
74
58
51
78
58
59
87
56
64
56
76
80
69
76
42
61
38
58
76
48
33
57
33
74
82
48
60
72
42
58
51
53
34
50
51
58
39
55
32
36
78
64
53
50
71
62
57
61
73
79
46
41
48
54
64
82
46
54
67
67
63
70
40
66
57
73
62
79
30
48
33
46
38
61
30
59
68
37
76
58
51
57
55
45
42
66
41
68
37
62
56
38
66
55
71
69
52
68
41
73
63
70
47
71
61
61
