-45
-39
-32
-41
-50
-17
-15
-11
-4
-1
-4
-2
5
19
24
14
20
31
22
42
5
23
21
7
45
22
56
22
42
50
19
0
34
14
29
47
53
35
44
38
52
49
29
48
50
79
63
36
65
38
41
34
56
64
39
56
69
68
45
26
37
29
49
36
72
69
26
42
44
54
38
47
31
53
61
57
47
42
43
66
60
45
54
3
42
74
52
49
35
57
44
62
66
55
39
40
86
42
75
62
70
56
40
40
38
55
58
40
69
70
51
72
66
60
84
58
48
43
63
69
54
74
60
70
64
53
61
57
75
61
61
61
74
67
47
49
71
54
71
57
67
74
80
69
69
77
68
49
60
68
42
72
83
82
94
61
67
62
59
115
52
56
83
72
75
86
76
81
75
84
70
78
55
73
40
84
78
79
88
88
96
68
56
80
69
73
79
104
81
69
65
69
78
60
76
76
100
82
70
60
73
83
57
97
83
91
89
91
100
73
66
50
57
69
87
79
70
59
76
86
98
74
70
92
83
61
86
90
62
74
73
96
66
77
43
80
91
64
86
82
83
93
79
55
106
81
80
74
72
79
78
94
81
61
71
83
78
64
90
80
66
91
96
69
89
68
75
72
50
72
70
96
77
84
90
102
90
67
76
78
99
67
68
78
76
79
84
79
64
98
73
79
58
79
69
82
83
76
84
83
82
69
107
84
97
103
102
87
76
79
77
80
86
90
76
97
66
67
80
85
80
53
76
93
89
76
150
75
84
98
68
76
83
93
87
86
71
60
61
44
87
57
55
90
38
104
62
113
115
66
83
117
92
94
94
108
91
89
81
86
75
95
88
94
87
84
91
95
87
88
76
68
81
70
68
87
68
84
64
80
88
81
66
84
77
81
92
90
81
100
125
110
81
80
89
88
112
99
67
70
54
92
110
105
101
74
99
94
89
101
55
110
96
106
94
101
114
99
114
84
63
80
97
104
105
94
90
87
88
109
97
93
83
94
81
85
94
81
96
95
87
74
111
61
75
79
86
93
88
95
79
90
77
83
93
77
71
64
104
103
78
99
86
99
97
98
89
74
98
79
76
104
82
69
97
117
93
81
91
87
85
129
92
80
94
99
102
87
61
115
100
68
120
94
75
97
107
90
104
69
86
106
81
84
123
82
107
126
100
75
78
74
77
84
94
75
73
89
115
103
104
92
67
64
79
108
114
119
94
101
115
100
116
93
98
107
107
104
91
89
107
68
55
114
76
87
87
78
99
91
112
64
120
93
93
89
101
118
72
89
98
97
107
71
97
110
88
107
101
89
85
105
89
97
99
106
75
73
85
101
83
101
107
96
88
97
145
115
88
93
98
139
81
86
114
85
91
60
107
93
92
70
96
112
92
98
105
105
114
85
92
104
121
106
93
112
94
85
93
86
60
99
92
85
62
124
103
87
115
106
110
101
83
108
97
114
117
109
113
98
97
84
100
123
111
114
108
87
114
119
98
109
100
108
82
78
103
118
108
107
88
106
107
83
132
97
120
95
106
123
67
118
107
95
93
86
71
88
82
105
102
116
118
83
134
120
96
90
82
125
146
86
106
128
102
102
145
96
106
116
103
86
102
84
76
102
105
130
90
99
128
125
112
85
98
165
85
97
77
95
55
105
117
86
97
97
66
78
105
109
79
99
78
97
101
97
101
85
99
104
67
111
119
110
100
100
113
87
94
110
100
113
116
92
121
91
102
112
80
122
82
97
100
103
95
69
111
103
67
103
87
90
95
88
121
72
82
97
104
76
85
91
81
89
66
102
104
81
128
85
95
99
84
109
102
114
113
103
106
110
108
