-56
15
-21
-4
-1
-34
-27
-59
-22
8
2
7
5
53
-5
37
-1
0
-21
23
-13
-14
17
-20
75
80
14
53
-27
5
2
0
36
137
88
33
50
65
109
77
107
152
111
70
128
96
106
96
90
25
67
68
23
107
58
116
63
38
91
36
104
-10
143
101
48
83
102
82
136
121
89
64
135
67
88
44
96
102
107
43
80
88
68
119
72
72
148
88
167
260
162
128
163
153
115
125
98
110
121
108
174
140
156
67
131
116
142
96
127
130
157
152
133
56
96
126
215
74
140
156
190
130
127
144
153
88
117
141
121
114
125
150
170
139
140
128
170
143
178
148
113
145
124
157
126
139
161
165
142
88
91
164
163
147
88
124
116
173
168
167
99
279
165
155
140
137
177
139
112
117
133
90
144
147
160
137
138
134
180
159
134
167
138
106
155
151
184
98
168
118
161
131
155
167
154
132
119
219
153
142
124
165
140
105
160
158
98
163
124
166
114
166
162
180
127
150
141
168
186
190
115
125
169
182
100
140
111
128
183
170
145
158
199
117
168
133
148
162
203
195
167
184
166
118
132
177
169
117
135
187
114
154
123
139
124
154
170
182
174
132
141
152
159
148
153
146
157
140
130
175
219
158
171
148
179
157
137
144
118
189
151
173
106
137
199
187
181
283
163
158
186
182
121
137
169
209
120
164
132
148
162
192
138
162
161
176
174
164
139
148
195
154
178
163
136
131
175
174
153
174
140
135
148
95
121
171
139
165
171
143
174
177
160
131
178
222
118
145
200
157
177
197
158
144
168
123
153
150
166
170
164
196
177
152
177
170
163
156
155
140
126
200
92
154
182
96
103
181
156
156
170
161
162
170
157
183
165
161
210
148
156
147
133
145
159
165
113
167
158
154
129
142
136
187
121
204
114
156
160
172
176
165
167
149
183
172
196
175
189
118
143
162
182
160
140
145
157
142
185
150
129
147
128
149
147
136
142
322
190
138
160
162
142
166
175
156
152
160
138
161
141
134
166
178
183
137
136
139
142
179
121
131
151
182
121
176
173
122
165
194
165
148
110
202
193
154
135
127
188
203
168
160
167
190
151
174
153
91
94
136
146
150
164
186
154
167
197
189
335
141
142
135
143
115
166
151
175
118
168
142
133
180
195
167
139
181
161
172
165
169
137
129
139
151
167
193
148
175
150
130
165
184
112
210
157
167
199
156
131
163
284
162
156
168
119
190
161
145
149
185
155
174
165
170
178
129
184
161
87
193
156
169
175
154
160
145
151
115
158
147
148
142
143
160
150
132
185
165
145
170
190
141
319
166
140
176
166
200
231
124
151
92
149
159
252
157
120
177
166
161
172
157
195
176
168
176
127
141
166
139
161
163
194
150
169
349
137
133
167
303
118
176
152
135
116
193
193
157
146
107
201
129
159
174
185
178
182
186
172
182
197
168
180
171
147
151
171
176
176
145
225
146
176
138
174
280
204
173
184
143
189
142
162
167
98
163
173
150
166
321
168
147
115
202
199
185
190
143
148
139
175
193
181
156
163
151
157
161
134
145
161
192
184
164
168
165
193
196
186
200
142
181
189
174
168
218
173
169
141
143
168
164
188
190
187
185
175
146
180
165
136
128
137
141
205
165
152
177
156
189
159
203
158
163
179
175
143
225
186
150
173
166
199
182
146
135
176
170
135
210
209
165
162
150
159
164
162
166
149
196
165
168
192
172
202
160
166
172
