-50
-40
-23
-7
-55
-40
-15
-5
-22
-28
-43
-39
-30
-4
-20
-25
63
51
5
-13
-15
14
19
-39
58
26
78
28
33
39
21
28
-7
27
36
73
7
13
44
41
24
51
-14
78
-17
75
52
-13
35
33
60
39
93
73
29
41
77
29
39
34
76
3
97
11
33
8
-10
6
60
87
10
60
61
52
62
78
-13
41
-1
27
31
21
74
-1
-5
111
20
44
49
9
-17
74
91
30
14
-19
105
46
77
37
113
32
-36
19
-2
23
109
30
110
48
74
63
11
54
66
73
61
20
3
62
54
74
105
71
35
11
104
68
97
77
61
59
65
87
11
3
21
40
9
57
64
80
85
42
92
119
83
39
77
35
74
87
56
94
98
62
56
53
89
241
35
56
82
71
169
91
-20
30
34
105
47
106
0
81
20
109
42
84
75
129
134
64
35
113
65
74
32
90
53
48
38
65
43
80
84
30
122
41
27
28
57
60
31
117
83
64
98
94
217
40
110
37
39
104
93
60
64
97
65
47
102
45
52
127
53
55
82
44
61
-16
62
94
71
82
88
94
86
62
96
46
65
86
32
61
87
74
43
16
20
59
51
74
62
6
50
77
102
58
121
22
112
85
74
53
148
26
61
7
11
72
71
66
101
106
76
95
-22
74
68
61
117
106
11
154
47
86
89
75
45
145
26
72
71
112
130
17
57
62
51
64
85
-8
116
2
35
65
90
18
42
70
77
83
107
100
54
93
24
45
29
103
87
78
70
46
123
77
104
87
99
190
19
45
24
98
40
100
50
75
39
37
99
41
13
42
17
96
57
123
73
61
81
110
91
81
73
144
90
79
69
99
104
108
76
115
54
68
71
93
72
133
68
57
65
103
56
62
57
46
51
75
72
69
71
98
116
94
108
130
82
120
135
123
70
93
50
105
37
79
31
67
25
70
151
116
104
62
93
73
88
100
89
138
52
141
95
117
99
102
104
32
83
142
125
95
87
111
76
28
95
147
117
104
76
132
68
60
115
11
72
96
105
68
124
19
86
25
133
60
92
173
40
128
1
104
85
47
102
53
101
156
63
101
84
82
104
125
96
96
111
109
65
79
87
81
107
133
89
82
72
116
90
278
100
68
51
101
129
103
67
69
108
101
250
79
91
143
102
91
83
97
72
115
74
22
159
44
41
65
75
38
68
41
91
128
60
42
-2
96
138
87
69
124
29
77
74
123
99
86
126
87
70
125
84
93
134
134
108
39
80
61
91
6
58
106
70
102
92
81
78
43
117
90
141
147
38
120
85
151
92
120
138
129
128
61
52
89
71
87
124
31
79
99
75
111
89
126
116
41
47
141
61
93
103
59
129
16
26
121
70
63
11
130
78
89
128
102
67
19
128
135
109
74
96
116
62
39
163
55
152
102
102
77
109
65
88
103
49
57
95
7
42
102
72
57
89
38
87
34
62
105
99
63
29
115
87
101
139
98
84
115
17
68
58
139
129
151
106
78
150
118
87
115
199
149
35
101
26
64
75
119
32
96
90
77
55
75
119
78
101
155
68
110
89
113
85
63
40
90
77
122
112
57
89
119
128
135
120
111
92
104
86
93
102
126
104
82
115
49
94
133
114
72
41
136
8
144
99
122
113
51
213
157
107
91
68
136
70
48
78
121
72
123
155
68
106
37
59
114
93
144
72
74
88
50
94
99
81
134
45
39
4
112
161
114
98
64
129
129
93
53
60
106
69
57
132
103
112
99
59
132
86
112
93
76
80
32
134
96
50
82
116
121
55
85
145
21
63
44
131
34
86
78
121
64
124
112
158
72
97
16
55
140
82
41
98
101
97
89
34
123
98
151
95
140
99
103
64
86
113
113
85
110
112
87
102
152
209
123
78
129
85
114
45
142
120
72
73
84
111
74
118
79
160
161
134
83
57
88
125
92
115
83
90
101
14
111
64
132
119
147
96
126
