-58
-12
-77
-15
-36
-53
-58
-27
-61
-80
-35
-35
-66
-20
-68
-71
5
27
-51
-11
-49
-42
-37
-57
-65
-85
-50
-72
-82
-52
-51
-63
-63
-70
-30
-10
-18
-48
-28
-38
25
10
-23
16
1
11
-23
34
-1
5
-15
-16
-16
-6
-17
-1
-16
6
-18
-26
-19
-8
1
-19
-3
-23
-36
-12
-43
-19
-1
-17
-1
-16
-5
-4
-3
-8
-53
-15
-43
-15
1
-16
0
-25
-19
-21
-23
-25
-19
-21
-32
-30
-29
-42
4
-39
-15
-37
-37
-41
-33
0
-25
-54
-58
10
11
-42
-40
-60
-29
-37
-26
-74
-69
-11
-49
-39
-14
-26
-64
-42
-33
-1
-8
-36
-58
-61
-25
-24
-16
-5
-24
-5
-29
-54
-32
-8
-8
0
-43
-9
-34
56
85
33
23
-31
35
-44
-23
-45
-17
-43
-53
-40
-48
33
-33
-10
-23
-75
-54
-11
-35
12
-51
-53
-6
-36
30
1
-47
-21
-22
-44
-13
2
-62
-36
-17
-23
-36
19
-23
36
-8
9
-2
-17
18
-57
1
-22
48
-35
-9
-39
-14
-19
-18
-7
-60
-17
-4
0
-53
23
-28
10
24
-44
-15
32
8
6
59
-18
-7
-18
-9
30
-18
-20
-38
-49
-30
-23
25
-17
-25
-12
-37
-10
1
-13
26
66
0
12
-7
-2
26
-18
-38
24
56
0
10
3
8
-22
-7
-22
1
38
48
-44
9
46
48
-38
12
59
-78
-38
36
69
-10
7
-12
77
-17
92
35
-16
96
78
77
32
63
-9
64
93
32
10
-44
30
-55
-46
126
11
-39
35
70
105
72
36
101
40
-39
-14
-47
-20
-12
53
21
4
3
46
-3
-11
-32
-26
-2
-15
-91
-19
-41
15
-17
-30
-4
-20
-30
-48
26
-53
-48
30
-1
14
-20
-16
92
13
-25
75
126
54
80
73
29
9
-30
62
59
156
-9
61
65
122
128
51
-29
11
1
-11
86
106
71
83
27
-22
112
112
17
15
-14
33
-3
40
73
26
27
57
37
64
7
7
50
74
15
-48
76
37
72
59
104
18
122
46
-4
17
131
12
55
117
9
27
23
87
140
37
105
31
20
114
102
42
66
60
81
79
47
101
112
91
-18
28
85
74
-10
101
134
48
84
74
87
246
74
81
77
67
50
78
65
38
116
94
91
81
118
66
116
65
57
87
133
107
69
83
-9
98
90
48
38
86
81
53
129
29
136
145
116
105
88
121
146
80
109
104
133
143
76
90
173
55
81
109
87
89
47
65
152
29
89
76
135
109
97
161
146
94
119
116
96
125
110
54
134
97
26
54
139
85
96
145
42
111
58
78
129
94
140
105
81
100
-19
102
89
36
88
84
196
118
82
157
66
154
102
141
95
59
86
95
51
62
100
64
116
67
162
9
57
121
90
83
91
95
83
141
5
160
54
8
96
89
99
83
23
81
62
45
53
120
89
59
81
145
149
166
42
81
119
87
-3
94
91
80
64
92
134
27
78
64
84
48
130
93
131
109
99
132
97
141
67
94
81
133
90
74
96
129
75
106
71
63
98
133
109
96
107
101
84
86
52
41
92
70
99
42
80
104
102
135
114
107
124
160
85
71
180
98
81
52
81
133
68
67
120
91
118
130
48
123
66
57
104
143
112
124
131
129
51
130
103
120
87
122
157
148
142
131
79
144
120
117
86
91
-5
0
46
80
127
136
2
94
81
55
170
102
69
-3
-25
-34
116
116
141
86
118
142
93
100
65
103
161
102
79
101
107
88
76
268
90
153
87
55
45
71
60
86
152
138
28
187
