-60
-63
-23
-51
-51
-58
-30
-30
-41
-26
-38
-21
-58
-81
-30
-63
-48
-77
-56
-61
-36
-37
-51
-48
-50
-34
-59
-32
-29
-61
-58
-28
-18
-57
-24
-31
-22
-80
-41
-47
-21
-48
-44
-39
-35
-39
-15
16
-54
-27
-63
-40
-33
-25
-1
-50
-52
-53
-22
-61
-31
-51
-33
-9
-32
-51
-60
-44
-47
-44
-50
-46
-40
-26
-42
-1
-11
-28
-68
-53
-24
-33
-26
-6
-10
-34
-13
-59
40
-50
-24
-67
-21
-50
-22
-54
-65
6
-7
-16
-42
12
-15
-7
-35
-3
-27
-28
-59
-30
-26
-16
-65
-47
14
-40
-69
-50
-54
-35
-53
-26
-7
11
-8
-42
16
-44
-20
38
0
37
-3
-16
-8
51
-47
20
-27
-12
5
-22
-2
11
-33
39
-6
4
-46
-14
-31
-22
15
62
-14
10
21
71
-26
32
-12
10
-18
2
-1
-9
-16
-9
39
65
-3
54
39
36
36
39
-14
41
22
17
3
-42
4
29
35
52
6
-15
57
54
-23
34
10
41
70
6
55
24
39
40
15
63
36
60
72
18
14
71
70
52
8
53
29
38
76
15
55
49
50
60
96
31
100
46
44
31
39
53
17
32
90
13
108
53
60
60
57
68
71
42
99
-2
-9
30
15
55
92
52
109
98
21
68
58
13
41
52
35
34
123
93
10
66
37
45
88
85
14
56
11
32
-6
79
123
116
51
54
85
98
31
85
52
58
54
115
76
55
81
27
62
68
92
101
52
117
90
83
72
123
73
90
65
46
62
121
101
110
99
107
101
94
51
43
8
103
92
66
78
61
77
87
86
49
58
70
74
133
56
101
68
37
45
67
61
30
153
58
99
109
64
88
84
119
110
64
118
49
75
68
114
96
107
90
77
83
106
105
52
96
108
124
73
113
104
75
90
26
96
112
74
67
65
88
105
60
141
32
101
78
51
58
49
54
90
95
91
22
105
99
173
95
78
83
124
97
83
134
99
44
-14
78
67
134
101
119
76
118
69
125
138
139
118
103
113
136
98
102
128
48
109
146
79
40
78
67
98
60
55
101
101
71
175
62
68
31
59
91
97
62
100
86
69
131
103
128
95
58
94
78
90
102
131
98
89
102
120
110
114
68
86
107
100
56
87
124
74
107
103
65
110
269
131
123
101
139
106
101
106
113
119
82
94
53
91
119
152
115
101
119
71
117
87
109
90
100
104
95
165
131
151
105
120
118
121
123
155
132
124
91
44
112
102
21
131
97
74
140
108
74
155
154
133
106
127
72
120
89
84
41
104
133
100
125
121
66
81
92
116
56
108
114
114
138
138
48
138
110
115
70
96
143
60
72
22
104
115
127
126
122
106
80
110
62
160
102
127
99
112
90
106
121
99
147
63
107
68
122
82
109
97
130
113
64
80
102
122
143
111
76
92
117
135
90
115
128
89
113
107
136
117
99
105
96
148
130
92
94
58
119
155
68
95
131
121
68
96
51
96
116
91
67
87
63
120
84
139
160
98
116
101
94
103
105
104
128
98
98
131
154
31
82
114
128
101
112
68
127
126
116
132
92
87
119
157
139
105
91
135
146
48
120
104
100
111
95
120
108
117
111
78
72
79
138
114
82
122
98
169
147
57
87
132
51
115
84
157
73
107
122
65
140
131
42
154
97
124
128
106
177
58
152
81
140
141
136
74
140
153
149
80
95
98
90
134
95
67
106
233
108
64
113
154
177
91
156
113
155
43
142
115
86
159
112
131
99
107
110
46
107
71
81
143
59
119
149
134
280
98
133
142
62
54
138
134
111
111
118
101
90
85
115
114
54
71
82
128
114
91
96
170
133
157
136
111
157
118
70
92
124
122
104
84
62
125
179
94
113
86
139
130
148
82
86
76
134
99
98
86
162
140
89
112
113
91
65
96
109
146
109
137
62
110
113
85
99
97
110
78
105
97
62
72
131
89
110
90
142
93
109
120
121
150
129
97
74
110
85
244
88
74
100
120
133
178
183
74
83
160
54
132
147
90
132
109
80
135
52
130
150
74
89
144
93
92
81
126
147
132
103
150
105
154
75
126
102
127
118
72
108
122
88
98
116
102
92
124
138
156
142
128
60
94
151
110
35
86
124
130
79
86
149
105
96
120
131
117
110
122
107
100
110
118
96
100
108
48
123
88
106
84
133
119
43
128
138
112
121
133
95
138
130
135
153
130
142
148
112
119
32
162
94
96
162
87
79
97
128
115
87
128
81
145
71
114
115
69
162
116
123
96
114
79
112
140
114
114
131
124
113
67
86
100
49
152
147
102
125
129
72
98
144
102
80
95
102
88
101
128
154
112
130
64
112
94
108
51
55
106
108
127
84
97
118
159
139
115
39
134
104
76
174
66
116
113
131
190
163
165
76
107
53
114
126
119
15
54
111
110
114
154
84
89
105
127
53
120
152
55
107
133
135
118
122
104
70
92
83
84
143
128
63
78
133
123
70
144
99
98
114
137
30
87
93
111
155
138
138
112
118
66
110
144
97
141
109
132
69
164
135
124
122
117
98
151
27
119
148
115
103
131
172
114
90
117
118
54
111
78
113
110
112
110
123
73
124
72
125
92
152
134
108
86
128
147
91
107
96
83
90
100
91
96
140
92
110
47
89
84
117
118
101
95
123
59
114
114
163
100
161
81
79
84
86
158
120
109
110
82
136
97
123
103
141
148
110
124
140
140
139
140
113
129
126
126
132
128
154
144
117
121
95
128
139
158
102
148
265
101
83
194
73
113
150
127
102
129
130
149
136
108
70
111
128
138
172
151
133
98
71
85
176
123
136
143
128
180
90
72
134
98
107
135
143
101
134
164
113
90
50
129
129
113
107
169
152
137
119
119
104
118
64
63
123
119
118
148
114
155
62
133
83
87
111
85
162
91
130
113
95
146
110
118
156
95
73
191
146
115
114
95
119
118
87
111
127
198
125
79
80
111
125
162
107
146
155
114
78
117
93
65
107
128
144
71
119
116
72
144
70
122
46
151
71
78
126
99
105
180
116
121
156
114
97
173
62
129
49
88
116
124
67
170
114
119
137
114
105
123
69
117
112
36
147
75
155
142
131
109
120
140
66
120
177
94
128
136
138
61
123
154
132
73
316
123
109
135
108
116
125
126
109
124
112
82
122
157
139
112
161
142
71
123
122
162
121
106
315
84
154
79
91
132
101
124
102
154
130
123
94
119
128
136
144
78
106
156
136
123
98
141
139
80
120
41
159
131
152
77
44
97
131
160
118
162
96
58
109
102
185
164
120
72
107
173
165
127
135
125
38
108
76
79
110
97
105
157
288
107
118
125
69
126
134
152
92
141
171
124
123
98
90
118
129
74
111
163
122
58
151
88
126
142
90
88
117
108
173
140
131
138
111
111
157
127
144
94
158
97
153
136
86
115
88
143
105
150
55
148
78
94
150
158
99
71
137
75
94
182
140
70
127
96
112
106
139
117
129
149
110
151
75
75
110
133
128
90
147
149
115
135
79
90
142
136
155
191
68
114
105
156
137
180
135
149
107
129
67
87
165
137
124
104
79
124
127
159
137
117
160
93
141
129
145
160
90
110
110
101
119
149
151
50
116
124
149
180
181
54
130
118
84
162
156
69
116
108
115
110
116
106
119
94
94
128
133
83
122
148
143
119
116
102
158
72
138
122
137
105
116
102
130
152
108
122
123
95
85
132
159
108
131
95
158
115
130
80
144
129
107
111
158
125
148
113
96
92
168
106
119
131
87
123
148
99
163
90
136
116
77
145
95
125
65
158
131
122
183
108
104
155
100
157
83
117
108
90
103
106
171
107
143
157
113
128
142
147
150
166
114
131
108
100
152
160
115
90
104
158
90
105
104
149
139
122
161
143
20
149
133
92
121
173
134
56
111
93
161
120
94
95
101
68
178
78
62
129
124
130
164
103
90
160
111
87
111
81
125
129
106
175
48
144
99
124
118
73
145
107
28
130
54
141
104
88
137
108
101
104
115
99
95
101
114
158
165
164
90
128
114
145
110
128
149
143
135
91
140
125
123
130
151
183
93
100
130
146
170
121
63
122
102
144
132
133
129
125
123
103
133
119
137
99
119
89
45
113
153
103
150
11
61
60
130
125
104
114
98
117
98
128
49
175
112
35
142
70
125
148
99
126
130
145
150
160
124
156
125
95
54
122
115
95
129
125
147
79
138
113
130
127
108
92
130
165
108
117
134
34
161
86
159
141
79
106
122
100
56
90
92
162
135
114
73
121
50
127
129
106
145
34
164
125
106
106
140
134
112
115
44
135
96
160
149
138
26
97
121
55
136
153
144
100
135
166
112
119
80
145
79
119
30
166
144
155
25
188
138
60
115
124
96
107
120
124
75
89
128
154
138
82
80
138
117
14
109
176
126
147
144
107
97
117
109
112
135
109
146
141
145
110
97
113
97
112
131
108
144
87
61
174
133
182
159
81
93
72
111
47
114
103
129
85
132
101
154
163
105
127
114
26
126
10
106
165
137
129
186
128
71
91
122
161
128
111
102
128
102
122
134
161
137
165
138
105
75
181
147
165
97
103
165
118
96
77
124
120
149
171
91
110
130
80
130
72
93
130
47
128
100
176
128
117
127
112
146
148
125
79
116
-1
151
113
28
79
112
21
195
130
43
162
211
104
108
55
116
97
148
99
167
133
166
149
164
149
153
164
129
124
118
118
101
112
69
121
81
141
90
101
103
102
113
117
116
188
116
124
147
75
103
130
62
83
149
111
130
98
147
106
140
115
169
152
176
80
150
