-41
-39
-38
-30
-49
-27
-57
36
47
-50
14
14
42
-2
47
-28
106
37
5
19
11
69
-27
-35
55
68
-12
64
118
54
50
102
50
-5
14
47
65
63
55
29
61
37
58
32
91
107
88
29
21
90
59
106
65
65
27
120
58
40
80
10
63
49
18
84
85
-33
43
68
54
78
24
-14
55
58
73
-16
47
50
82
17
55
51
68
36
38
69
119
133
60
50
78
18
49
59
49
62
108
137
46
7
42
82
-37
67
52
82
42
80
97
68
51
68
4
94
93
8
85
90
47
61
9
46
37
27
82
4
88
45
71
67
78
43
88
44
57
67
34
107
91
111
86
67
80
5
46
43
103
69
60
-10
72
137
39
35
40
83
69
83
47
134
92
85
145
71
70
80
12
55
114
119
39
146
121
73
57
20
71
6
73
105
58
19
91
71
82
38
38
24
189
36
36
63
35
26
88
60
11
112
35
99
61
71
70
15
90
47
138
77
67
43
97
48
48
15
104
-7
63
121
101
25
63
70
20
100
69
68
94
51
83
76
21
31
64
85
73
62
88
-6
63
66
88
112
107
18
256
53
95
83
55
-4
138
109
86
80
85
98
31
5
47
57
46
-14
116
96
34
44
119
94
68
120
7
70
105
153
53
120
140
96
88
37
117
34
99
106
50
75
93
117
124
97
46
110
56
63
93
102
107
92
69
64
90
83
63
81
51
92
87
83
70
78
67
32
96
40
50
86
79
68
102
96
103
68
100
76
60
23
88
103
89
84
64
82
15
69
58
36
5
128
77
48
82
64
53
56
56
83
99
56
107
123
58
74
81
108
66
69
72
134
134
84
87
62
81
128
60
89
82
111
14
92
49
74
86
85
101
110
119
146
53
87
75
120
53
82
55
60
67
107
73
90
117
114
81
60
109
108
117
83
98
68
129
37
97
112
95
65
102
64
90
47
63
95
68
105
87
24
89
99
103
89
124
83
108
127
123
74
132
34
25
121
85
53
97
121
84
90
109
92
129
83
69
84
143
68
103
95
64
71
116
118
85
89
95
106
84
58
109
174
86
112
43
77
113
88
74
156
40
139
106
108
112
80
146
115
143
67
68
114
138
98
98
145
115
61
122
78
64
97
123
124
120
85
74
102
86
90
159
78
41
117
104
94
116
84
49
108
124
102
96
48
124
88
63
66
68
128
88
74
260
86
102
109
93
99
66
67
116
111
69
136
72
137
123
89
113
76
155
103
117
73
55
105
83
69
93
76
88
88
67
140
129
61
82
145
133
107
100
124
105
67
118
63
103
57
81
81
137
121
107
112
112
89
