-56
-54
-61
-52
-15
-41
-13
-61
-9
-52
-15
-38
-50
-75
-61
-16
-23
-37
-7
15
11
8
28
-27
13
19
-11
-4
-27
-44
4
-11
-54
-46
-21
-24
-1
15
-60
27
-3
-49
-3
-3
21
-20
37
73
-52
39
38
-61
3
40
-46
69
-2
-34
31
-6
37
4
31
-21
47
-7
25
75
11
47
30
69
80
24
34
81
5
31
64
83
16
71
7
56
60
96
43
142
63
21
56
22
54
82
63
61
98
22
41
49
94
83
77
80
80
104
119
65
85
79
85
107
36
30
51
115
35
114
40
109
120
94
81
114
98
124
38
76
73
82
21
60
43
115
76
84
103
68
55
47
148
147
42
84
30
104
23
19
74
43
26
49
31
78
85
57
29
55
92
45
91
60
63
87
112
45
51
80
68
65
64
46
117
15
84
61
47
66
112
55
27
84
15
132
72
76
23
32
41
72
82
45
36
169
54
76
80
74
22
28
42
53
5
49
84
91
114
82
52
228
40
62
78
82
66
82
91
26
66
66
71
39
97
142
137
15
33
50
72
117
60
109
119
94
108
87
74
102
102
73
64
76
95
95
39
67
100
48
100
108
92
45
113
93
123
89
66
83
224
82
42
57
96
14
66
51
31
86
81
70
69
100
73
94
86
95
88
107
102
164
93
55
75
65
97
96
62
63
113
58
267
116
57
70
126
85
83
90
86
92
49
90
56
23
125
95
120
90
119
52
121
90
74
102
87
96
91
76
101
142
94
77
109
100
118
78
99
65
117
107
73
92
125
141
98
57
143
106
97
95
56
90
79
86
124
60
61
117
85
119
59
63
106
122
88
95
73
87
94
93
70
63
55
96
51
111
59
87
78
60
74
61
118
81
54
70
44
119
81
85
101
76
86
86
78
81
78
103
75
85
128
25
133
126
119
87
94
126
7
75
82
118
115
157
82
126
93
94
110
100
86
137
87
78
121
125
124
86
135
122
99
92
88
110
145
176
130
116
128
119
81
100
40
97
91
167
74
126
111
90
90
108
87
68
95
113
85
74
78
123
97
70
93
73
77
26
105
93
4
80
92
137
104
97
86
73
62
92
32
63
76
89
91
80
64
84
99
98
130
57
133
87
83
71
121
31
72
117
86
75
98
99
70
98
116
121
80
72
86
67
149
83
81
56
115
118
123
121
80
113
77
101
104
99
50
35
78
146
130
120
46
64
139
81
127
106
125
112
101
107
74
91
63
98
-7
80
102
125
99
73
98
55
67
142
58
98
76
70
-8
51
74
83
92
113
14
74
108
60
88
105
4
112
100
71
118
73
106
96
83
83
80
89
67
96
129
121
83
103
75
104
92
