-40
-53
-77
-47
-36
-57
-54
-29
-59
-49
-49
-66
-58
6
-40
-52
-63
-57
-54
-53
-64
-56
-27
-52
-67
-36
-56
-33
-34
-31
-68
-56
-14
-44
-61
-54
-43
-56
-58
-57
-39
-26
-53
-40
-27
-42
-43
-46
-78
-67
-62
-43
-37
-29
-64
-65
-44
-36
-12
-48
-57
-21
-38
-25
-15
-62
-49
-56
-24
5
-38
-53
-46
-46
10
-46
-26
-59
-25
-49
-42
-23
-38
-54
-35
-32
-66
-59
-51
-62
-50
-44
-61
-18
-58
-45
-50
-59
-20
-24
-38
-44
16
-8
-39
-21
-37
-39
-55
-31
-26
-61
-65
-57
-39
-2
-59
-40
-55
-31
-24
-3
-11
-44
-22
-47
-35
-42
-22
-10
-32
-86
-57
-46
-19
-66
-27
-56
-48
-47
-59
-34
-29
-39
25
-17
-33
-20
-35
-24
-46
-2
-48
-63
-3
-14
-49
-37
-30
9
-21
-29
-13
-22
-62
0
-70
-31
0
-52
-7
-27
-9
-8
-52
12
-30
-20
-59
-27
22
-32
-11
-15
-5
-40
13
17
-22
13
-6
-29
-59
-38
-33
-33
8
-59
-28
-39
-49
-33
-26
-17
-23
4
-4
4
-7
-26
0
-28
-22
26
-23
-5
-13
-66
-22
-2
11
-41
-20
1
-21
-37
-18
36
7
-26
7
-60
-46
-32
-55
-33
-39
-19
-8
14
20
3
17
25
-26
-17
-66
-2
-62
16
-18
16
1
9
-40
-13
9
17
11
50
-46
-36
12
28
-16
-16
-34
-22
45
-48
-12
-1
-29
1
-18
11
-12
-11
34
19
31
14
11
-39
4
-12
-7
-36
7
-37
4
-23
-2
25
-13
-7
-12
7
-24
40
-22
-24
-3
0
-49
24
-22
17
-1
-16
-9
-43
-53
4
4
32
24
-8
19
-41
10
-25
21
-34
11
-40
9
-45
-23
-9
-9
16
11
-40
-14
18
8
9
13
-33
11
4
-9
35
-24
-19
22
23
4
18
-7
-3
3
25
36
14
-13
-11
-14
-19
16
33
0
-19
35
30
32
17
19
-6
18
-23
9
19
43
21
-16
-31
1
21
-19
64
85
-7
-5
4
52
-2
-5
44
13
58
46
-4
36
28
-32
30
-17
43
-34
-5
-21
-25
-16
-2
19
-2
-12
50
-7
94
54
-9
41
38
40
27
4
23
69
49
13
-33
63
48
45
11
17
-23
8
11
52
-28
3
9
9
56
12
24
-3
20
13
32
20
21
3
-23
22
75
7
-5
58
23
22
19
65
62
-22
27
6
14
48
-18
-3
29
17
38
-35
28
84
19
38
15
-14
35
-5
82
10
20
1
21
53
-12
-48
35
42
12
12
46
12
-22
21
65
-36
45
-14
43
1
51
-10
35
19
24
24
43
35
9
24
22
12
0
61
49
19
39
1
58
17
76
30
-4
8
1
20
48
-21
46
24
-19
30
23
53
39
17
1
21
3
19
20
10
5
22
36
47
90
32
67
49
39
98
39
73
34
73
46
31
46
36
40
8
20
8
-10
64
11
-19
10
21
24
96
29
6
0
99
20
40
33
16
56
51
34
31
49
1
73
-16
-17
-14
54
68
44
44
92
34
13
-9
22
45
67
64
71
50
69
84
41
30
104
50
-27
20
68
61
45
-20
65
62
35
91
42
17
34
5
-9
50
-6
44
22
-4
53
17
68
69
24
63
35
18
28
29
68
95
40
84
57
4
33
40
10
82
76
17
111
59
-15
32
61
16
39
23
12
56
6
57
75
-20
57
45
34
35
88
-32
45
38
88
-6
35
62
-2
36
77
60
7
99
95
54
61
25
77
43
33
13
26
2
0
54
22
69
55
29
-5
72
86
14
9
30
11
12
29
77
71
11
97
8
30
53
46
54
55
24
4
141
27
115
3
18
9
67
41
63
59
9
41
79
-3
55
-21
57
38
62
50
70
54
50
40
104
77
48
106
24
56
69
-14
-2
19
67
35
42
55
38
80
108
57
51
29
38
71
24
85
56
95
70
57
69
20
87
85
96
56
35
101
56
-33
44
63
20
73
83
61
58
75
73
106
37
55
38
-5
98
26
38
27
70
102
72
45
63
77
104
70
0
70
46
75
39
18
86
41
25
22
22
113
30
57
79
30
71
57
45
21
42
13
92
110
52
42
42
76
73
74
77
17
13
32
82
97
88
55
76
8
16
41
87
56
36
51
18
27
38
96
54
85
40
88
28
48
48
21
85
48
51
68
102
3
37
15
49
64
50
72
22
77
66
31
41
46
100
57
56
70
76
18
46
59
93
89
60
90
73
77
35
31
-8
89
80
31
83
26
103
94
73
13
56
112
47
76
46
-2
45
46
100
11
77
111
58
83
89
48
67
4
29
63
64
76
-20
33
37
51
1
65
53
19
69
84
67
2
74
42
71
10
4
27
20
3
36
86
55
-22
10
95
53
22
0
27
25
67
46
8
75
25
52
56
94
55
83
79
29
120
103
-3
54
87
89
150
63
28
78
76
132
56
36
65
98
62
41
52
46
19
86
61
45
64
