-68
-38
-15
-62
-56
-50
-64
-28
-63
-54
-77
-44
-31
-24
-36
-52
-71
-55
-48
-70
-50
-56
-30
-35
-66
-69
-31
-61
-67
-41
-66
23
-22
-32
-57
-14
19
-54
-45
-22
-10
-30
26
-52
-6
3
-3
-44
-20
-23
-27
-19
-18
-9
-14
-39
-27
-24
21
14
-38
-15
-37
-7
-29
-18
-35
-19
0
-5
11
34
-2
3
-4
-12
2
1
-55
-11
14
-11
-14
-33
-25
14
6
-25
-35
-30
21
-49
16
-46
-25
-43
11
-6
6
-14
-17
-15
-29
-16
-26
0
4
-24
1
-13
-22
-37
-25
16
59
-6
-34
6
15
-24
7
-1
14
57
13
0
31
15
10
42
30
-3
6
15
-18
11
11
19
-44
-5
14
12
11
10
5
-28
17
6
13
8
18
4
31
15
-35
-5
11
20
21
-1
33
-3
-8
1
-1
-15
22
-1
-24
3
-27
-28
12
10
16
-25
1
10
23
23
16
18
15
14
0
-24
22
8
-23
-5
9
37
25
34
9
19
-8
-37
30
41
16
11
-15
45
14
47
1
7
33
18
1
49
-12
27
13
32
3
2
5
23
73
46
35
58
13
2
2
-2
-2
-2
4
24
6
-7
-12
8
9
0
4
9
-21
14
1
49
37
-21
6
-4
42
42
1
1
19
39
66
24
46
30
21
37
25
34
-1
13
48
31
3
42
38
55
11
10
60
-2
50
49
56
26
-3
9
6
36
35
28
51
47
15
31
6
23
19
15
11
18
21
84
7
40
63
-21
13
43
109
49
48
67
97
37
28
54
63
53
44
58
54
74
18
92
35
61
-6
26
33
35
79
87
65
34
41
-24
59
34
199
26
106
32
46
-12
32
40
25
-3
24
71
44
41
34
87
22
27
34
41
43
54
-7
98
26
27
50
107
142
81
5
59
58
82
102
12
40
74
55
71
71
46
74
81
75
7
49
63
61
-15
43
128
33
39
2
-12
58
14
38
6
75
61
26
20
85
43
63
17
76
114
87
52
97
18
57
73
40
55
108
79
59
44
40
76
32
37
83
72
-10
40
12
42
90
49
21
38
13
28
63
30
50
117
56
2
39
57
19
30
45
75
27
78
60
62
28
47
35
58
112
104
93
111
20
40
105
78
-2
63
56
-2
12
21
37
36
21
165
33
27
40
90
33
53
80
73
34
49
65
58
55
25
42
13
35
65
25
22
58
11
49
46
61
16
44
85
45
-13
92
68
21
42
1
61
58
78
10
82
78
33
53
8
41
70
14
58
74
75
55
-3
57
11
78
41
119
43
27
79
44
63
27
65
35
36
30
47
10
41
-8
19
119
44
13
17
-2
9
-3
18
24
-4
41
40
5
28
49
50
26
77
9
110
28
145
52
90
64
64
108
101
50
41
26
49
104
124
58
24
72
65
70
-5
-13
22
-19
-3
77
104
28
12
130
75
15
47
134
-37
28
60
105
-18
-25
48
51
51
4
4
43
54
101
99
98
31
24
58
163
75
-10
11
58
130
137
48
53
71
40
48
101
32
60
88
12
143
17
126
85
71
45
-11
89
29
-1
108
259
76
-16
59
-12
57
69
31
-12
39
39
62
-12
21
128
39
28
19
83
-13
51
3
97
50
100
34
61
32
87
51
-22
68
64
11
35
28
20
53
7
5
-16
-6
6
-12
-16
12
-22
41
2
71
1
47
19
24
37
19
87
48
56
93
20
66
-17
41
119
50
71
18
76
54
-3
58
60
24
74
127
30
30
10
13
1
37
-8
43
67
62
89
47
62
63
44
21
35
67
65
65
142
111
97
32
69
52
82
107
57
15
98
83
102
66
64
41
65
32
89
16
28
133
9
39
26
55
60
-12
83
91
17
