-44
-69
-67
-32
-43
-73
-58
-64
-74
-68
-45
-46
-60
-20
-51
-52
-54
-39
-36
-50
-47
-63
-24
-30
-50
-52
-53
-33
-26
-29
-66
-37
-13
-28
-42
-1
8
23
-32
-33
-17
-18
-51
-34
-34
-30
-42
-1
-37
-40
-6
0
-46
22
-45
-34
-25
-51
-24
-47
-50
8
-5
-38
-16
-46
-36
-11
-19
-13
-4
-22
-22
-6
-59
-45
-18
11
-16
-31
-45
-19
22
5
-6
-16
-33
-16
-47
-29
10
19
11
20
-48
-28
-4
18
-22
-38
-23
-16
-37
-11
6
-26
-18
-9
33
5
2
77
39
-35
17
12
-6
3
36
-3
49
0
38
4
41
21
127
39
96
32
74
17
15
-5
41
51
64
27
-22
64
14
86
38
40
63
7
87
38
7
102
27
55
22
33
82
-4
-7
4
34
29
1
14
2
11
-11
42
51
-7
-15
21
1
12
19
37
5
18
-35
-6
18
79
78
24
12
122
23
52
33
60
114
30
47
66
10
39
59
42
42
56
68
95
38
73
99
57
31
66
137
100
57
123
78
62
60
49
89
46
74
37
61
35
10
37
22
19
16
7
39
36
21
9
120
35
11
54
-4
27
35
-12
30
14
-9
4
-8
37
4
31
30
-6
4
6
38
19
19
-10
-1
35
58
30
50
-15
32
151
19
3
36
50
82
69
23
31
32
-5
40
20
-26
-5
92
35
84
29
58
24
83
42
51
12
41
43
24
26
56
34
68
43
52
88
127
72
43
11
11
27
116
19
33
43
30
72
20
44
88
97
63
105
92
92
85
97
7
49
77
43
-3
79
83
81
29
5
20
44
33
24
8
26
19
55
10
-3
18
27
29
27
80
44
49
29
75
28
70
60
23
13
20
-6
-15
4
19
47
31
93
56
48
67
45
23
44
51
17
129
31
58
79
12
40
36
94
60
46
24
51
27
57
46
18
42
73
44
6
47
59
18
68
17
-28
23
17
43
58
47
53
2
55
34
43
21
55
71
12
-3
42
88
118
41
68
90
72
25
104
12
32
40
76
68
64
75
31
55
36
62
44
69
6
126
4
83
63
53
88
109
119
114
69
76
20
11
-6
9
-8
78
-2
77
83
68
83
107
56
144
75
67
22
3
122
74
73
78
128
101
75
5
25
-3
53
53
57
113
75
66
-19
134
85
7
13
80
129
137
85
77
70
31
51
9
63
86
59
16
52
1
68
96
54
93
129
126
89
17
57
41
105
99
13
118
38
71
86
95
108
80
104
61
82
46
82
85
35
110
47
97
61
109
65
65
86
42
79
77
59
97
48
52
133
63
122
25
67
104
42
5
96
110
76
72
89
30
55
75
48
66
11
25
34
22
90
-24
83
78
104
35
92
53
54
103
153
70
72
103
119
54
82
115
65
104
-17
104
29
-2
-9
41
70
-11
28
4
-2
-7
-27
23
-16
121
0
-6
26
96
51
31
109
49
20
58
64
42
53
100
31
47
83
71
41
8
74
101
71
48
62
64
121
88
79
43
126
51
41
64
53
22
22
17
99
140
72
15
15
11
86
113
98
82
27
75
48
68
42
103
37
39
80
89
90
99
56
49
27
8
76
127
100
86
25
90
31
51
42
48
31
23
50
34
27
48
39
57
10
75
-5
28
75
24
50
57
-1
68
37
49
93
66
90
121
33
63
22
7
2
95
87
-6
42
128
95
62
65
137
72
102
112
51
12
118
112
41
85
62
94
65
79
103
102
31
34
24
43
-27
50
91
60
92
99
38
83
80
26
80
82
64
29
55
65
57
19
56
69
47
10
14
54
54
-4
32
38
79
91
96
37
84
86
60
41
61
77
49
54
43
44
73
35
35
56
46
47
43
32
42
65
25
19
21
12
62
49
77
50
94
54
37
88
68
33
-39
40
-23
67
83
74
130
76
56
74
66
81
55
90
66
46
21
74
91
82
51
66
48
88
92
121
82
43
69
36
67
123
122
95
79
115
31
51
27
-28
37
-10
-20
-35
-8
-9
87
66
30
81
79
82
41
84
67
94
63
12
21
26
31
35
22
16
100
-28
53
97
31
16
35
48
86
34
39
13
80
135
80
57
70
67
2
12
51
-18
7
58
-5
51
112
-8
64
16
16
18
3
4
88
105
173
121
62
78
35
98
73
86
34
-14
113
18
24
110
-9
26
-18
131
-2
75
74
139
94
123
13
111
90
25
52
18
130
53
29
72
27
80
121
-1
-20
-18
39
83
139
84
112
92
16
72
-24
100
83
13
34
58
28
66
0
12
95
-17
-10
101
100
84
95
172
96
58
82
106
118
96
83
59
26
97
70
94
84
49
77
83
39
53
-12
1
130
143
93
88
109
53
25
59
128
72
46
18
44
60
77
117
96
49
49
70
60
92
89
91
131
74
73
32
90
119
133
24
32
53
146
94
62
30
77
158
39
52
52
60
35
99
-7
81
12
94
94
81
107
39
156
65
58
123
60
82
60
117
83
77
92
65
63
115
96
126
49
40
135
17
123
76
52
-14
15
102
58
142
98
28
91
-24
78
92
68
-1
173
77
18
76
89
131
19
85
-15
111
35
86
51
96
40
54
82
84
106
75
3
88
42
98
116
92
86
103
194
117
64
124
49
120
108
105
93
93
69
114
71
104
10
62
83
50
103
95
66
118
31
120
20
64
94
72
37
97
84
77
8
68
17
29
-12
108
96
111
98
59
0
108
57
10
58
94
8
102
-1
-5
-18
27
108
87
146
87
31
24
5
15
-17
-10
-7
-17
161
13
133
-21
130
38
85
54
-21
-26
1
109
96
46
-7
100
112
0
117
119
107
-7
103
53
29
86
74
98
63
49
65
62
4
69
90
90
79
8
83
79
84
53
51
63
59
83
39
72
109
42
94
90
22
30
100
89
126
40
121
5
73
76
129
37
87
27
78
17
139
79
89
130
37
100
104
77
88
18
-11
104
129
-1
62
79
140
47
16
80
-18
49
100
70
53
60
80
97
87
38
80
64
74
60
23
38
8
120
70
52
28
90
63
73
105
77
56
63
67
18
93
126
81
-3
80
106
63
52
72
31
33
113
77
94
55
20
47
84
1
87
85
16
64
74
76
78
9
12
110
103
27
90
98
89
103
12
-2
39
77
85
77
66
91
41
46
13
31
104
39
-9
40
8
30
35
31
8
76
50
61
82
21
26
108
90
129
82
8
91
128
70
27
48
73
33
88
25
100
92
60
55
38
110
58
47
-21
-14
7
9
83
71
16
99
2
16
62
12
116
64
104
29
100
-17
100
82
77
82
28
52
47
80
66
45
79
64
17
44
75
70
73
47
104
80
91
143
88
50
-1
77
71
43
72
62
101
20
28
87
22
42
155
44
81
113
46
76
-23
83
78
106
137
108
10
63
53
82
42
54
-3
108
48
36
117
47
47
87
132
83
103
38
70
103
47
92
128
73
92
63
66
45
-23
114
139
115
107
108
32
-3
99
54
73
96
91
97
21
77
78
52
72
49
108
72
101
7
59
10
-28
42
32
33
53
8
103
12
45
121
-5
32
62
69
61
70
78
73
85
43
8
70
110
56
93
53
69
108
56
-15
80
102
-27
30
73
62
57
34
105
110
-25
112
77
69
-4
82
38
53
99
5
85
70
7
95
56
38
92
48
60
60
31
24
104
43
55
11
32
35
105
62
76
56
84
55
55
76
78
67
75
82
50
13
112
26
-22
134
81
74
-4
109
85
36
66
-9
33
82
-9
87
94
71
48
77
63
25
59
70
86
69
64
49
62
49
46
-21
64
59
63
32
72
33
53
73
30
62
44
42
54
56
46
22
96
48
104
98
103
82
114
77
70
50
20
65
71
48
53
48
113
13
107
82
83
-6
139
61
39
3
52
15
58
125
50
45
80
143
123
43
101
3
63
55
113
68
132
111
67
-22
8
79
123
86
114
76
105
38
53
86
130
108
59
112
71
91
97
85
75
123
12
93
-11
-6
-7
61
135
42
27
99
8
104
74
58
85
65
103
81
88
92
109
93
38
42
31
60
48
93
25
57
21
64
92
9
31
61
28
132
49
93
87
116
91
26
62
57
127
75
80
47
57
142
97
123
45
69
136
102
81
79
73
116
81
112
77
100
91
45
72
245
86
43
20
79
92
35
92
90
73
90
21
77
55
89
150
119
98
124
133
55
104
90
119
40
120
80
86
89
85
1
-12
111
32
139
139
-22
68
86
65
94
68
111
72
102
61
46
118
65
16
-32
43
105
44
99
57
60
-7
-6
68
62
82
69
100
57
29
53
80
92
36
20
119
75
39
47
66
84
4
93
68
4
82
105
58
119
77
49
82
109
104
-1
110
32
74
66
36
92
63
47
54
91
92
46
67
84
114
79
17
108
51
51
80
80
51
-3
90
65
74
27
51
41
147
109
96
112
70
104
71
77
103
47
44
15
83
85
99
85
80
71
52
73
51
95
-13
35
82
105
25
50
115
82
76
72
46
85
97
72
101
44
77
-33
89
59
131
41
97
30
85
26
71
80
110
71
62
59
53
74
112
60
93
113
77
41
80
22
74
64
85
-5
29
51
40
45
64
23
84
46
68
47
28
61
31
61
161
96
26
32
99
93
112
91
57
89
46
66
51
120
127
74
85
72
33
68
64
85
53
53
33
102
121
153
88
47
126
100
16
31
-26
121
83
57
-28
68
12
-8
39
-6
118
80
-24
-9
126
9
59
4
118
-6
80
43
89
27
66
100
103
2
75
113
67
109
41
1
52
25
2
73
46
90
-2
77
54
35
-8
72
24
138
31
96
33
26
117
11
26
55
69
29
47
22
82
17
15
93
61
92
49
98
76
45
99
-6
91
56
70
115
13
47
102
96
50
53
57
99
91
106
42
-8
57
18
4
104
48
95
101
46
66
32
83
49
27
63
28
70
103
93
111
52
113
46
93
94
93
101
19
56
91
110
68
-3
46
135
47
79
95
85
47
66
97
78
41
30
70
40
91
97
43
104
67
68
100
27
123
65
57
108
86
83
89
107
87
72
3
33
64
113
121
70
17
106
144
94
87
116
66
68
78
17
62
99
118
16
53
85
-5
88
9
115
67
75
26
70
22
9
37
29
44
38
-7
11
68
48
62
46
35
26
29
39
61
60
83
48
71
36
106
90
18
96
95
105
92
21
103
30
63
50
78
29
-16
50
2
54
83
120
102
19
41
92
8
16
-5
0
14
42
13
123
127
107
11
30
34
-9
77
146
91
64
63
36
147
65
16
127
-3
78
68
124
61
85
37
8
22
8
16
81
21
25
37
48
39
48
30
17
67
26
76
100
38
85
73
25
55
8
31
35
121
86
51
65
62
58
67
86
105
72
26
72
94
65
81
39
77
92
95
58
111
39
89
61
115
79
36
68
85
97
93
104
60
52
123
88
41
58
80
114
105
112
110
70
75
107
78
69
136
87
92
156
55
58
162
45
115
98
39
103
43
28
76
42
57
55
95
73
87
79
76
59
28
14
53
24
31
61
44
33
39
65
83
46
61
107
70
119
85
45
104
-3
42
99
88
84
82
73
58
91
117
72
109
45
101
75
88
67
59
75
119
88
58
82
121
41
47
105
145
22
118
91
90
71
70
123
59
62
91
74
74
108
-8
87
89
80
97
125
112
58
100
85
138
89
107
69
60
51
85
85
148
88
111
117
92
92
100
44
115
103
71
114
152
65
55
101
65
89
83
43
105
97
86
75
60
113
135
112
112
102
126
117
85
84
93
68
30
-36
83
85
117
98
55
32
108
79
94
66
102
77
12
65
60
112
73
92
68
67
89
40
49
57
20
32
118
59
76
26
50
7
68
19
21
55
50
32
8
1
9
47
26
63
77
55
54
100
113
58
77
124
24
94
85
118
45
83
88
109
54
-16
69
107
72
125
14
65
17
48
131
56
76
146
98
36
115
89
1
67
46
83
116
39
128
-15
-16
56
-13
-22
61
182
56
55
-28
-29
-42
-4
87
-8
-23
-9
-21
19
29
42
83
77
107
57
80
52
38
66
80
44
154
19
59
98
71
69
45
-2
86
17
69
79
89
36
78
17
113
72
132
-1
71
82
30
84
105
105
48
63
42
86
114
64
90
53
66
67
102
73
35
33
62
82
86
115
88
86
52
47
92
108
59
90
80
44
59
114
84
71
115
61
36
55
42
68
96
84
43
65
68
41
95
52
40
63
79
69
93
55
24
113
52
120
23
119
104
67
88
106
80
56
14
66
13
50
85
86
135
114
72
71
101
35
92
49
28
54
-12
54
88
64
128
85
89
63
90
114
78
121
65
117
56
46
68
130
106
58
63
42
146
91
27
59
103
58
147
64
66
29
80
123
102
54
110
90
46
118
48
106
64
75
75
83
67
129
85
17
81
82
-18
146
69
32
122
59
126
115
84
105
65
123
44
76
168
73
93
99
52
1
114
35
115
97
61
73
62
60
60
53
27
70
48
-27
-1
90
27
112
40
90
56
96
29
131
96
85
55
105
89
58
93
46
79
131
84
8
86
42
33
31
-2
28
23
8
8
61
102
68
48
72
85
40
33
64
81
39
95
106
52
2
74
49
81
75
78
36
60
31
66
79
57
131
139
42
103
136
18
64
59
103
98
-24
75
51
70
51
96
67
30
48
72
53
63
56
88
72
121
69
48
28
31
104
68
66
89
42
30
79
78
81
63
43
82
50
20
76
80
78
73
126
46
37
72
39
62
86
57
90
77
77
44
51
63
47
81
52
57
74
101
44
53
91
85
72
105
45
27
15
72
97
-7
-5
-16
93
134
13
2
-17
-35
118
-16
63
45
70
19
55
39
96
34
44
50
36
105
46
104
78
63
88
140
75
55
123
84
80
99
49
99
116
40
75
98
68
89
41
95
58
53
90
106
39
56
146
32
130
73
88
141
92
99
62
63
80
134
116
47
106
39
78
80
49
74
111
96
116
58
68
29
54
51
72
56
53
36
32
15
54
85
94
125
38
3
116
68
63
28
7
30
32
91
37
10
64
87
82
117
104
31
50
-1
28
43
52
57
93
37
109
95
75
97
112
46
41
91
70
87
82
68
37
124
112
-8
57
82
115
54
106
63
97
115
103
22
94
80
87
100
75
27
67
110
130
60
61
57
136
99
71
173
123
35
97
95
79
68
63
160
74
118
78
82
88
96
117
79
76
98
31
107
125
50
95
89
73
123
62
117
38
89
61
52
111
57
74
16
-3
64
60
83
125
97
94
97
64
107
64
52
83
129
30
98
