-28
-25
-54
-28
-45
-47
-58
-54
-39
-52
-50
-64
-37
-33
-41
-45
-45
-72
-36
-39
-30
-5
-38
-45
-52
-28
-62
-57
-36
-44
-60
-39
-41
-45
-32
-57
-46
-68
-66
-47
-21
-35
-1
2
-63
-2
-33
-51
-12
-10
-38
-46
-29
-10
-28
-25
-17
10
-10
10
-20
34
8
-23
-29
4
-33
-33
-19
59
25
-26
6
7
2
24
-17
17
13
19
37
-14
18
28
11
14
-10
-1
28
-6
8
-19
21
24
0
42
-13
7
17
37
-30
8
-30
-3
34
35
57
25
-26
13
51
12
17
-3
91
19
7
-3
10
-17
-35
4
-28
48
44
25
68
12
35
75
-8
43
96
-9
19
78
64
-6
54
2
-21
13
-8
-32
47
14
35
87
-13
-3
9
-28
52
33
41
25
24
4
44
-19
42
-23
86
-18
36
0
-21
24
32
62
-15
27
-2
-6
38
37
47
48
-2
60
55
30
63
22
-15
37
16
24
25
-20
20
9
48
9
-4
46
8
54
49
-19
62
85
67
4
39
13
82
77
64
10
26
46
28
0
34
-27
52
42
25
22
47
49
32
20
35
27
1
-13
-7
30
25
7
18
36
36
37
72
55
34
25
35
-9
20
34
2
36
13
51
11
23
39
12
48
34
25
33
29
24
30
0
25
4
18
15
38
28
26
35
33
11
27
38
-15
35
17
30
29
39
5
23
33
33
46
53
38
56
63
8
48
46
41
21
46
55
-17
42
64
43
32
34
7
22
21
10
25
1
16
26
-10
33
46
25
10
26
0
19
-1
49
2
-3
53
22
17
42
58
75
65
35
70
-13
-17
20
12
52
31
34
41
48
14
26
-14
50
39
53
12
48
55
46
-10
63
43
-11
26
33
31
24
32
76
20
0
23
35
44
4
17
33
38
34
54
-9
18
32
42
36
44
36
33
20
30
-4
6
32
51
27
30
32
23
15
29
-3
22
10
28
6
55
22
-3
28
26
16
19
37
49
10
49
20
56
49
18
25
45
59
21
38
45
38
36
37
11
18
16
19
-2
6
-7
-3
4
3
20
19
18
31
22
27
9
19
29
14
26
46
53
35
48
19
15
-12
42
18
4
24
37
50
43
26
24
50
53
21
25
20
16
22
8
36
45
36
62
55
43
41
23
57
32
22
-5
30
39
29
12
30
6
0
44
3
21
40
24
35
33
27
10
36
29
30
17
30
43
22
26
46
67
47
30
44
52
43
-10
1
29
30
47
40
8
56
57
-21
37
-14
26
21
47
35
3
38
13
26
43
42
29
0
30
55
26
35
40
57
18
31
12
2
24
32
21
32
15
35
27
47
21
33
33
17
35
25
23
36
40
45
23
27
-3
39
13
21
15
26
19
8
37
21
29
39
29
5
30
12
29
47
50
46
18
55
42
29
13
23
36
26
41
21
24
31
17
22
39
22
34
13
38
26
30
33
-9
5
7
29
-22
17
31
1
9
27
1
36
31
23
20
29
23
-2
-18
2
27
-10
29
27
20
30
51
-9
-5
10
23
40
28
24
32
28
30
53
46
51
16
-2
26
4
32
16
21
41
40
39
10
31
44
28
16
41
-5
11
25
13
26
30
30
24
17
22
26
25
18
33
1
18
29
9
45
44
31
11
25
28
37
24
-3
29
9
28
38
27
56
-3
17
16
25
34
34
37
41
43
45
-17
22
24
31
40
27
54
58
32
43
35
34
31
41
31
30
28
-12
18
15
53
60
13
41
28
10
21
44
17
14
-25
19
23
9
21
-19
11
16
14
16
-3
4
22
6
18
6
10
1
8
-3
21
-7
19
-22
0
-29
13
-19
8
20
-13
12
9
3
-5
-16
3
-15
-3
25
-3
-23
11
5
19
23
45
8
14
2
16
33
5
1
-4
-6
41
9
28
-9
32
31
40
-11
15
16
6
17
0
16
-2
-15
14
-16
-21
-5
-21
-5
6
8
-9
-17
-10
-9
2
-5
-8
3
10
-7
-13
4
31
-24
51
11
-8
-9
6
2
-5
8
4
0
15
5
-10
16
10
-4
18
4
-11
-10
7
-6
6
-25
3
1
7
-6
9
0
-4
-5
9
8
8
15
14
5
-11
10
-3
17
-1
6
16
14
9
36
11
19
23
16
12
17
27
5
-1
19
1
17
1
-2
36
4
9
15
3
2
14
12
14
-2
2
9
10
9
27
15
7
21
13
24
1
19
13
9
20
8
37
30
1
9
40
39
46
48
60
58
37
49
53
56
52
59
74
53
54
57
55
46
18
35
27
14
32
24
9
8
-5
2
-7
2
-6
-11
-17
-15
-2
-14
-30
-22
-18
-16
0
-4
-14
-23
-4
-11
-22
-11
-19
-17
-15
-27
-17
-3
6
-15
-11
-31
-25
-3
-7
-12
-29
-5
4
6
-7
15
5
10
26
10
34
25
27
-11
-10
17
-8
7
18
11
-5
