2
-55
-60
-53
-35
-28
-70
-29
2
-36
-66
-58
21
-31
-45
-65
-19
-40
-22
-31
-41
-67
-34
-38
-48
-17
-8
-46
-18
-41
-17
-28
-20
-18
-29
-23
5
-17
-11
18
-21
-9
12
2
-10
8
1
12
-20
-4
-6
2
15
14
6
9
-44
-14
21
27
-4
-24
8
-42
-3
-4
-2
32
30
48
42
-9
8
42
20
40
22
43
38
44
88
-5
7
36
-34
-31
-18
-32
38
26
11
3
14
21
-7
47
18
30
18
-11
16
6
3
-7
1
-11
-11
-13
8
15
-4
22
21
19
-24
12
19
-2
-3
-9
-9
8
0
27
-16
18
-8
-14
5
40
-5
-4
17
-12
-4
41
2
9
-51
22
4
7
-24
10
-3
15
3
30
28
43
-25
32
-17
-3
2
41
12
24
-12
29
11
9
-1
24
-32
12
21
-1
-26
-12
-17
-20
-8
8
-14
-13
-9
32
-31
2
-7
32
42
33
3
5
55
4
-10
-4
0
35
0
51
34
58
31
51
56
-4
58
34
-18
5
16
3
-25
-12
-7
1
-6
10
-9
-13
-10
-5
-17
-21
2
1
-36
-20
-20
-10
-23
-11
-25
-22
-16
-24
-10
8
-21
12
4
23
24
-30
5
9
9
-9
-7
39
31
53
31
65
45
80
28
-3
101
44
86
-11
69
78
57
51
27
60
1
77
30
42
57
87
117
8
39
56
79
61
42
58
27
-19
-17
46
27
78
58
-3
68
89
104
19
51
31
137
32
80
103
49
13
29
17
43
93
106
76
61
98
51
28
19
27
-17
44
93
17
49
27
-12
-8
84
91
9
62
0
101
63
37
110
103
133
65
47
37
69
18
14
-2
78
111
59
48
56
65
49
20
83
104
87
105
87
43
57
53
39
71
28
70
75
61
112
45
107
51
48
-33
39
79
96
74
87
87
48
78
101
106
101
-32
77
107
41
-21
123
56
92
73
84
95
91
79
95
69
39
89
72
45
73
25
51
25
67
72
96
64
77
69
59
29
94
92
55
104
38
81
72
102
79
35
15
103
142
86
97
90
89
7
57
106
86
78
81
152
124
79
68
114
122
95
41
72
130
65
44
91
106
97
61
60
105
73
111
145
113
39
99
94
76
79
87
120
11
78
70
78
83
37
65
120
129
153
62
102
82
85
178
76
64
73
169
155
70
88
98
112
107
179
128
99
74
161
30
61
73
111
107
63
92
102
111
101
51
135
117
97
65
121
63
123
48
61
64
64
68
152
98
69
117
105
64
87
82
104
89
46
137
29
174
87
83
57
150
77
119
67
79
134
92
158
82
69
110
46
63
70
136
132
51
142
60
148
148
128
52
128
94
121
62
64
122
83
74
129
117
103
143
82
97
127
59
92
82
84
84
67
86
87
66
90
52
95
74
83
128
94
164
96
70
91
92
106
-5
151
69
98
71
131
125
103
113
106
86
50
104
108
105
49
115
76
106
108
136
32
151
106
25
109
80
90
38
141
60
45
163
99
115
120
60
135
105
85
16
91
106
122
58
85
89
133
151
80
43
171
189
84
100
131
75
100
51
148
140
108
152
60
92
88
126
100
141
138
160
88
147
104
116
158
110
122
116
89
127
93
30
86
112
105
132
105
95
123
139
62
120
111
152
49
112
57
101
109
69
84
82
137
129
139
84
114
72
98
57
178
102
95
88
87
142
99
100
160
119
92
125
62
112
92
131
83
99
134
131
151
47
141
68
89
110
124
56
59
79
59
100
121
101
126
100
64
100
134
140
134
162
121
159
49
62
106
132
54
106
78
109
183
98
100
47
124
122
103
97
98
106
59
88
118
84
74
-12
41
138
103
102
27
113
152
81
17
113
114
106
135
150
143
100
81
130
211
113
14
120
107
111
104
82
98
142
178
116
95
80
136
137
58
103
98
88
193
105
138
105
85
85
32
150
71
164
109
142
39
83
25
79
84
138
83
98
82
81
130
98
100
129
86
53
87
104
117
151
108
171
87
147
71
155
135
102
78
81
126
133
129
130
113
71
99
85
136
105
108
129
138
54
19
96
101
124
105
153
85
182
69
14
184
81
138
125
127
78
89
117
88
127
171
90
24
108
79
74
103
86
89
33
112
145
103
66
60
53
86
95
78
179
92
29
115
119
120
65
99
106
92
112
78
36
63
97
38
102
151
108
134
101
81
109
61
53
49
113
136
52
93
105
78
106
137
98
114
103
132
77
123
123
74
120
79
87
170
109
121
103
63
153
141
73
25
98
91
157
58
101
109
122
140
109
121
119
100
162
119
150
124
156
173
161
80
117
193
172
113
135
167
162
96
141
27
73
114
95
104
106
92
118
164
63
103
85
111
119
165
104
121
108
154
