-32
-50
-37
-53
-51
-23
-35
-28
-63
-16
-8
-35
30
-12
-29
-7
32
75
-20
20
-31
67
-31
-14
-30
-32
-6
71
13
180
-20
-17
-53
-4
-14
-15
1
27
-16
-5
7
-10
-35
1
-9
-16
10
-6
-28
26
27
15
6
16
-49
8
8
-28
32
-29
-17
-20
5
-19
2
6
-9
21
-14
27
42
4
4
86
67
59
50
25
104
2
78
27
82
53
36
24
22
37
39
46
42
64
65
46
23
12
62
20
1
70
39
16
14
75
109
29
26
59
60
18
24
13
68
58
95
33
40
58
62
30
38
70
-4
-8
6
47
61
20
31
77
77
61
162
62
38
134
35
54
24
31
34
48
124
12
54
-34
43
57
39
61
30
29
99
92
41
15
29
26
55
67
76
74
50
49
83
66
83
45
97
69
29
21
103
71
122
62
65
56
71
56
49
51
85
106
77
90
52
99
132
37
70
88
53
50
51
56
61
73
77
137
96
73
28
105
90
74
106
65
80
47
76
105
51
53
31
81
98
68
49
112
-12
114
40
7
37
103
146
14
29
106
81
142
120
54
78
44
-20
19
64
86
77
103
76
55
70
97
54
32
92
67
123
112
82
75
49
107
53
116
45
100
67
71
97
73
47
143
7
129
77
87
61
74
73
124
104
50
91
144
45
123
78
23
87
93
128
110
88
167
126
61
68
74
20
119
126
109
112
72
65
94
67
99
101
92
33
88
101
152
82
28
95
80
88
90
135
68
91
77
98
131
107
124
77
142
96
87
48
142
80
67
116
64
99
88
218
102
95
65
98
81
123
60
113
88
124
83
62
82
76
113
53
9
95
116
75
66
89
63
72
84
92
95
62
71
96
48
34
210
65
58
72
103
103
241
106
85
74
54
63
20
43
45
68
70
62
91
33
104
61
92
10
48
105
36
100
67
46
111
71
99
59
114
43
58
92
67
77
58
105
70
70
70
77
56
74
54
35
81
78
31
57
100
97
45
70
125
47
53
18
12
73
77
136
125
72
73
90
53
78
134
62
41
40
79
112
73
85
107
110
117
97
79
70
50
130
56
111
38
163
115
69
71
130
82
109
129
73
75
84
87
88
86
92
113
48
27
80
81
63
81
25
96
67
104
104
95
56
84
69
71
128
86
58
66
110
104
53
106
86
110
66
129
41
100
121
49
134
71
70
71
67
44
86
66
49
97
122
126
90
46
34
113
14
1
18
55
72
59
-4
69
48
68
58
58
-44
65
72
46
33
60
106
105
131
83
56
50
60
96
118
72
89
107
51
110
103
103
48
44
67
83
113
117
97
52
138
7
51
86
60
87
120
85
101
78
70
95
107
69
110
82
103
112
67
96
97
84
98
59
106
120
90
57
101
112
50
97
120
94
109
71
94
99
94
33
136
44
