-64
-55
-46
-50
-78
-67
-24
-39
-18
-52
-54
-40
-56
-50
-23
-74
-4
-54
-73
-51
-47
-24
-39
-29
-60
-76
-33
-51
-79
-27
-54
-41
-47
-11
-27
-65
-53
-19
-17
0
-45
-57
-46
-67
-22
-74
-9
-38
-29
-17
-52
-10
-60
-51
-51
-53
-53
-67
-25
-29
-39
-51
-59
-31
-61
-54
2
-44
-30
-29
-19
-35
-51
-25
-39
-16
-34
-53
-30
-38
-4
-26
-69
-23
-42
-29
-24
-44
-26
-32
-34
-43
-20
-4
-25
-51
-43
-37
-32
-54
-27
-39
28
12
6
-6
-6
-12
-2
-19
-21
-20
-8
-24
-6
-35
-33
-22
14
38
-9
-49
-43
6
-5
34
-33
-43
-36
-2
2
1
-17
-32
-30
-13
-3
2
-20
-10
5
-27
-34
-15
-42
-36
-34
-6
8
-14
-30
-8
44
-62
57
-40
-42
7
5
31
42
-54
5
-37
0
74
16
-12
3
-25
14
-33
-5
-37
28
9
10
-20
2
17
-8
24
7
-10
-47
11
56
-29
-5
-19
26
9
-21
-2
20
11
38
14
-19
15
-11
-23
-62
-21
2
12
23
-19
-6
8
-11
83
-9
-7
14
-11
16
17
2
44
53
13
-3
-20
-49
33
14
85
3
1
16
-3
59
24
18
-16
-1
-36
9
-35
58
47
-7
38
-10
-8
55
30
43
-7
34
21
8
23
45
56
8
17
23
48
-6
41
-17
44
0
22
80
11
92
-17
46
-9
17
20
60
8
-15
-2
53
12
60
36
23
2
22
57
-3
-4
46
11
-2
-35
-20
5
-27
34
59
42
11
53
56
42
-13
14
3
36
83
30
-34
24
41
52
14
-39
120
6
-11
34
34
10
11
31
79
-6
39
35
9
48
2
105
8
97
33
41
18
-15
46
76
30
47
43
-17
37
29
27
1
44
26
29
33
14
2
-41
71
-10
45
15
107
21
38
3
24
-30
-21
35
-12
58
3
25
57
-3
13
40
99
109
-14
47
12
49
90
38
19
48
-25
31
-4
69
81
113
11
53
20
-21
-1
25
47
0
53
20
114
40
44
-10
14
8
79
31
14
44
16
-7
2
41
75
42
13
11
26
9
51
143
102
0
34
-35
41
115
69
13
75
-3
68
29
16
70
52
53
8
32
-14
56
-17
64
-3
35
50
77
97
3
38
-3
59
21
-3
112
19
8
92
0
12
57
25
79
34
0
-3
32
87
31
32
62
-4
20
0
63
55
8
33
82
7
91
-16
72
22
-7
56
-1
33
114
8
78
49
7
58
34
40
-18
44
53
90
71
-10
17
45
15
59
50
36
55
46
95
92
45
23
-2
51
82
4
4
32
4
50
44
16
-3
90
66
72
-29
32
14
42
34
38
43
2
30
63
19
53
-1
35
69
25
85
65
50
62
68
71
34
91
31
37
53
32
57
63
83
68
-11
97
63
4
-6
81
50
37
-2
18
35
21
73
68
31
12
7
39
62
64
76
89
51
51
50
72
-11
117
34
73
88
37
61
79
-15
85
20
28
47
-1
2
53
25
57
-1
32
39
9
48
23
-20
9
35
17
66
59
26
67
65
19
38
13
39
74
62
51
14
43
37
50
21
20
84
62
34
19
71
48
10
97
62
58
66
84
-6
58
53
69
91
38
54
31
-8
120
108
67
36
86
64
91
133
37
43
43
63
-3
39
95
41
36
72
47
73
72
52
68
33
53
71
-3
66
-2
83
62
94
23
78
121
58
74
97
36
39
55
15
80
95
85
48
103
2
95
92
18
46
26
68
43
26
-9
56
80
51
5
105
52
29
4
100
58
42
53
96
-14
15
39
22
47
57
14
67
45
100
12
114
15
92
67
54
19
91
91
88
48
48
77
97
95
71
65
74
52
44
90
80
52
42
0
62
23
41
67
52
8
42
10
112
90
87
99
55
45
27
46
62
91
44
54
43
48
14
48
2
41
66
2
91
75
108
16
37
59
61
60
64
68
67
76
74
61
87
65
56
68
87
35
71
12
42
10
2
66
-9
80
88
23
94
103
66
27
27
74
-7
50
70
95
51
72
26
11
54
46
28
43
28
100
34
65
85
82
44
25
104
130
66
54
88
67
79
90
67
67
103
52
58
90
43
79
70
111
17
95
1
62
66
64
60
63
72
62
64
17
61
1
56
55
55
67
25
17
-9
77
-10
178
113
82
68
78
55
88
91
115
51
89
99
116
74
-3
89
49
90
114
57
32
90
80
46
-24
42
79
5
80
39
75
58
35
76
56
85
110
65
31
83
41
110
72
78
23
26
34
97
82
65
74
73
51
119
124
-22
119
16
119
81
44
44
109
82
91
6
81
111
46
94
80
87
19
52
47
39
62
53
2
-33
59
85
42
66
105
98
40
70
99
39
91
84
36
81
20
48
18
80
75
87
72
105
59
32
66
108
74
54
52
69
106
59
51
22
67
9
53
23
59
27
72
10
-10
81
6
73
51
97
67
76
65
64
37
48
65
8
37
33
65
42
110
62
58
111
98
44
79
106
52
88
95
128
127
54
72
94
51
114
73
108
53
76
90
17
42
41
82
81
86
27
23
116
32
77
57
83
21
79
112
45
38
19
65
103
50
116
51
97
37
20
39
21
63
73
59
50
64
70
109
68
9
60
28
-2
38
90
99
76
80
38
34
65
42
19
102
-22
107
87
67
110
61
29
94
44
71
64
122
22
98
32
73
18
35
58
141
36
78
51
-2
101
30
12
20
67
68
108
117
84
16
59
99
35
60
48
87
77
28
77
95
98
15
75
84
18
30
89
-1
55
85
15
97
45
54
109
66
64
34
36
-19
-1
45
15
78
66
16
95
18
85
120
58
28
16
15
116
63
46
54
78
65
77
87
97
130
45
31
120
94
67
66
95
66
77
75
83
57
64
67
37
91
27
35
18
4
94
53
39
42
71
100
57
70
61
28
-5
72
59
63
56
81
97
63
69
75
4
22
106
54
106
42
22
47
64
29
0
113
118
45
35
42
76
82
41
89
72
117
88
126
83
84
80
125
56
82
39
23
73
89
20
31
-28
37
33
64
42
89
29
18
122
92
44
49
58
91
74
79
122
139
97
78
55
118
68
97
80
107
7
91
52
84
106
26
56
-9
52
12
56
71
79
59
12
71
65
93
70
73
78
81
87
88
101
62
76
33
56
68
23
72
80
14
39
9
69
51
57
58
66
77
56
24
68
29
38
89
51
107
100
26
25
86
67
1
90
67
76
69
91
58
42
11
2
91
46
135
58
76
43
52
77
54
52
41
72
107
45
42
-16
82
10
63
6
42
70
83
92
114
64
121
49
17
96
85
46
83
119
37
104
72
37
45
49
61
95
21
85
37
63
5
3
114
40
99
40
69
66
75
19
108
24
98
83
41
115
117
29
74
23
85
57
83
63
70
89
74
57
67
69
95
75
46
-4
34
64
103
76
97
16
77
33
31
69
10
8
85
24
61
82
50
100
87
52
15
46
99
62
26
66
99
75
18
83
73
68
53
78
25
13
64
74
17
46
82
113
77
19
94
21
38
-24
82
42
85
0
16
55
88
65
87
29
71
92
137
66
69
56
86
38
123
24
48
23
98
56
11
64
55
69
55
137
24
67
178
114
20
74
118
89
6
70
60
21
42
10
84
59
11
65
13
37
3
32
74
56
68
-19
36
81
63
52
65
91
51
97
22
76
44
86
66
89
204
97
97
44
38
78
58
78
21
46
29
44
90
68
42
55
39
47
61
85
-16
118
61
20
94
50
48
81
68
33
73
3
47
46
53
11
88
33
82
-1
14
43
98
27
90
77
42
50
53
24
2
43
82
78
84
43
25
80
24
54
100
51
7
47
73
38
11
44
52
77
104
-2
2
43
78
104
48
71
63
6
48
51
58
-12
63
42
53
75
62
25
46
69
97
47
87
28
70
83
35
66
39
50
46
65
85
51
38
37
53
41
96
36
40
84
92
82
91
94
69
122
115
27
90
36
80
31
38
36
102
116
27
33
110
79
73
118
41
6
65
55
91
99
61
97
71
24
64
32
63
-14
67
136
27
48
27
23
51
62
22
27
63
130
71
-3
36
74
100
71
115
20
84
-5
96
40
67
60
52
40
81
82
35
33
29
71
97
54
92
65
14
42
100
125
89
16
72
24
53
31
65
43
144
86
109
71
56
138
97
77
41
76
45
72
98
92
40
57
25
8
81
-30
-18
53
111
0
38
12
26
15
69
56
76
55
95
104
75
97
99
94
21
42
79
79
62
79
75
44
53
42
131
92
21
52
68
69
90
52
87
68
-1
12
24
24
60
101
110
23
67
113
108
51
68
22
78
43
15
92
43
62
23
91
9
48
87
58
100
91
56
104
34
72
90
59
86
29
54
34
33
42
22
59
66
77
30
129
134
13
80
23
85
42
29
53
29
74
97
50
63
77
61
27
36
40
60
112
29
87
42
81
52
61
82
40
45
53
66
33
77
126
47
102
65
58
110
44
50
30
99
83
84
54
-2
72
70
85
74
94
144
73
78
-18
47
128
51
25
47
0
84
26
64
62
125
51
79
90
70
-15
63
74
116
87
47
83
51
56
47
37
74
88
24
32
62
67
24
80
21
75
20
53
130
82
31
15
121
95
27
66
65
4
-5
7
88
14
18
105
28
69
47
44
49
43
92
67
57
81
89
74
82
68
12
57
-19
76
94
69
-10
57
28
100
58
25
76
23
26
15
77
57
43
13
92
57
53
24
1
5
79
70
100
59
28
54
82
53
49
46
57
25
97
113
0
104
-6
73
108
82
-14
33
16
12
80
86
100
12
36
98
70
125
95
19
60
67
69
70
24
57
39
60
91
23
-2
89
28
37
39
108
74
73
24
110
49
81
18
55
63
29
103
-17
92
72
71
50
59
100
25
33
108
55
55
133
30
73
44
97
122
62
88
3
33
111
51
35
57
73
20
39
88
66
73
13
56
37
53
15
13
75
99
13
21
39
36
73
60
97
-2
13
83
58
0
47
63
78
89
60
28
63
93
31
77
56
94
-5
22
83
64
104
39
77
33
34
151
39
100
53
0
135
44
96
70
40
53
78
68
70
45
31
36
60
58
51
74
88
65
47
79
58
84
43
56
50
42
16
82
35
75
81
38
47
38
23
71
91
72
19
39
30
49
57
42
32
74
60
2
103
43
74
111
49
45
70
27
41
25
89
23
95
65
55
79
80
23
82
42
65
84
101
83
65
56
70
71
82
49
96
62
46
19
49
32
9
41
39
78
71
125
-2
103
50
91
107
88
77
46
56
56
-17
43
117
108
115
32
64
72
66
122
69
71
86
39
44
54
95
56
15
14
98
46
65
93
36
104
81
73
72
76
72
61
77
70
44
52
105
24
54
88
92
86
40
43
88
12
105
17
81
71
22
61
57
62
89
63
40
110
58
107
147
11
63
110
30
41
63
44
57
97
52
17
61
7
18
61
82
114
61
63
93
105
47
30
68
88
65
49
55
39
6
81
63
19
49
27
78
102
31
67
24
52
79
97
98
68
97
103
38
39
67
104
12
88
55
63
49
34
139
52
61
38
37
39
20
40
56
101
63
68
143
69
83
96
46
143
87
81
64
107
48
46
26
88
60
-14
2
37
84
83
121
83
97
64
59
114
128
116
110
16
87
72
66
31
44
55
58
33
46
46
76
104
70
99
104
39
88
43
-20
92
139
56
125
123
69
53
44
35
26
86
76
45
111
34
54
105
23
74
106
32
50
100
86
57
84
74
99
77
81
100
147
8
66
64
52
33
37
106
97
133
91
49
97
101
63
26
52
19
-13
79
60
43
126
61
86
30
5
122
30
19
81
42
99
27
38
67
58
97
46
58
92
131
86
29
79
75
33
64
97
35
77
45
61
5
35
19
16
52
68
97
-2
38
55
47
10
72
0
41
56
48
109
107
83
118
64
50
72
38
97
59
2
22
96
103
129
46
38
30
84
18
55
17
29
18
45
117
89
34
41
69
97
62
40
98
67
20
11
68
27
125
78
92
41
106
89
39
47
114
-2
111
58
50
-2
22
28
82
36
38
44
-10
76
78
54
118
88
50
69
118
84
137
33
45
56
61
94
111
7
61
142
29
42
108
25
34
16
72
30
64
65
-3
12
36
69
52
55
62
63
56
66
48
37
14
56
0
52
55
61
72
50
51
49
97
105
38
60
95
-21
97
40
83
47
94
54
25
87
91
