-43
-59
-42
-53
-39
-57
-30
-51
-54
-23
-47
-63
-6
-35
3
-43
-16
-63
-49
-17
-48
-46
-42
-34
-31
-42
-8
-28
-37
-25
-28
-32
-27
-69
-65
-53
1
-17
-30
-51
-6
-27
-17
-8
2
-9
-9
15
-12
-58
-34
12
-25
8
-11
34
22
15
29
-29
-6
35
17
59
24
-6
-16
-26
-11
-15
-4
29
-12
19
7
-22
-19
-37
-2
40
-35
5
29
-3
-44
-31
37
-5
5
8
-11
31
-13
-8
14
0
-19
33
-2
6
21
13
1
-13
21
-1
-7
8
28
15
29
-10
-7
-11
52
44
14
5
7
50
40
-2
23
40
25
-10
2
-29
-26
8
42
0
-39
15
23
55
-22
18
-21
27
1
-2
1
-33
-24
-26
-17
-32
0
-31
-28
-8
40
16
1
-13
-20
13
20
10
-3
14
-24
7
29
10
28
-7
22
25
9
43
-6
35
-5
64
43
51
21
38
-3
8
62
36
42
36
42
28
53
40
34
57
21
46
23
-10
30
-4
1
-13
4
-16
-8
-4
-3
-11
8
14
-14
17
1
16
6
11
13
-32
23
6
29
-11
21
1
7
4
17
65
28
15
-16
50
3
5
60
13
92
55
-8
78
1
78
73
57
91
37
124
31
15
48
17
97
80
46
50
63
60
20
26
12
70
84
101
56
31
-5
18
5
7
20
56
-39
10
43
111
34
4
102
34
34
65
82
21
80
40
35
83
48
11
7
30
-32
41
-12
13
-7
11
-6
-6
9
-1
9
-8
6
-6
-10
-3
14
11
3
0
17
16
-4
-14
10
13
31
-7
-24
39
42
-14
-6
10
1
8
56
31
-13
24
21
41
2
4
8
20
52
49
18
38
36
64
35
26
21
62
63
71
22
67
55
50
13
100
70
31
40
31
55
50
60
136
51
33
41
68
93
71
71
6
29
98
118
42
119
44
102
117
54
-7
143
49
32
36
86
24
52
63
46
78
67
46
45
42
58
64
54
75
97
63
84
-5
68
91
86
51
95
89
39
62
86
70
70
36
84
63
56
47
110
62
33
8
20
57
124
-30
65
72
72
91
126
42
27
49
78
12
115
42
85
56
74
136
63
36
78
29
22
72
65
69
80
103
68
2
53
107
96
83
68
27
46
32
105
78
44
111
127
89
129
58
48
71
22
12
52
58
23
106
2
113
49
47
127
74
51
47
109
114
55
86
12
121
76
46
49
47
74
101
26
63
-33
110
-12
26
96
45
26
27
52
72
118
15
38
34
77
88
106
90
114
123
61
16
84
71
88
95
62
135
123
85
79
93
91
99
103
82
104
73
20
118
90
20
100
78
115
139
77
50
184
62
49
56
93
55
152
67
127
79
148
28
138
132
120
129
37
75
111
93
62
174
99
84
10
34
81
116
118
118
157
30
114
85
116
61
89
92
90
77
64
66
79
51
48
57
48
136
123
105
134
98
118
68
78
91
110
119
89
135
94
29
79
149
98
98
94
82
94
88
49
99
91
105
23
90
141
52
118
152
106
100
62
78
99
79
120
95
91
98
118
102
136
105
139
144
107
117
79
123
72
102
65
88
37
100
127
121
63
177
83
97
134
200
128
142
7
99
111
97
89
110
57
63
81
68
141
126
134
48
158
104
44
113
92
103
148
150
108
138
82
265
