-59
-48
-64
-72
-48
-50
-64
-64
-19
-27
-69
-56
-80
-37
-58
-7
-33
-63
2
-14
-17
-41
-58
-25
4
-13
19
10
-12
-14
-19
-1
-31
-16
0
8
2
-13
0
-25
-32
-11
-22
-14
-21
-27
-27
-22
-20
-2
-23
-16
-7
-32
-12
-12
-15
-4
17
-4
-7
-29
-19
-32
-10
-16
-9
-29
-19
-13
-18
-21
-7
-13
-25
-16
0
-3
-9
-19
-21
-13
-19
-6
-14
-19
-28
-23
-29
-20
-5
-5
-15
-24
-14
-8
-10
-17
-3
-10
-14
-6
-16
-11
5
-12
-14
-21
-6
-4
-5
3
23
-29
2
-12
-20
-30
-11
-6
-14
-11
-16
-15
-38
-9
-15
1
-8
1
-38
-13
16
-14
-1
-17
-20
-13
8
11
1
5
-10
-11
-56
-33
-37
-32
-12
-28
0
-45
-14
-34
-4
-6
3
-5
-39
-4
-42
-25
-26
-29
0
-39
-48
-16
-21
-25
-49
-25
-13
-20
-31
-31
-17
-43
-21
-12
-40
-32
-27
-14
-16
12
-37
-17
-12
-32
-33
-9
-17
-8
-47
-6
-18
-22
-18
-4
-3
4
-13
3
-41
-15
-27
-13
-24
-22
-16
-21
-16
-5
-33
-24
-20
-36
-15
11
-35
-27
-24
-26
-15
16
-13
-26
-34
-19
-9
-15
-5
-32
-31
-20
-11
3
-10
-12
-19
-1
-1
-6
-29
-16
-8
0
-19
-43
-13
-12
-11
15
-17
-11
-20
-13
-5
-13
0
-22
-10
-20
-10
-5
-26
-12
-10
-17
-23
-20
-35
-3
1
-9
-24
-26
-26
-2
-18
-12
10
-22
2
-15
-32
21
12
1
55
26
50
15
-18
26
-4
8
1
-9
34
39
16
-1
10
65
-4
-15
16
21
-20
-6
42
92
-8
-7
80
3
56
27
21
31
-26
96
91
101
151
51
71
86
45
8
3
9
21
15
6
4
-1
66
37
72
91
30
9
76
72
-9
15
87
119
77
99
69
89
95
75
112
74
94
100
42
112
42
52
107
60
111
124
69
121
112
76
111
121
45
41
70
116
145
108
157
85
129
104
82
132
61
159
102
109
114
142
95
96
82
144
145
49
103
133
148
87
125
12
139
68
169
144
91
38
97
131
74
53
73
149
99
73
98
121
89
129
140
109
73
22
11
70
117
74
48
121
131
108
119
43
99
109
109
81
140
74
106
73
125
133
117
94
147
78
123
121
125
44
105
138
92
93
97
69
99
16
102
118
104
77
111
111
143
108
82
94
123
71
84
103
92
109
83
49
92
90
70
70
83
101
85
126
65
88
81
119
104
108
125
72
85
90
107
127
115
140
91
127
98
118
132
136
73
98
-24
122
122
92
102
71
7
104
91
92
118
105
84
84
130
39
20
19
71
98
41
43
107
79
128
131
148
75
47
96
186
107
23
129
95
65
103
101
165
104
98
94
134
82
64
119
34
76
95
85
49
54
51
82
100
82
64
69
18
94
67
88
44
79
59
35
94
106
-4
168
128
49
72
38
90
29
39
19
18
48
131
100
112
110
92
101
83
88
86
83
67
95
64
164
209
146
113
79
75
144
94
156
120
99
64
91
98
126
94
65
46
99
100
123
132
145
94
88
125
111
107
132
113
119
138
120
169
161
120
119
158
136
151
111
94
118
139
119
113
92
127
116
144
160
124
129
86
89
94
128
180
153
166
110
149
126
154
94
133
106
129
102
119
124
129
134
32
116
122
62
158
84
113
32
96
95
90
140
74
73
89
117
117
111
77
115
65
65
127
92
108
123
119
139
91
85
108
63
42
108
194
92
139
130
106
171
120
73
72
39
136
152
152
95
151
90
49
149
181
105
125
108
150
70
159
101
137
124
155
145
119
118
128
95
139
158
114
107
130
87
101
125
113
57
119
142
148
84
88
153
104
19
110
119
-29
117
87
102
90
81
72
97
114
89
194
149
89
138
126
95
85
119
101
100
156
93
80
130
133
142
105
109
121
55
88
147
74
80
120
150
93
121
52
110
106
104
79
124
129
67
112
126
60
103
110
98
118
70
127
171
94
109
121
73
129
93
97
147
96
121
101
97
88
52
117
100
110
58
136
139
106
82
94
127
116
93
139
89
73
103
92
143
133
117
141
107
89
120
279
105
91
108
98
203
157
97
108
142
122
156
165
64
203
178
98
63
122
110
125
101
69
146
55
131
102
158
169
130
109
55
88
127
46
145
157
130
100
38
20
113
140
132
116
114
116
131
155
120
146
125
132
61
96
85
76
107
116
155
117
149
165
143
79
129
92
128
150
108
82
150
146
114
121
129
139
153
80
136
127
109
150
93
115
87
118
108
148
142
113
126
143
135
114
77
160
128
125
170
165
101
95
114
127
107
142
116
116
35
19
131
152
66
114
90
169
135
108
131
119
60
80
139
102
121
130
179
166
132
135
139
96
157
88
38
80
145
82
53
130
181
115
91
78
89
116
122
132
123
102
87
141
90
123
90
60
103
142
113
63
87
110
52
133
115
103
115
132
126
87
165
135
142
28
131
68
130
126
132
48
-8
39
45
135
117
113
157
94
126
153
147
104
135
89
106
126
122
106
44
19
153
62
114
137
128
114
141
136
159
27
139
166
121
160
119
185
95
100
4
84
139
112
71
27
107
74
143
124
118
76
90
145
103
52
55
169
131
108
80
134
144
135
117
130
69
47
110
172
156
72
103
91
45
109
97
134
57
123
118
109
157
83
84
138
137
119
152
93
178
96
111
149
131
120
158
89
136
149
164
42
158
131
148
112
121
54
151
108
175
175
112
154
97
162
139
132
121
100
86
134
