-58
-13
-68
-39
-64
-53
-48
-5
-63
-70
-40
-52
-78
-14
-53
-60
-53
-55
-24
-20
-5
22
-15
-30
-50
-57
-58
48
30
12
-11
-7
-16
18
-7
39
5
-1
0
17
-40
45
-9
16
20
-44
6
-10
-31
-22
-36
-10
-10
-32
-15
-36
-26
-60
-32
-34
-31
0
-44
-17
-18
-18
-3
-18
-5
-39
-4
-6
-17
-36
-28
-1
-37
-29
-14
-28
-24
-39
-15
-11
-16
-14
18
-24
-20
-28
-16
-29
-33
-27
-20
-39
-42
-13
-6
-13
-36
-34
-17
-22
-26
-30
-37
-15
-30
-18
3
9
-16
-29
-10
-11
-36
11
9
-22
-22
-1
-39
-17
-23
0
7
-41
-22
-21
-32
-26
-31
-12
-12
-18
4
-27
-18
-39
-47
-15
-26
-11
-23
-55
5
-10
-36
10
-9
-21
2
-27
2
-31
9
-20
-1
-16
-24
6
-21
-22
-8
-29
-13
-19
-18
-21
42
6
16
-22
0
30
-12
-21
-40
-36
-4
-34
-12
10
-1
-17
-16
-7
-27
-22
8
-16
-12
-21
-16
-10
-7
11
-13
5
-1
-18
15
-28
-5
-20
-28
-58
-2
-19
-5
-1
-11
-15
-22
-11
-59
-1
-23
-7
-11
-20
-43
3
24
4
-65
7
18
-12
-25
15
-11
1
-14
-1
-24
11
1
1
-19
-9
-3
13
0
15
1
-22
4
-24
-1
-43
4
-5
-2
14
32
38
10
0
-21
39
1
17
-30
-22
19
6
8
-5
-2
8
-15
-4
-52
0
32
23
30
-26
-8
-3
17
20
48
17
22
14
30
9
22
-4
7
19
9
56
20
-10
-7
24
23
-15
6
42
-8
37
-12
-8
4
21
-47
21
18
49
-6
9
32
60
-8
29
16
57
33
51
26
22
16
9
31
1
25
-12
13
-1
41
27
-29
-11
25
34
20
6
-2
30
26
7
25
-13
-1
-20
-14
9
-26
-29
20
15
-25
-19
14
55
20
22
21
42
45
29
25
20
-16
-8
5
26
37
44
22
26
51
35
1
5
44
34
34
49
32
64
-3
65
0
36
-17
14
47
44
78
89
55
44
58
33
39
9
26
20
78
57
55
44
43
89
51
56
47
79
55
105
34
31
52
30
25
27
31
65
49
62
92
64
21
80
55
62
50
34
-19
43
38
50
6
45
86
79
86
62
79
84
38
15
53
10
-13
112
12
108
21
94
53
57
136
-9
-8
-22
-26
-14
-17
92
12
71
-14
106
107
-5
66
92
-19
52
102
12
85
138
-23
53
42
62
74
111
20
66
96
126
97
106
57
95
45
72
105
65
60
125
36
54
94
62
75
55
79
57
51
47
19
57
55
77
72
64
77
79
56
9
83
76
80
91
128
23
67
110
75
95
94
61
129
105
99
155
76
-5
70
117
21
59
88
18
9
-14
36
-16
27
-16
35
88
113
179
69
155
29
68
146
42
138
107
115
83
65
86
51
63
107
82
116
118
30
78
136
92
118
111
101
84
118
154
119
121
89
17
11
84
67
188
103
104
99
124
131
139
88
105
135
102
116
104
116
103
165
94
160
115
112
118
55
115
142
92
87
45
122
117
152
39
68
21
48
12
144
123
128
149
133
93
81
47
101
83
41
111
69
126
284
56
82
134
74
63
126
40
118
112
131
83
128
69
78
100
93
99
130
132
69
124
149
132
143
103
113
58
115
179
85
148
121
128
129
119
143
153
98
90
32
90
133
145
116
126
134
98
119
103
112
76
152
69
131
135
49
141
125
100
107
95
108
171
95
135
138
84
175
104
152
126
117
177
65
134
78
127
76
37
120
130
134
138
95
99
133
57
125
132
137
126
114
131
59
124
52
146
71
115
155
75
204
99
137
50
77
57
123
143
162
122
140
94
64
79
138
116
123
93
147
47
121
84
93
88
126
107
85
149
96
86
144
163
73
117
112
86
138
97
127
81
146
113
128
175
95
105
107
43
65
90
55
91
177
85
120
71
118
87
92
127
159
78
65
165
94
117
95
143
106
124
67
71
139
144
142
114
66
49
27
28
7
22
19
128
26
43
46
75
98
73
32
83
51
74
59
62
12
67
23
-6
20
62
3
78
40
60
7
36
78
112
84
111
31
119
146
154
125
84
99
94
142
68
105
43
138
-7
34
99
56
166
101
133
76
137
31
87
158
98
113
85
-22
104
163
117
125
289
121
109
84
97
127
135
120
77
135
108
133
34
157
102
152
135
119
93
109
185
131
90
72
53
125
142
7
169
74
92
71
156
132
127
86
93
91
123
44
90
132
101
101
127
90
131
66
142
106
79
55
44
25
18
41
180
107
112
79
100
120
113
58
100
81
117
139
242
120
127
68
133
117
91
138
63
140
134
123
80
155
127
170
105
116
68
98
101
38
80
131
147
90
77
133
141
76
102
116
142
56
93
127
93
123
24
81
127
146
119
128
76
96
113
99
110
94
144
83
134
128
124
66
151
114
53
144
126
71
80
86
87
98
114
83
125
61
106
59
128
91
23
80
65
40
100
103
110
78
160
135
142
30
190
73
103
140
135
121
60
96
87
132
143
90
102
99
118
108
13
143
111
103
144
77
95
56
11
118
86
75
102
62
62
91
59
151
48
20
53
122
131
140
70
54
65
126
70
119
91
61
-12
139
116
81
63
71
175
42
88
49
52
120
139
115
125
114
86
59
46
94
43
131
96
17
24
58
95
1
40
40
54
49
95
106
107
36
61
186
80
132
143
93
93
119
115
52
82
44
113
51
68
152
68
60
63
96
4
36
45
38
102
50
92
56
87
77
110
53
101
65
65
126
69
78
56
100
81
111
115
168
127
156
127
117
141
87
115
149
159
114
149
111
103
123
76
73
136
91
123
93
110
119
155
7
99
126
134
-17
136
129
100
139
84
111
104
120
42
119
127
80
108
177
13
75
112
113
72
95
116
123
164
57
131
137
114
40
84
106
311
101
97
114
65
123
94
37
131
123
87
92
229
132
77
