-58
-46
-59
-78
-46
-63
-35
-72
-35
30
-54
-29
-27
-46
-74
-31
-63
-40
-49
-65
-33
-23
-34
-29
-35
-56
-43
9
-25
-59
-45
-46
-20
-21
-37
-17
-14
22
-35
37
-37
4
-17
-35
-32
-21
-22
-21
-22
-27
-50
-32
-26
-28
-39
-25
-29
-36
-21
-36
-62
-24
-16
-64
-13
-15
-32
-31
-52
-30
-43
-28
-29
-41
-39
-43
-14
-38
-38
-8
-25
-35
-10
-15
-34
-35
-8
-24
-56
-41
-17
-14
-28
-39
-8
-23
-29
-57
-40
-41
-70
1
-46
22
-28
-38
-38
-19
-16
21
-34
-17
-26
8
-15
-31
-42
-43
-50
-37
17
-10
-46
-75
-61
-36
-42
-52
-18
-22
-41
-71
-68
-62
-47
-62
-82
-70
-55
-45
-73
-58
-60
-68
-64
3
-52
-50
-58
-39
-23
-46
-52
-53
-46
-58
-47
-54
-64
-55
-66
-49
-42
-57
-21
-17
-59
-34
-36
-52
-30
-30
-87
-62
-65
-51
-56
-58
-60
-47
-75
-66
-52
-81
-44
-78
-27
-67
-37
-44
-68
-59
-34
-69
-69
-38
-73
-56
-30
-65
-65
-68
-68
-54
-43
-55
-38
-34
-81
-14
-41
-37
-33
-80
-48
-5
-50
-69
-53
15
-74
-59
-54
-8
-70
-49
-62
-42
-25
-38
-33
-63
-53
-19
-7
-72
-24
-42
-32
-14
-41
-29
-54
-22
-83
-56
-57
-32
-71
-18
-58
-25
-47
-46
-4
-4
2
-26
-36
-22
-52
-42
-26
-75
-57
-22
-27
-30
-61
-34
-26
-22
-38
-21
8
18
-51
-31
-43
9
-5
-3
-44
-33
-30
-20
-2
-34
14
4
7
-30
26
26
42
6
-3
-41
-19
-2
-33
32
-50
-8
-6
47
72
-21
-28
-39
-8
-49
-10
-24
-59
-63
-27
-27
-27
-28
-28
-25
-8
-38
-39
-28
11
-35
-22
-22
-36
-38
-53
-31
-19
-33
-35
-33
-6
-29
-36
-19
-59
-28
-58
-22
-23
-19
-17
-20
-32
-30
-69
-26
-56
-22
-32
-57
-65
-31
-68
-25
-13
-16
-31
-33
-5
35
-65
-37
-1
3
-54
-43
-27
-41
-26
0
-50
-20
-7
-73
-40
0
0
-21
-28
-9
-40
-24
10
-9
2
0
-18
-10
-67
-5
4
-31
-41
1
-23
-2
18
-26
-56
13
1
-14
-15
16
12
7
-9
-2
-42
-6
12
-25
-8
-4
-3
-16
4
-1
8
-1
-8
3
-11
-2
9
-11
-12
14
1
-12
8
1
5
-16
-39
-68
2
-18
-18
-14
-24
18
3
-28
-39
-1
-15
-12
2
-3
-37
1
11
-16
-27
-8
-3
37
31
14
6
10
8
9
-39
4
27
25
-24
-4
-2
-1
126
-10
0
35
69
45
19
16
17
10
14
26
10
-11
22
15
-4
-4
5
-20
46
-49
-56
-12
-29
-40
14
5
8
-9
2
92
-41
1
4
11
21
-23
49
85
76
91
43
63
6
62
49
10
-1
54
66
62
-45
-1
-72
-60
1
13
65
-2
79
30
-29
-41
64
83
60
39
65
43
36
-35
57
52
61
11
56
35
-6
7
24
-34
29
34
58
75
18
47
68
97
85
31
12
53
35
74
-34
42
61
55
-18
71
-20
-18
86
53
50
37
51
49
60
90
20
57
39
-16
25
-28
-18
52
37
10
109
83
-7
39
-13
44
11
15
77
35
9
97
72
68
79
18
-16
46
70
60
-18
71
50
44
74
67
-22
5
41
40
-22
-36
-27
-27
23
16
4
17
-34
-30
-33
52
0
25
-18
84
91
22
64
33
-18
27
12
0
-10
17
23
28
41
76
51
43
73
43
17
44
7
-1
17
-19
-4
-26
-17
-14
-18
14
51
-14
-31
62
54
2
25
93
24
-35
1
49
28
27
19
79
30
85
30
25
63
21
36
4
8
96
79
68
55
62
107
18
43
-5
-13
51
86
59
102
76
63
69
23
76
37
71
68
111
-40
-1
42
60
66
31
63
101
35
55
51
48
-6
37
86
119
76
90
93
12
41
57
78
75
40
63
102
22
16
-21
30
-8
53
45
-1
-2
-15
117
-9
80
65
54
-30
-30
101
36
106
83
65
35
118
68
40
74
32
61
74
6
33
40
89
51
45
56
74
50
41
-22
-5
56
79
46
35
56
34
83
27
55
7
54
-14
43
88
136
-16
1
15
52
27
20
77
102
38
49
19
-2
-41
34
4
26
83
14
13
45
81
54
-29
-12
-50
70
69
35
-7
20
52
47
27
23
83
68
-11
35
42
-5
-9
15
30
39
56
137
27
55
-43
32
56
76
-49
101
137
52
68
57
63
94
73
100
31
89
74
76
29
77
70
83
-17
62
23
74
49
88
65
41
63
24
68
49
135
76
44
62
88
71
95
84
78
78
6
50
38
79
68
56
49
35
40
46
100
62
73
106
66
67
61
106
26
75
72
44
118
72
133
95
59
55
67
88
16
25
71
100
68
47
73
11
14
-7
-6
6
-20
-29
-10
28
10
16
-4
5
-2
5
25
-6
-5
-27
-8
17
15
16
-14
59
17
-15
-28
32
13
-6
-9
-4
-10
-28
-10
-16
-24
3
3
-28
-36
-36
-16
-28
-12
-23
-16
-22
-14
-34
-42
-26
-32
-18
-60
-17
5
68
34
-30
-38
1
-7
9
-23
-26
-35
-21
-25
3
-36
1
-26
20
6
11
46
-11
-45
49
9
24
39
-19
0
-13
-26
43
38
34
-20
8
-1
2
43
13
18
7
4
36
45
17
-22
-4
24
20
-13
-7
-31
-25
-15
2
6
15
14
17
7
9
13
-24
17
-7
2
30
80
-21
45
46
27
41
18
-8
1
-29
8
-24
1
31
46
65
21
17
30
5
-1
-25
13
22
19
81
71
39
28
14
86
68
20
2
81
39
109
46
-17
32
129
52
42
54
46
24
13
72
95
22
80
34
2
81
73
97
90
123
72
99
177
125
113
117
93
152
84
89
110
109
96
52
95
75
27
128
93
109
173
111
45
107
142
112
132
89
126
80
144
121
98
92
154
70
111
108
128
120
94
85
150
113
41
117
115
125
103
129
158
77
134
41
83
123
76
110
48
69
45
92
95
89
97
53
109
128
42
50
175
77
133
53
41
126
68
55
129
108
52
116
125
85
100
75
87
79
120
87
49
65
98
84
85
69
39
123
138
98
117
126
78
107
68
29
79
82
66
67
106
66
98
6
121
129
30
82
42
87
71
161
112
64
130
130
93
41
59
121
59
125
84
95
43
68
113
81
66
30
62
104
86
101
115
80
127
80
104
149
94
131
125
147
96
97
115
86
89
94
122
103
111
45
59
83
156
134
94
133
137
97
61
127
35
28
-5
37
89
94
21
71
90
110
100
95
62
132
95
86
86
-20
23
8
52
101
75
54
33
43
61
98
30
14
57
86
58
99
71
84
37
70
11
52
34
87
138
44
42
78
151
85
59
55
124
129
63
72
145
74
89
71
105
83
90
68
64
39
39
35
85
121
98
81
89
105
87
66
99
64
77
103
107
103
25
134
79
141
119
66
125
115
78
117
113
48
46
42
124
81
83
134
67
100
90
101
99
113
98
80
115
116
69
57
119
71
109
96
74
143
56
128
122
47
86
157
130
82
75
96
125
63
138
110
82
93
105
91
83
35
105
90
134
121
101
93
76
4
107
81
73
66
91
97
75
-10
96
136
33
87
97
106
104
136
74
96
68
95
135
30
62
23
69
21
69
44
25
67
4
76
69
78
69
33
20
28
71
72
48
109
16
87
110
43
31
83
112
53
45
26
99
92
86
74
-3
75
85
3
53
59
30
172
88
16
52
71
80
-30
74
123
82
95
100
84
77
107
73
38
82
-11
123
67
118
118
108
32
88
129
85
125
56
82
115
113
30
90
81
100
71
104
116
117
125
122
51
88
96
126
90
65
74
91
95
116
