-59
-33
-60
-62
-45
-43
-41
-27
-13
-61
-52
-36
12
-23
-62
-30
-69
-25
-37
-1
-6
-53
-39
31
7
3
45
3
30
-22
51
-9
52
5
29
6
89
-13
-3
16
20
42
13
20
32
-19
2
6
4
8
38
9
25
98
68
61
-39
-25
62
64
-6
56
-26
9
67
41
27
58
25
-16
2
91
68
17
46
108
58
66
33
67
51
90
99
31
52
96
51
26
95
57
22
7
86
8
7
2
72
72
41
39
36
33
41
55
0
-15
15
-31
44
28
33
14
3
41
3
25
23
6
48
-3
-13
34
2
15
24
17
9
10
46
-10
5
50
32
-1
9
26
38
53
28
23
103
47
35
3
32
31
-6
31
36
-11
50
55
14
-19
61
19
6
64
15
57
78
-7
-5
19
-14
5
24
39
26
-5
24
38
66
11
-13
3
52
9
32
-4
-12
-9
-36
16
-13
-2
114
13
-27
33
-7
14
-9
8
-22
-14
11
43
1
38
62
-33
18
-18
-11
-15
7
3
-8
17
13
-2
54
1
-40
-22
43
-25
30
14
59
71
7
-5
-6
-13
32
-3
4
-13
-26
-3
49
-18
-15
-14
-14
-10
15
-2
35
63
50
27
-13
39
27
34
12
41
32
85
6
56
14
55
9
25
-1
21
17
6
6
50
-22
14
-40
5
24
12
6
84
-6
-10
69
65
46
37
-6
21
-25
11
35
-1
73
40
63
54
12
4
13
-3
24
15
12
42
22
21
-44
2
-22
35
-4
25
48
35
7
11
-1
64
12
33
18
-8
8
18
9
-1
-8
22
34
18
-18
2
37
-10
46
-35
-14
36
6
4
19
97
50
11
63
28
19
60
15
24
32
0
13
27
56
49
-26
-24
-22
-44
16
-6
-19
-40
21
19
19
-25
1
-28
80
16
49
42
59
43
63
87
49
61
39
-3
-17
-1
20
-6
-22
31
29
53
13
79
13
2
91
33
50
-22
1
47
36
-12
61
-13
3
30
15
-11
72
46
-12
32
74
1
14
43
13
-8
-6
-10
-6
-35
-38
96
84
50
70
27
12
18
24
44
100
55
-27
27
45
58
11
44
56
34
54
1
26
95
19
32
50
5
-10
-7
53
32
134
72
77
59
24
32
53
9
10
48
24
49
42
59
11
13
45
23
101
74
47
81
67
123
-25
46
48
77
71
56
88
5
44
34
66
109
60
61
50
33
63
70
59
72
68
36
21
41
21
49
101
54
48
73
62
43
104
17
74
3
29
54
43
45
36
44
88
20
111
73
39
51
44
82
43
12
78
51
19
41
78
45
86
50
36
16
72
36
73
92
85
47
28
16
35
46
78
89
4
59
63
50
113
101
36
49
80
37
96
18
55
93
42
107
125
71
46
-22
11
33
77
64
18
-7
97
25
52
107
52
20
85
30
4
70
42
22
65
100
25
-1
41
39
51
83
58
26
65
88
51
114
50
7
60
18
38
68
54
66
4
71
46
4
7
72
-14
-17
32
79
32
80
20
103
40
70
61
-3
96
72
9
17
83
27
38
58
50
79
-9
36
23
14
-7
34
-12
50
3
7
-21
66
-8
59
50
87
-18
30
16
43
-12
50
19
83
51
-1
76
102
66
-14
94
74
62
76
61
94
112
30
14
22
48
118
17
80
67
68
58
59
123
67
42
39
55
71
51
98
13
6
-41
31
34
53
50
64
-8
4
21
13
-13
-6
57
35
48
43
12
76
19
38
65
12
47
-10
16
-31
4
-6
52
50
5
109
0
39
18
7
-1
-35
51
54
43
-14
68
92
12
20
64
92
11
85
71
43
28
35
-2
58
52
66
98
8
77
91
99
70
92
88
84
58
62
87
16
21
79
72
36
101
147
94
98
45
43
87
17
39
70
87
110
82
82
68
46
37
48
34
59
68
53
22
66
71
83
125
72
42
83
74
22
16
88
79
83
131
29
35
21
103
35
32
119
105
34
99
9
108
39
119
121
89
137
23
110
49
214
90
123
99
65
71
94
142
111
106
75
107
44
96
59
55
66
97
59
25
150
68
52
71
70
108
130
71
91
67
102
125
90
112
87
76
95
119
127
60
53
80
111
67
88
50
62
90
101
84
91
86
110
92
110
67
51
74
104
97
87
113
46
55
96
71
76
55
80
50
131
98
115
58
79
43
57
69
89
95
109
70
28
14
59
93
88
133
83
103
99
107
41
65
47
89
114
56
72
149
42
48
96
72
106
136
100
77
71
61
90
103
144
49
71
47
40
84
128
69
83
59
85
237
91
113
100
68
58
140
132
89
87
87
98
0
101
249
139
98
171
127
145
124
133
175
102
155
103
102
115
149
118
83
59
130
50
127
112
175
121
114
132
57
96
103
92
67
92
125
69
159
232
136
102
34
63
24
137
71
21
103
162
53
178
54
163
85
115
129
44
68
73
113
115
76
85
111
143
142
130
128
103
137
127
160
118
162
103
44
87
54
39
131
28
41
84
61
137
86
129
61
104
47
58
60
68
117
168
46
86
58
124
71
95
121
154
96
89
72
141
138
109
121
85
152
138
165
47
102
44
69
109
60
81
9
135
16
50
62
107
83
74
119
27
129
62
124
144
139
99
94
137
73
109
122
121
125
150
84
60
145
103
105
84
69
49
101
55
112
116
156
131
40
151
65
85
164
-27
50
66
133
117
132
77
175
79
142
143
37
76
75
112
87
151
86
104
72
71
-38
99
83
98
105
99
46
83
114
99
70
60
162
84
114
101
149
103
82
152
41
114
102
143
72
37
173
162
89
99
109
127
44
11
29
97
107
115
62
56
93
111
82
138
114
113
129
116
107
30
65
37
103
70
135
38
81
51
76
8
20
73
54
9
60
56
131
3
74
92
104
132
15
87
103
58
133
104
101
105
55
79
48
32
91
91
67
39
131
133
37
140
69
0
167
76
120
87
61
53
100
128
67
4
10
69
124
99
115
79
123
92
96
67
19
-7
105
79
117
107
60
96
13
62
21
63
114
-24
57
117
137
24
51
132
61
87
90
7
144
102
124
107
101
26
11
75
84
82
52
102
