-58
-31
-60
-48
-49
-51
-32
-34
-28
-20
-39
-39
-22
-20
-48
-29
-46
-39
-33
-30
-19
-15
-29
-17
-29
-33
-12
0
-6
-29
-16
-27
-2
-18
-14
-7
-1
-10
-20
-2
-22
4
-19
-6
-13
-30
-2
-15
-17
-4
-24
-14
-9
-1
-9
-17
-20
-30
-5
-2
-19
-3
-17
-14
4
3
-7
-4
-8
-23
-11
12
-1
-17
-8
2
0
-11
-6
4
-3
-4
8
-7
-6
7
3
-12
-1
-10
-12
-25
2
-16
1
-15
6
-9
-6
0
-12
-4
-4
8
-8
-22
-14
-13
-3
5
-2
9
-16
12
-1
-3
-14
-15
-14
-20
-17
-1
-25
-18
-1
-5
-8
-12
2
-25
-18
0
-23
-11
-16
-1
-1
-11
-16
-11
4
1
-7
-9
-10
-15
-10
-14
-12
-17
15
2
-22
-10
18
-3
-14
-15
-1
-6
-7
-26
-10
-14
-27
-13
-11
-6
-10
-19
-4
12
2
-17
-22
-12
-14
-26
-13
-18
-11
-26
-32
0
-4
-30
15
1
-25
2
-12
7
-9
-7
-12
-10
-14
6
-9
0
-1
-17
-19
-30
-26
-21
-14
-24
-20
4
-6
-15
0
-17
-20
-13
-7
-19
-7
-1
5
7
-4
4
-7
-18
-14
-14
15
-9
-17
-1
27
-18
-2
-3
-18
-7
8
-6
22
32
19
18
-17
11
11
1
-11
12
-4
7
5
5
16
27
12
16
24
14
-1
4
-4
12
-16
13
5
31
5
4
-7
37
12
5
29
23
-6
17
6
10
15
25
9
13
19
19
36
17
14
9
26
29
28
23
16
27
20
5
0
25
16
40
7
24
19
58
19
16
6
29
21
28
19
13
6
-6
16
34
12
37
37
21
11
19
4
19
35
10
3
23
0
0
9
23
35
2
15
25
37
23
3
21
27
25
28
22
12
17
-6
-3
2
12
14
16
21
5
15
22
25
37
-3
-12
30
15
29
30
38
37
23
40
20
8
11
20
7
25
24
27
12
2
19
27
35
29
46
15
21
28
7
2
21
44
42
25
59
32
20
28
38
31
43
24
11
23
47
21
25
47
21
35
21
40
26
21
42
70
30
14
51
13
12
33
23
32
49
32
26
24
30
39
28
31
26
10
15
0
30
16
8
41
50
13
35
8
41
38
20
35
53
49
15
45
25
38
22
53
44
27
47
29
7
11
13
9
43
59
41
33
25
66
24
8
36
34
41
41
48
6
28
42
19
38
30
32
38
50
29
21
40
53
54
44
23
47
52
77
81
46
31
54
62
19
41
12
50
24
48
31
19
26
37
46
37
54
49
27
56
46
55
44
61
53
70
67
53
47
59
52
58
63
61
67
67
45
70
72
49
25
52
62
64
49
50
69
49
73
54
40
67
59
65
28
78
91
42
57
54
71
75
55
80
43
70
35
59
69
51
68
69
71
83
60
36
78
78
73
68
66
64
77
52
74
43
68
55
34
32
57
66
102
78
67
54
83
96
80
50
44
66
47
68
80
82
74
62
78
68
61
53
69
42
50
61
64
66
48
54
73
61
73
71
36
62
59
81
80
97
82
60
55
56
75
46
59
28
47
40
52
95
59
41
52
26
51
75
53
58
87
69
59
63
65
33
64
60
73
76
60
46
76
69
48
94
79
76
73
59
81
61
61
46
63
54
53
48
67
57
55
46
37
81
81
76
61
75
88
93
76
52
71
70
70
70
84
60
105
63
67
66
70
56
85
78
79
77
79
100
63
91
75
85
74
56
81
61
65
58
68
86
68
66
100
62
61
75
51
43
52
64
78
71
55
74
81
45
70
66
78
63
75
75
97
69
76
49
52
63
80
90
73
81
71
84
64
94
65
85
54
89
72
62
44
67
87
73
93
104
99
61
44
73
83
75
78
91
54
120
83
79
76
77
62
84
81
81
67
90
61
55
83
74
76
99
57
74
96
63
71
83
86
95
86
62
74
63
97
47
84
105
110
36
77
87
96
68
79
93
74
73
49
61
32
65
100
57
64
72
46
67
80
78
76
52
76
33
77
54
59
55
43
60
58
60
84
79
74
46
75
83
73
66
81
72
82
112
112
96
81
67
93
115
74
56
92
100
78
79
84
90
105
89
105
76
80
84
82
109
75
86
82
49
85
84
94
100
141
94
90
81
77
91
68
106
92
77
89
104
62
103
91
87
101
75
81
77
87
83
76
73
90
89
113
83
117
86
100
85
92
90
98
74
102
81
77
94
91
99
113
97
85
87
99
86
82
79
87
84
52
47
60
76
101
77
80
58
101
91
81
72
94
59
93
87
107
83
70
70
73
77
107
88
61
96
107
91
66
81
101
68
90
86
52
72
58
73
66
52
90
58
68
69
97
82
66
99
42
52
76
70
50
73
71
55
87
101
119
86
64
63
44
84
71
78
84
93
68
95
62
64
77
76
76
84
67
73
81
93
70
68
105
86
90
69
73
80
97
79
93
94
92
66
72
75
70
79
106
66
80
51
85
75
104
79
79
92
105
77
68
77
97
89
65
83
80
89
46
97
71
89
61
60
71
79
78
107
98
71
96
70
83
73
49
60
20
63
46
74
65
84
78
65
70
82
78
63
65
48
38
38
78
73
84
68
87
88
74
66
56
102
89
97
85
71
88
94
65
88
59
83
91
33
84
90
87
68
71
74
90
77
110
68
80
76
73
125
97
98
110
98
105
116
98
80
96
88
96
92
91
97
84
65
42
106
62
81
88
100
94
90
88
99
79
78
100
76
111
93
87
114
101
102
69
89
