-58
-31
-53
-33
-38
-32
10
-50
-17
12
-1
-19
-7
29
-26
-5
-13
-30
-6
-1
-23
42
-13
13
4
32
31
6
-15
7
-14
-25
20
-18
4
6
-11
-2
-9
-13
0
-19
-32
12
-33
-7
-3
26
-20
-10
-29
30
-11
-14
-25
-28
-2
-21
-10
0
3
3
-2
-8
-6
-24
-8
-10
4
-26
1
-12
13
-2
-16
-18
1
-9
-2
-26
-19
11
4
-2
-15
-8
-25
-28
-13
-14
-11
-25
-11
17
3
5
-21
-27
-11
2
-8
-3
-12
-3
6
-10
2
-8
12
4
10
21
-17
53
28
4
16
-1
-4
15
-11
-6
-28
-15
61
30
11
54
-8
-23
5
36
13
31
30
54
36
42
28
43
28
46
40
27
25
4
19
7
-25
4
64
32
0
54
60
50
38
-9
71
28
9
-23
29
30
-24
36
44
7
33
4
10
35
10
32
25
28
4
12
26
23
55
50
-3
53
59
6
8
51
16
59
-3
85
31
101
63
18
10
48
54
49
27
44
-22
19
-17
6
-3
14
16
65
71
8
58
41
57
-9
51
20
13
-6
31
45
38
31
86
11
67
-7
88
46
56
82
100
-3
36
92
39
62
45
36
163
117
66
73
-24
93
133
51
62
89
30
12
108
28
-12
53
68
62
107
24
58
31
22
44
81
89
85
134
72
56
-5
115
138
70
122
17
-23
74
69
26
90
116
43
92
62
60
114
77
34
50
73
187
80
96
42
38
94
95
102
124
99
130
76
94
81
148
78
89
46
118
98
115
49
70
73
19
50
89
117
89
131
33
-1
43
9
79
27
65
51
66
28
-6
68
34
91
-8
110
128
61
49
-5
83
135
56
132
135
52
49
24
70
72
79
97
111
119
22
147
145
98
62
42
24
38
22
59
117
71
84
91
111
101
-16
53
134
94
102
83
73
112
-9
55
82
159
79
129
-21
55
45
30
25
50
101
59
27
99
75
120
84
62
97
136
56
87
67
74
64
84
150
69
84
56
109
63
65
104
145
79
5
121
76
60
81
-1
30
-1
-19
19
-4
79
-11
51
17
53
18
74
-22
43
-31
17
101
109
56
81
55
61
73
-35
52
142
96
41
106
74
91
115
79
158
42
89
83
25
79
91
63
109
93
120
-20
82
88
11
2
95
33
96
91
72
35
21
60
-12
26
12
-20
-12
50
-29
-23
69
14
47
51
17
64
115
121
160
41
-22
-11
64
34
33
11
77
28
26
-46
-61
13
41
2
17
101
20
1
43
92
75
36
36
55
97
73
69
46
82
-32
50
33
84
136
112
51
96
61
37
42
36
66
88
103
84
239
90
143
133
135
106
120
158
11
102
138
11
112
113
127
125
53
108
94
55
34
100
115
38
127
84
110
84
103
81
59
126
126
85
66
121
116
69
104
73
74
82
107
67
114
68
105
65
89
19
100
153
138
100
132
97
63
91
94
97
109
115
148
83
72
104
45
20
71
50
19
42
12
6
75
23
103
96
68
83
61
138
120
107
59
75
25
93
122
93
131
111
61
59
95
130
109
56
84
62
68
130
44
125
78
61
123
63
137
80
87
99
99
135
47
57
39
18
38
93
105
57
88
46
73
54
69
94
132
89
32
64
44
53
59
8
58
80
92
98
124
110
115
142
124
75
131
111
132
118
73
93
121
109
155
62
131
73
154
74
89
122
98
146
70
142
111
115
82
133
112
63
84
78
115
110
52
74
131
86
37
73
66
105
75
73
115
135
85
89
29
49
62
43
106
110
82
3
152
52
90
60
124
94
65
71
111
71
62
123
60
110
77
101
63
118
108
85
63
106
92
110
108
137
97
86
47
58
142
133
84
118
35
146
53
69
104
61
77
96
77
114
85
143
113
77
85
60
44
137
120
105
153
57
92
88
95
78
92
129
75
156
121
93
95
92
83
34
92
151
129
53
114
97
135
76
86
85
21
47
157
71
95
89
5
92
17
77
82
83
105
47
85
98
106
123
142
93
78
95
143
110
63
104
104
111
132
129
104
65
86
153
56
138
111
72
87
96
97
109
137
75
122
122
139
154
98
90
85
138
61
99
86
130
43
129
120
90
95
98
103
109
193
76
94
114
136
102
61
99
115
78
97
120
100
80
99
89
137
94
98
84
87
118
82
54
112
129
129
83
106
111
143
187
114
55
135
145
85
117
109
107
104
114
144
73
136
131
122
129
63
50
154
120
37
83
133
82
118
107
121
87
115
152
62
118
91
101
132
105
127
94
79
69
150
116
63
130
50
118
91
119
67
96
133
110
157
83
75
65
114
127
97
39
81
89
104
110
127
130
93
146
37
61
104
87
48
96
118
96
112
112
87
94
71
44
46
108
110
90
61
146
113
107
102
78
65
119
144
144
61
76
99
111
125
183
108
112
110
39
118
145
134
112
124
105
122
121
124
86
104
134
143
101
122
88
106
28
215
100
148
132
260
118
121
130
141
131
103
177
121
94
57
113
106
105
48
45
76
103
127
130
175
178
157
109
126
136
116
51
25
88
98
136
124
107
160
110
126
84
134
66
88
124
63
-12
81
37
120
42
102
96
65
96
44
101
80
69
86
117
98
137
156
122
12
82
96
67
112
91
103
133
121
74
126
119
125
124
71
129
53
146
114
101
116
177
137
180
133
130
152
120
168
117
145
128
114
120
29
107
125
137
129
80
138
72
78
143
150
129
56
51
183
52
83
111
141
130
139
136
