-59
-33
-63
-29
-56
-65
-48
-19
-13
-14
-50
-61
-14
-48
-25
-23
-33
-48
-51
-67
-31
-66
-44
-70
-75
-87
-39
-62
-53
-83
-64
-51
-46
-74
-62
-71
-74
-58
-57
-67
-53
-52
-50
-45
-52
-61
6
-77
-16
28
-44
-70
-26
-33
-37
-57
-4
-9
-26
-4
-2
-53
2
8
-10
33
-22
-19
-14
-6
-15
16
-44
-26
-3
-34
-12
-45
-9
19
-1
-48
-35
-41
-21
-4
-19
-12
-12
-24
-39
-68
-4
-43
25
-22
51
-23
-16
11
18
-18
11
-10
4
-17
-12
6
-25
-7
-22
21
-28
-12
-15
-5
-31
-51
-76
-53
-58
-25
-16
1
-10
-40
-27
-31
14
-53
-27
10
-64
-12
-60
-5
-4
-57
-65
-40
10
-11
-27
4
-20
-61
-18
-48
23
-51
-6
-8
-78
-6
14
1
-76
-58
-28
-47
-32
-60
-13
-41
-68
-62
-52
-26
-57
-24
-69
12
6
-45
-60
-73
-58
-73
-23
-26
-22
-73
-59
3
-22
-61
0
17
-50
-16
8
14
-21
-56
-17
-6
-11
-14
-58
-25
-29
-11
-42
-71
-56
-23
-10
-45
-29
-27
-71
-47
-66
-33
-49
-18
-23
-22
-4
-21
20
0
32
3
-69
-45
-44
-29
-9
-29
-58
-38
53
-53
-13
-21
-70
-56
13
-54
-25
22
38
0
33
-36
-48
-26
-64
-26
-27
6
-46
-4
87
19
-49
-19
43
51
-7
-12
-25
26
-55
8
-12
44
-18
-8
-9
3
-17
-7
-2
16
-35
-15
-18
23
23
7
-5
-13
-54
-2
-17
-26
-17
-19
18
-2
4
-40
-22
-5
-32
-36
-31
-20
14
18
7
-30
-18
26
-48
12
12
-16
52
23
23
-22
14
-16
19
51
-14
74
33
23
53
39
-13
36
75
49
-28
38
-24
54
1
19
12
16
-34
15
86
4
21
15
31
67
29
-36
-49
20
-13
-22
10
49
54
31
44
54
-35
22
59
125
-12
-57
28
13
24
-4
42
6
44
49
-52
-34
-16
-32
-36
39
-4
36
21
7
-24
42
11
-60
57
51
-6
10
-1
-4
63
67
66
67
76
19
-9
-12
52
69
13
8
-20
-2
-7
12
30
-15
-17
24
20
33
18
-11
100
9
-2
-7
1
-42
-28
44
65
37
96
66
39
34
16
67
34
36
-36
-25
-21
-36
46
-18
-10
27
2
-56
60
-1
13
23
-19
54
17
62
20
3
27
-14
-18
59
-15
-6
8
12
-3
3
-14
-15
27
0
-3
19
-15
6
21
-12
12
-35
34
-16
6
-17
-6
-18
-62
15
37
22
10
12
74
-24
-39
43
46
5
14
49
58
129
47
76
64
103
102
14
33
-14
54
77
93
89
54
38
89
38
70
71
38
-11
103
31
55
11
69
31
53
57
43
66
22
130
83
87
28
60
71
36
157
115
50
29
61
116
98
11
30
43
81
94
-20
-7
27
49
64
29
41
51
-23
-8
19
36
70
67
7
-23
105
48
62
40
74
40
69
77
35
26
6
95
43
55
86
82
34
62
49
22
-22
63
-3
-5
-6
11
97
85
106
26
69
47
109
26
-13
4
59
4
58
127
35
11
37
38
64
73
32
97
74
47
73
37
98
36
47
52
107
111
60
35
105
82
65
100
97
111
77
96
17
88
68
81
-7
78
59
-7
70
65
100
66
49
8
129
98
17
74
80
39
48
46
37
60
80
85
77
106
5
91
74
10
92
70
76
104
60
16
49
62
-16
56
10
25
36
73
86
47
85
-6
104
41
74
18
51
63
130
93
62
94
103
95
52
83
80
118
60
55
78
93
79
106
156
42
-1
105
115
4
39
83
85
104
52
120
64
90
31
120
85
40
95
49
94
62
83
16
26
90
21
39
-2
42
93
60
80
71
103
31
48
97
15
72
54
115
17
13
6
73
42
50
81
47
36
92
117
69
89
64
69
75
90
57
74
68
104
70
90
104
57
74
22
-12
50
68
94
27
92
115
79
57
101
24
78
115
105
37
58
77
25
115
98
73
68
60
69
126
42
118
115
73
121
47
62
42
40
92
28
109
122
103
65
123
122
48
82
32
105
-3
89
62
87
70
88
94
62
57
77
69
42
124
92
58
83
110
66
72
36
34
74
-35
78
80
26
111
114
109
61
94
55
56
37
112
134
42
119
103
105
81
113
133
154
69
66
99
42
157
84
79
119
79
84
123
47
27
108
73
121
94
70
51
93
68
51
65
172
82
116
138
71
74
79
47
45
97
15
121
100
65
126
103
28
60
48
94
129
71
41
60
102
117
72
146
126
145
134
94
58
37
92
69
45
110
83
61
106
120
14
92
153
31
78
94
129
78
24
57
109
87
17
57
116
148
97
106
61
84
106
92
74
199
61
75
61
73
92
65
122
113
61
115
21
79
67
127
53
75
51
39
-54
39
139
19
92
-43
96
87
55
91
58
60
28
80
102
53
115
-1
63
103
60
78
96
114
61
58
78
272
104
73
82
69
115
64
192
103
100
66
99
51
42
82
70
56
116
60
139
103
109
73
22
145
84
49
77
34
97
101
95
118
129
78
87
87
102
84
102
86
52
88
52
35
95
102
49
56
82
138
130
83
86
111
72
73
51
90
105
73
128
12
71
44
76
120
97
87
101
132
-26
25
17
23
76
-23
53
-9
94
46
34
31
-4
79
90
81
66
100
58
54
19
-9
-16
-8
34
62
101
54
81
78
60
60
87
63
44
85
83
81
45
-31
101
117
111
139
16
101
90
60
-3
123
105
124
61
70
47
53
77
23
1
35
71
1
50
2
57
120
32
65
69
64
50
84
77
38
-19
48
57
-11
91
58
141
73
116
69
75
12
-17
51
95
68
93
69
123
108
23
-7
5
68
74
62
94
140
118
114
123
138
129
68
15
79
99
72
124
45
94
31
56
116
132
109
53
117
41
91
13
142
-28
55
118
50
73
17
15
67
134
83
110
120
115
86
55
81
86
78
98
82
78
105
73
42
19
117
112
77
41
58
102
62
72
103
86
83
53
39
42
73
80
40
75
53
-12
97
137
-5
72
94
35
72
68
89
26
32
53
-15
98
101
27
47
38
85
129
115
119
95
63
100
96
129
54
58
96
109
61
63
72
77
84
98
135
23
37
12
64
76
92
270
29
124
77
31
44
125
85
71
114
101
72
57
107
77
111
73
69
60
55
94
89
86
72
94
72
68
39
-10
104
115
32
87
76
95
58
61
102
40
-7
133
130
92
24
28
27
72
257
18
108
81
107
50
-29
50
-12
68
148
84
95
97
111
114
21
126
85
50
52
93
85
98
112
101
59
66
73
56
112
119
70
37
92
55
78
74
9
113
99
107
93
119
106
16
83
101
93
104
105
74
100
115
71
68
57
112
52
116
83
82
79
116
50
74
54
70
25
150
70
