-53
-44
-46
-62
-61
-17
-46
-15
-68
-51
-37
-59
-74
-60
-15
-44
93
-78
-81
-24
-23
-68
-45
-31
-55
-80
-32
-60
-63
-30
-61
-67
-47
-23
-48
-34
-61
-49
-9
-45
-12
-56
-55
-55
-59
-66
-26
4
-54
-31
-23
-66
-64
-29
-44
-45
-40
-27
-57
-39
-38
-42
-35
-43
-15
-18
-43
-27
-16
-48
-51
-39
-41
-42
-22
-21
11
-49
-41
-31
-16
-37
-52
-26
-14
-45
-37
-33
-14
-29
-20
-56
-15
-22
-7
-12
-30
-29
-53
-33
1
-36
-23
3
-48
-38
-10
-10
13
-17
-11
-21
-15
-17
-11
-32
-16
-12
18
4
-8
-49
-2
-19
1
-9
23
-56
42
-21
-14
-14
-13
-44
-29
13
-11
28
-13
3
-38
-59
-6
-33
-63
-40
-28
-7
6
-46
0
-1
-20
-27
-18
13
-20
-13
-19
41
-37
13
-39
-8
-12
-38
-36
27
-10
21
35
-18
0
-25
-9
-15
-39
15
6
-20
11
-9
-1
-6
21
-12
-6
8
15
-19
-29
-5
-19
37
53
30
-17
10
38
21
-9
13
-13
-35
-12
-19
-11
4
-26
20
30
-23
26
36
16
18
-9
-12
-8
-17
11
57
13
-32
35
-32
-20
-52
14
-22
-11
-35
-9
50
53
5
34
59
13
34
-6
-2
-22
-55
-5
-8
6
21
22
31
33
69
15
20
12
60
-17
64
16
7
19
7
-1
0
24
-1
24
31
-2
39
-20
23
3
102
21
47
35
-11
17
-4
-8
38
30
0
19
11
30
35
-9
29
19
33
-8
25
24
-6
13
31
23
32
-6
25
63
0
32
2
31
17
0
26
16
-20
58
0
79
13
18
46
15
36
-4
51
51
23
35
0
-39
1
19
49
6
26
11
-32
73
27
35
13
9
10
5
15
40
64
16
23
54
50
108
73
8
56
1
86
25
4
-32
23
43
39
-2
-5
-29
83
38
8
8
55
-36
28
-6
12
3
64
51
2
3
61
28
130
0
57
18
18
55
15
83
66
53
41
14
22
35
-48
53
27
-5
33
17
52
38
-12
0
27
16
-2
23
-4
25
33
41
18
19
25
50
56
39
31
20
-1
-2
-1
95
78
47
66
59
48
57
55
4
38
24
38
60
55
22
38
7
14
95
-25
51
15
99
78
-6
15
60
20
52
92
83
14
73
113
77
55
31
41
77
17
3
49
-3
10
-10
27
48
4
30
52
46
28
88
49
49
39
68
5
47
41
15
65
68
96
102
71
44
41
44
27
51
66
14
34
100
99
-4
34
38
50
-8
69
10
10
4
20
113
80
55
96
32
26
106
96
47
66
26
16
27
-15
1
60
45
90
58
84
37
87
86
-34
75
2
31
-34
27
19
20
34
85
71
72
67
23
74
49
60
27
27
41
47
21
91
48
43
37
23
81
-17
85
53
38
42
43
56
32
22
-19
0
18
52
20
51
23
33
53
69
81
20
43
49
-7
39
-2
-3
54
19
27
9
87
16
90
45
5
2
-2
35
37
37
30
-15
-27
8
45
75
-9
26
7
39
75
57
76
6
40
1
-6
52
8
31
33
62
49
88
17
67
53
21
-28
19
59
63
-1
69
61
43
52
30
91
38
49
21
35
1
52
30
23
52
90
16
39
70
77
4
97
85
48
39
61
40
64
38
15
67
71
49
49
58
91
37
58
71
60
-10
25
53
24
7
52
63
35
57
46
55
76
42
29
116
26
22
64
18
70
97
33
80
87
72
-8
49
87
125
48
74
61
30
59
76
24
59
-1
86
47
112
71
113
14
-12
-2
24
43
38
76
26
64
42
48
46
23
39
117
44
124
79
52
98
90
43
11
74
45
106
47
86
44
38
24
43
136
97
73
81
-27
47
37
29
56
44
57
52
81
65
25
100
7
51
63
75
48
55
24
71
51
47
18
97
44
73
33
51
97
54
111
92
71
55
81
66
88
62
65
54
72
65
48
8
41
102
97
48
55
86
21
-8
83
80
26
52
71
114
32
40
37
44
86
4
48
35
73
76
65
29
26
53
95
36
76
19
46
6
65
78
27
55
63
30
94
42
28
54
31
105
101
32
-5
33
63
109
-3
36
10
0
66
104
54
38
29
78
79
41
60
65
64
66
33
30
53
31
92
19
67
29
9
57
108
50
41
46
22
102
62
18
37
36
28
50
50
51
89
88
114
89
59
47
55
56
-22
74
96
58
61
100
38
73
8
68
70
52
38
46
101
51
44
32
16
25
30
52
45
16
31
89
81
60
-10
59
101
52
32
18
70
66
33
109
85
108
41
87
80
77
20
77
60
52
88
30
55
57
144
76
71
51
66
72
43
16
43
70
61
48
43
10
48
95
20
55
77
40
52
23
54
34
53
40
82
43
15
106
92
92
23
16
32
46
71
58
20
68
82
22
45
35
77
74
88
22
0
63
53
33
38
7
17
37
66
92
81
78
20
50
18
69
100
69
5
29
42
44
45
63
-7
82
89
20
65
50
60
67
65
39
79
65
47
34
6
73
39
25
56
112
40
63
83
33
86
99
51
64
64
49
87
18
63
87
27
70
76
73
97
105
22
40
16
31
25
69
44
70
64
71
89
70
49
47
52
41
80
48
80
116
94
41
42
49
62
83
65
59
78
65
73
75
99
49
-10
16
35
51
98
42
43
86
74
58
17
78
74
46
31
86
56
21
69
82
97
61
91
5
108
60
26
106
40
98
50
44
34
85
26
-22
86
67
30
102
29
42
91
49
82
0
79
106
88
33
40
86
52
35
59
77
38
95
21
80
-3
80
61
-3
68
111
79
26
76
6
82
73
34
12
10
83
47
48
42
14
98
67
63
59
60
75
88
50
114
33
18
27
106
60
94
32
61
26
91
29
92
21
38
63
116
87
122
21
68
123
130
75
56
104
-9
32
81
68
111
57
64
60
80
74
63
24
130
53
49
62
64
78
74
90
62
60
36
70
83
128
20
131
52
68
36
29
25
93
62
40
20
39
73
40
45
43
55
54
82
48
54
77
4
66
51
120
58
38
71
11
27
50
75
31
5
64
6
80
87
86
61
122
51
61
18
18
66
61
56
81
79
-10
29
73
5
39
-1
18
90
34
74
48
101
54
137
44
42
65
52
45
141
53
35
37
54
121
79
53
-16
30
126
121
44
57
99
63
35
48
70
49
36
20
53
5
-24
56
37
78
99
106
20
-9
79
73
78
20
57
54
127
57
-3
65
12
37
89
-4
64
27
73
13
45
117
79
12
-3
36
31
52
25
19
69
24
50
71
27
16
56
50
13
73
61
77
70
127
94
92
129
80
82
10
16
18
29
60
-5
52
5
22
95
66
27
34
23
36
102
60
32
58
55
53
23
54
149
53
62
47
80
58
59
50
53
102
54
35
58
52
66
62
97
93
96
55
48
84
73
57
72
56
106
75
7
97
-11
101
66
9
11
56
77
63
86
37
95
70
-2
12
103
43
86
109
19
86
73
46
27
33
90
50
-22
35
20
75
46
40
55
97
50
92
27
32
97
87
80
18
74
24
42
69
64
64
82
55
14
67
108
71
59
59
58
47
55
60
39
79
90
2
44
65
87
20
62
92
86
38
91
74
72
60
26
33
30
68
76
67
112
39
51
6
98
95
87
61
95
77
54
107
79
34
111
59
35
82
113
78
27
87
62
69
61
108
77
27
60
38
-16
14
60
68
30
54
74
29
97
29
41
40
44
42
81
91
83
101
66
102
56
62
1
12
73
64
-3
45
24
158
66
97
100
100
102
54
67
10
27
10
154
81
37
40
-14
110
77
72
39
127
105
45
89
81
105
78
92
40
62
65
76
78
-3
69
76
69
60
14
87
-7
53
28
38
84
47
123
101
112
57
55
77
108
60
46
62
93
44
122
81
70
22
47
72
43
66
39
35
131
105
80
33
84
92
25
84
46
24
92
19
114
105
35
73
135
73
114
73
99
25
100
-1
99
95
131
77
48
57
142
-2
63
61
110
81
125
75
106
8
10
45
50
83
76
38
124
67
85
89
39
112
67
76
104
78
14
67
47
112
135
72
97
104
0
28
95
91
106
69
96
-7
50
103
38
2
114
80
28
40
72
5
57
115
40
29
49
56
-1
58
22
133
-3
28
110
69
3
88
67
103
109
23
92
120
40
124
35
81
71
110
32
67
74
33
58
86
5
83
83
56
65
110
107
49
97
48
63
52
123
-1
103
29
10
79
103
48
85
34
100
45
104
53
92
43
52
76
34
61
76
42
88
75
41
41
68
115
123
66
40
60
70
89
71
58
62
83
60
29
54
4
6
105
89
74
48
131
63
73
71
5
77
53
72
36
102
71
31
32
97
42
36
61
3
94
90
81
87
111
95
70
12
104
56
72
95
118
22
132
33
54
106
31
40
48
84
63
52
86
104
48
57
78
105
24
121
51
49
108
51
100
89
-6
118
49
117
71
40
117
41
98
106
93
-9
52
82
130
82
69
43
75
100
59
91
13
72
34
62
56
32
92
42
71
109
36
95
65
79
71
64
66
63
49
59
50
36
74
51
103
77
33
59
101
118
85
51
34
37
79
58
75
92
70
-15
21
52
44
98
30
90
75
105
34
79
12
25
59
14
82
0
83
87
79
74
60
113
94
61
50
93
37
49
120
87
73
38
54
101
82
69
71
98
21
69
107
51
-3
18
63
70
56
137
50
10
141
41
70
66
141
40
30
94
45
104
52
30
3
70
38
64
47
33
5
29
57
90
89
126
12
108
51
7
68
67
48
19
55
37
80
10
32
53
118
80
64
94
21
94
69
92
132
60
46
81
101
39
82
98
94
67
75
93
93
37
86
53
83
34
73
90
51
36
72
66
56
58
109
48
56
110
9
45
10
107
60
80
52
51
89
29
35
78
63
78
33
54
60
72
-10
6
26
101
49
53
87
35
103
48
18
69
2
41
111
66
16
25
70
47
76
96
65
34
70
41
55
85
76
52
80
70
42
108
102
12
77
73
20
35
70
38
57
35
74
54
70
26
96
33
55
79
48
51
7
88
55
59
54
57
64
32
97
77
-9
146
131
109
56
81
47
94
102
28
58
96
75
59
63
58
132
55
94
36
115
61
78
63
42
62
3
96
104
69
77
126
54
67
75
74
72
79
60
136
74
39
90
106
45
80
88
67
97
64
60
63
94
72
58
47
67
49
20
71
48
61
49
45
48
59
93
57
89
66
58
101
100
89
80
12
16
86
84
79
62
54
127
80
122
34
93
34
97
54
115
61
28
69
72
40
47
40
95
57
72
61
121
87
55
70
89
75
92
53
45
144
20
61
113
59
40
58
116
117
49
43
131
11
60
-16
54
64
69
100
25
55
45
99
70
37
62
-9
89
117
25
92
41
27
79
25
75
60
7
51
110
67
75
64
61
86
87
104
107
152
57
81
103
75
37
28
14
71
78
39
3
118
45
66
32
48
75
22
51
30
100
66
69
80
16
59
52
96
53
122
77
51
75
123
73
33
62
109
64
52
26
76
62
29
94
64
75
64
49
19
64
59
34
58
-11
28
69
87
88
45
40
117
66
73
51
61
88
92
140
46
90
57
100
78
98
98
53
51
42
93
79
46
85
24
84
86
77
44
87
58
111
49
59
121
41
46
46
68
0
106
37
75
58
55
86
63
105
67
59
24
75
98
60
95
14
70
71
34
72
84
48
26
65
97
34
26
28
93
44
97
86
29
69
18
58
98
94
90
100
81
13
92
46
67
53
81
18
65
3
107
86
44
55
32
55
93
50
52
55
40
23
52
36
46
51
68
82
75
59
-19
83
67
32
61
70
66
47
3
81
37
-7
57
92
50
101
54
68
-40
38
43
34
38
33
26
52
80
97
42
10
28
51
9
51
37
43
45
0
21
40
47
105
20
19
52
24
64
47
85
45
51
23
21
-2
89
45
58
41
38
121
24
27
26
45
51
28
-2
68
39
54
61
93
73
86
41
95
100
91
85
105
52
79
92
62
90
50
54
133
5
0
65
49
22
45
16
86
57
95
26
18
91
71
102
124
84
60
79
47
37
47
28
73
2
68
121
-6
65
60
41
47
72
24
41
54
56
6
54
109
143
43
29
45
81
79
65
98
42
20
98
71
9
13
91
16
71
32
0
128
81
103
57
53
28
-10
27
15
63
73
43
44
24
45
38
97
97
115
74
85
50
90
39
54
93
61
14
