-64
-49
-32
-63
-58
-35
-21
-35
-60
-44
-26
-54
-50
-19
-49
-26
-54
-79
-14
-35
-79
-34
-54
-55
-59
-37
-46
-75
-33
-55
-38
-51
-36
-23
-73
-53
-33
-13
-58
5
-44
-42
-45
-73
-24
0
-17
9
-66
-70
-26
-46
-59
-62
-26
-48
-80
-12
-32
-35
-53
-51
-29
-23
-41
-39
-48
-38
-49
-25
-36
-65
-47
-35
-36
24
-42
-41
-37
-10
-1
-40
-11
-7
-45
-35
12
-54
-52
-35
-42
-43
-35
-30
-26
-59
-3
-22
-40
23
-18
-44
-10
-42
-36
-20
-27
-19
-19
25
-26
1
-43
-40
-16
-6
-11
17
0
-17
-54
-49
8
-6
-18
-26
30
-45
14
-8
-56
-23
-32
-14
-42
-16
8
-15
-41
-38
-42
-9
13
-31
-12
-27
-47
-6
4
5
-17
-51
-35
-14
-14
-51
-7
-28
-63
-36
-5
9
24
29
-27
-29
15
6
9
-2
14
16
35
-17
-34
-28
-24
-11
-9
-32
8
-16
13
-27
-5
-17
-44
-2
-35
-18
17
-4
-26
-8
-34
-28
10
-15
8
-10
22
-1
69
25
-14
-6
-12
17
16
-9
18
-40
-40
-16
7
-6
4
32
35
13
-4
-15
-10
-3
-3
17
46
-12
-43
-5
-24
-8
26
4
27
0
-7
11
11
-23
56
55
31
-37
-27
-18
-36
0
35
12
-6
59
-18
26
158
15
2
0
63
55
24
39
4
1
28
50
65
56
41
20
56
-5
-19
1
51
73
-6
-15
21
-13
-9
10
42
40
-16
19
18
30
23
43
13
36
40
47
42
21
42
11
-25
11
-2
14
64
2
36
17
25
27
-42
32
53
-26
45
73
37
8
78
44
30
54
-27
57
34
4
40
-8
27
-67
0
15
56
31
18
-29
8
-8
18
-20
64
15
-10
13
49
39
49
15
12
71
35
49
114
9
52
54
-6
28
14
15
34
-20
2
19
-41
27
-1
42
30
-20
37
-8
14
9
41
-15
17
25
14
26
-12
6
29
14
25
28
3
35
35
51
0
57
36
44
30
18
-30
4
-1
17
-6
-17
13
-48
40
35
19
57
60
-9
17
22
29
63
-5
14
33
10
44
39
-25
42
39
74
23
-18
24
40
40
67
51
-2
-2
48
21
59
-6
55
55
-25
76
-18
58
13
93
23
-4
63
3
61
18
28
42
5
104
149
6
52
70
83
28
17
-8
30
22
81
25
58
16
3
56
7
40
-9
20
29
20
29
51
47
22
32
29
55
-48
-25
40
16
9
53
31
80
86
27
27
96
51
21
82
29
-13
12
3
39
19
27
20
34
46
35
26
50
97
24
15
39
56
15
-10
78
26
6
-1
60
-24
27
26
3
83
25
7
78
38
62
61
8
28
11
6
-8
5
73
68
55
32
43
24
50
20
35
13
38
60
26
26
53
83
212
57
10
28
66
3
67
31
33
4
75
50
-32
44
77
58
50
50
70
-9
28
14
46
-16
39
33
68
91
125
-9
62
24
101
2
43
51
23
71
82
17
40
121
5
67
16
65
18
50
111
83
34
27
30
14
37
5
37
60
82
50
74
7
83
50
31
59
90
90
58
107
45
65
50
57
44
-1
70
23
31
75
69
45
22
51
48
19
21
39
60
70
68
29
36
66
2
67
19
73
36
63
44
54
120
42
87
0
49
55
54
52
21
94
59
42
53
94
26
49
54
99
27
103
19
71
89
98
92
41
103
116
-2
83
21
98
50
46
6
20
13
61
12
93
50
44
37
14
27
-2
61
82
5
92
86
20
95
33
-34
50
37
71
70
67
42
56
25
80
62
-8
18
109
20
74
77
43
1
57
60
32
-8
78
23
18
-6
53
16
88
64
57
-6
27
26
26
-7
-5
37
-12
63
66
-23
66
4
51
26
34
68
74
49
34
71
106
13
21
49
60
29
51
-18
-6
53
17
33
48
0
13
0
15
21
57
41
39
41
63
6
13
121
96
49
129
31
67
94
120
41
41
87
51
38
73
43
77
108
121
81
18
62
57
45
113
56
33
71
146
52
144
66
128
91
87
95
36
88
37
67
89
41
47
45
19
25
119
56
104
91
52
34
41
-12
-21
78
-3
81
66
119
26
49
51
83
-6
64
55
80
41
91
97
37
106
37
15
90
40
62
86
60
31
23
12
37
45
41
43
1
22
14
99
96
52
-15
33
64
45
51
77
14
107
14
27
0
23
76
74
39
32
52
94
-8
10
15
46
48
69
18
74
45
25
43
32
109
38
90
75
49
54
34
76
72
63
52
65
10
-28
33
45
77
68
49
75
-2
92
50
46
51
99
24
60
36
58
33
85
27
72
30
33
60
39
97
71
8
89
31
40
44
115
-2
106
53
66
59
78
97
52
1
76
30
76
84
76
17
45
-11
45
11
31
26
76
65
65
49
109
77
46
66
45
61
62
61
40
90
124
62
64
17
53
32
73
11
70
74
67
33
33
103
33
64
64
74
96
120
33
38
6
39
90
64
92
55
30
71
24
16
89
81
77
80
42
57
47
98
-20
70
65
48
63
86
65
35
53
60
29
52
16
120
62
22
75
118
57
26
116
38
62
70
21
17
59
52
1
126
37
89
30
87
94
153
71
22
81
83
55
46
-9
18
43
18
-8
71
54
36
99
80
68
-7
85
27
26
-15
67
138
91
59
0
129
-9
61
93
54
118
44
51
75
12
84
64
19
57
43
75
59
82
52
17
75
69
78
58
58
119
63
57
35
-4
59
50
27
40
54
58
62
72
131
97
106
9
25
63
-6
38
76
30
54
26
78
16
32
32
25
23
71
75
76
66
-3
67
68
59
97
62
16
24
23
37
35
40
2
-16
50
66
116
70
-3
21
118
46
42
63
18
12
89
53
39
24
50
21
53
41
60
33
94
60
53
8
61
19
93
15
53
61
63
25
48
49
28
98
61
-18
68
68
38
32
107
32
26
56
32
107
24
38
44
72
23
88
40
12
48
60
50
21
19
30
30
90
31
41
7
73
21
-2
-2
71
126
73
42
63
16
-10
51
-3
58
61
45
52
28
84
48
72
28
26
39
42
61
42
66
17
97
16
80
33
18
50
74
63
68
44
39
86
65
74
88
31
64
92
24
88
51
103
51
4
77
15
-3
63
23
58
36
130
41
58
40
75
52
27
63
19
71
48
78
59
30
125
43
79
31
64
80
15
86
48
35
-16
30
87
54
47
42
41
86
75
41
91
51
60
111
106
72
56
44
93
0
123
60
76
35
10
35
59
66
45
19
47
48
84
62
38
49
119
21
89
60
68
116
57
36
77
82
81
82
96
49
71
9
117
115
80
40
43
62
80
25
53
92
11
46
85
69
38
79
54
10
37
41
50
48
62
65
47
5
37
50
2
-27
28
88
80
138
80
84
55
10
104
21
19
78
-9
41
33
55
-14
28
-31
15
-2
-9
64
97
28
95
-2
68
132
17
50
117
107
27
13
-16
-18
-2
36
-1
57
72
115
155
75
84
79
91
71
35
92
51
-11
-1
124
82
110
36
28
87
68
-6
73
99
54
79
90
78
55
44
54
77
92
51
52
20
57
58
30
113
15
110
65
61
45
24
69
44
49
67
22
14
56
50
37
53
58
49
83
89
43
10
44
80
23
108
97
54
61
37
98
76
57
18
39
6
77
50
71
100
40
132
35
15
101
96
54
73
60
51
75
33
111
97
36
91
27
40
9
71
50
16
55
37
43
96
126
51
22
50
67
76
47
99
-2
16
88
92
-10
20
71
54
19
96
24
-2
42
76
112
105
65
40
80
65
38
82
29
64
71
23
7
104
54
19
66
82
39
94
104
124
94
29
95
70
41
32
75
16
22
78
28
4
71
85
64
116
41
101
25
92
87
89
39
9
65
24
70
16
81
24
12
79
51
53
48
46
69
37
92
119
99
70
36
33
67
57
42
40
43
20
7
53
99
62
19
-2
72
77
-3
45
38
68
52
74
88
81
12
51
10
91
83
30
44
82
54
29
76
43
49
16
39
43
67
5
9
81
70
56
75
2
58
35
12
34
94
36
87
97
115
82
0
62
52
21
56
48
21
130
90
20
35
23
73
51
6
-2
20
53
22
2
33
106
22
47
-6
54
60
58
112
19
102
79
-2
51
71
82
72
-5
84
18
44
80
38
30
44
38
104
91
50
103
61
55
54
87
77
47
31
131
74
80
69
49
73
71
80
5
36
35
72
94
127
75
99
76
57
87
87
24
87
68
24
34
46
102
45
36
73
-22
53
46
54
71
47
64
20
24
80
64
12
91
59
1
65
97
107
97
39
112
47
35
81
16
63
72
44
101
69
25
96
55
99
2
57
46
64
39
64
87
101
55
34
33
32
65
53
63
-2
48
35
85
101
79
67
33
92
65
12
-1
41
17
143
48
39
46
114
29
85
50
28
67
9
86
80
5
25
77
105
47
68
58
60
36
6
63
-2
61
87
59
57
40
58
113
73
102
25
48
42
111
51
6
54
82
74
47
33
49
-7
90
95
41
70
30
113
65
62
105
60
50
42
90
49
38
9
46
84
61
123
53
33
43
69
64
53
17
76
-18
75
44
77
71
76
53
40
30
69
54
73
-2
42
51
11
30
59
80
38
84
32
99
79
14
37
3
-17
-2
24
4
46
85
49
-7
80
66
89
14
97
16
94
16
32
9
31
58
100
64
3
11
70
51
63
126
46
21
121
77
98
31
69
87
46
61
87
72
69
50
85
56
65
70
71
81
73
70
95
136
97
106
34
0
49
63
32
88
30
74
78
63
61
87
64
109
63
117
77
105
44
121
37
27
58
54
91
21
72
48
76
60
35
85
113
107
36
63
43
26
3
45
117
119
113
-25
65
79
44
50
97
37
53
66
56
12
12
113
72
145
80
28
132
68
-1
49
51
96
90
91
49
37
59
2
23
47
63
40
22
58
94
30
48
71
58
51
66
45
83
73
90
31
77
39
36
28
65
63
46
50
7
48
23
44
8
29
-4
67
-22
112
17
80
27
259
101
103
115
99
31
100
0
94
69
37
11
73
30
121
135
69
80
90
45
46
88
107
33
46
64
44
71
53
42
53
53
67
93
5
97
45
92
63
15
97
12
54
69
26
14
102
87
92
39
39
105
89
61
58
31
56
72
48
-1
79
172
36
96
68
32
15
34
69
13
-3
55
135
68
67
74
42
44
66
31
118
35
29
22
103
40
62
77
63
35
72
24
23
118
93
54
58
84
48
111
90
59
72
72
54
55
0
52
82
74
69
41
49
45
41
36
24
35
111
40
-12
48
42
107
42
92
90
69
10
78
77
106
36
36
59
94
41
87
36
52
64
88
84
36
22
8
55
32
96
31
81
90
5
53
67
20
18
59
71
8
88
42
65
79
40
65
30
129
84
59
80
67
114
102
114
53
49
96
110
4
58
67
-9
16
84
78
91
56
122
61
40
71
21
135
51
130
36
64
60
82
86
73
58
64
27
51
12
33
60
57
116
48
97
90
66
70
114
90
64
75
120
61
54
89
-4
81
47
67
80
70
57
41
116
25
62
0
87
49
150
87
32
97
28
73
112
83
58
7
65
52
50
49
66
57
66
68
-2
38
37
72
28
38
45
-15
57
53
15
57
24
48
-7
118
47
76
121
37
53
80
99
-14
94
47
85
58
58
30
91
114
66
73
21
50
35
28
71
120
58
46
5
10
90
35
29
-14
34
107
67
92
41
77
54
41
104
133
38
31
42
35
60
50
78
47
90
50
48
9
69
70
108
77
16
81
73
69
51
69
97
104
33
70
65
83
60
51
-6
72
65
31
101
55
104
83
90
0
40
56
80
47
-15
92
104
95
102
-21
45
38
92
85
63
27
61
67
130
108
116
107
63
87
46
107
94
51
86
134
56
90
97
77
38
11
73
74
74
72
63
98
56
87
18
86
-1
75
45
96
62
114
97
14
91
59
99
62
70
80
43
74
88
35
88
70
21
-21
56
71
30
58
72
73
26
84
72
68
60
73
37
61
53
71
53
149
53
89
34
41
74
55
59
63
34
48
11
52
47
73
18
45
57
153
35
110
36
68
-12
48
-2
41
47
12
54
31
1
27
34
70
32
42
59
51
36
86
-18
71
75
97
52
70
75
60
98
125
67
39
34
66
88
68
32
74
44
62
88
11
44
-11
55
6
58
39
43
8
64
57
6
48
97
95
67
49
83
13
33
1
60
72
41
78
47
40
42
82
45
3
162
46
120
83
85
-34
47
63
66
86
51
64
98
102
63
32
18
98
33
82
57
67
46
38
61
69
97
64
90
122
62
102
102
52
93
103
54
38
66
60
81
15
45
22
111
56
113
71
98
63
49
105
60
25
21
113
102
63
55
7
32
62
32
72
34
38
88
110
55
97
92
29
71
51
19
70
25
96
84
38
37
84
76
75
81
78
78
134
36
80
110
69
23
58
109
58
30
128
-6
89
64
85
16
62
106
54
71
