65
54
554
55
378
179
658
261
597
284
644
280
655
672
223
529
508
625
452
503
124
349
393
734
292
331
461
297
366
224
718
333
520
381
161
388
338
290
115
526
99
251
145
357
603
444
492
240
514
220
593
183
496
505
392
567
164
285
217
155
218
289
360
348
264
437
347
225
316
292
148
446
63
236
289
136
292
481
335
402
327
145
323
195
296
253
367
463
483
327
596
398
393
249
462
196
400
494
287
144
259
202
335
487
299
393
259
355
122
289
401
213
338
235
456
169
184
305
257
372
703
400
506
300
440
321
636
565
362
303
506
328
229
219
253
216
365
513
244
149
391
264
524
404
189
200
719
110
331
195
329
380
428
478
461
432
353
409
664
286
588
369
402
650
294
800
202
571
440
500
372
526
470
539
554
459
597
81
484
552
422
381
269
333
453
266
288
319
419
524
423
114
114
372
283
171
276
220
302
390
305
385
334
421
199
407
46
423
266
562
244
424
456
425
312
125
473
189
382
231
291
395
293
225
655
452
68
320
438
134
520
408
412
273
292
285
241
211
415
490
59
447
286
73
570
518
628
384
331
372
631
