65
54
554
55
378
179
658
303
359
110
838
662
604
622
375
6
79
122
498
195
78
202
108
1000
121
585
15
65
612
61
525
887
829
1000
146
962
397
763
180
200
169
574
60
1000
631
232
1000
450
1000
143
996
696
804
21
532
18
32
260
90
110
32
194
252
363
1
1000
446
96
1000
226
245
776
16
167
255
402
145
119
355
592
1000
256
67
446
1000
126
376
128
514
1000
1000
97
1000
1000
1000
19
361
130
18
45
81
208
421
867
382
1000
274
68
81
77
114
43
237
545
1000
100
242
340
288
606
1000
1000
67
822
5
354
812
1000
340
71
170
274
46
111
259
30
1000
1000
411
86
1000
115
524
549
54
206
128
51
714
97
15
14
40
863
694
601
209
264
187
132
792
570
357
294
164
1
54
548
98
50
321
445
1000
555
1000
216
3
70
207
911
138
197
1000
470
48
36
106
253
839
524
13
53
148
482
2
45
32
125
145
223
353
524
32
354
64
137
8
401
72
767
339
545
92
369
521
333
84
280
1
187
29
1000
1
3
123
615
101
1000
165
32
416
561
109
380
208
384
166
87
312
48
6
1000
23
121
275
440
174
65
206
31
944
313
347
176
204
68
100
937
5
103
15
246
2
311
59
430
140
607
482
212
139
308
31
42
155
446
74
65
141
37
279
74
43
734
216
173
8
256
260
646
475
1000
