65
54
554
55
378
179
658
312
1000
626
712
146
1000
1000
2
1000
985
1000
272
49
319
50
948
492
1000
424
343
12
600
28
579
80
311
81
10
826
35
501
171
509
83
12
108
241
519
546
147
244
352
54
168
63
334
1000
63
43
15
56
430
288
105
53
221
37
33
140
655
342
126
8
74
592
26
1
219
114
1000
1000
72
425
134
39
57
147
307
329
787
1000
137
266
506
140
10
139
1000
46
311
1000
384
37
125
203
874
213
64
404
514
745
134
1000
1000
186
23
199
69
321
78
89
562
261
1000
542
839
84
279
885
398
178
118
271
668
394
533
174
195
101
42
216
334
230
518
564
532
270
256
185
1000
415
84
309
439
1000
1000
11
146
204
196
991
1000
139
60
233
1000
1000
184
1000
33
1000
1000
168
436
436
799
29
263
25
439
244
301
363
20
490
152
137
210
47
339
131
248
430
505
51
185
30
561
444
649
144
258
97
345
198
523
527
411
462
24
910
643
142
49
110
186
307
166
199
651
393
99
95
536
30
54
565
1000
555
106
106
96
12
863
140
374
411
171
112
40
89
564
314
62
48
133
77
1000
584
1000
1000
1000
13
607
316
619
507
26
45
1000
1000
1000
424
1000
1000
1000
2
510
111
229
32
869
78
412
