65
54
554
55
378
179
658
184
315
630
403
163
853
567
376
518
1000
1000
1000
946
64
247
477
475
39
23
74
68
520
699
490
361
473
378
3
88
45
1
6
1000
26
149
441
329
1000
562
1000
153
27
476
533
62
905
1000
854
887
157
759
77
86
490
1000
1000
1000
858
812
78
548
356
839
106
226
90
542
462
45
38
14
804
302
480
212
250
22
98
95
342
47
223
311
183
426
465
26
128
50
139
510
332
229
826
290
13
148
414
184
179
380
12
69
729
390
1000
249
73
83
154
597
96
90
7
184
571
57
447
229
54
1000
351
295
971
206
8
55
319
306
92
902
9
64
119
108
489
831
211
150
557
40
428
424
413
302
396
295
125
108
41
230
395
146
1000
1000
526
459
81
1000
494
263
274
980
252
64
199
951
354
55
1000
6
841
322
393
1000
55
69
1000
115
154
13
651
220
1000
390
7
261
364
107
228
415
21
332
633
201
48
29
411
435
1
65
45
364
122
102
3
793
35
40
1000
99
550
44
192
903
617
1
886
73
28
348
906
204
213
112
302
456
1000
363
525
688
86
1000
4
602
253
122
82
837
328
134
40
90
485
770
748
72
36
26
1
406
38
489
72
430
35
737
702
1000
234
253
1000
223
654
46
1000
449
