-52
-41
-54
-55
-42
-46
-61
-64
-42
-53
-38
-38
-34
-56
-43
-55
-54
-44
-55
-41
-56
-47
-49
-63
-54
-46
-51
-44
-35
-41
-44
-42
-39
-42
-44
-39
-45
-34
-50
-31
-27
-44
-22
-34
-51
-23
-24
-20
-32
-32
-24
-18
-20
-16
-27
-7
-20
-8
-30
-10
-2
-23
-11
-2
-16
-6
2
-19
-18
8
-6
-12
-14
-6
-12
10
-11
-6
-10
-7
0
-11
-2
7
-12
-3
-6
-11
12
0
-5
-11
-2
10
8
15
11
7
3
5
5
-2
1
4
6
17
-1
11
-1
8
18
12
18
13
-2
13
-12
10
2
0
-4
1
-1
10
1
0
3
20
12
8
22
13
26
15
13
16
10
19
27
12
13
16
1
7
16
11
10
26
4
16
40
18
12
11
9
18
-5
2
11
26
1
17
21
3
20
16
1
18
5
11
12
17
27
18
24
10
9
21
47
5
44
37
43
45
43
54
52
39
25
19
31
55
40
28
39
50
22
13
47
33
35
28
35
56
33
52
23
50
23
51
59
55
60
48
66
54
30
36
58
49
53
44
66
60
15
49
53
54
43
52
51
41
79
46
31
67
30
35
64
62
61
41
59
46
38
50
61
56
57
56
35
54
38
79
81
67
32
80
93
60
34
47
52
77
68
34
54
55
56
34
54
67
66
59
66
59
69
57
57
48
51
51
56
80
72
64
68
58
46
62
88
97
56
49
75
59
49
76
85
79
52
62
53
63
53
83
46
57
63
60
72
76
68
39
74
32
83
52
66
72
60
55
55
38
35
59
47
32
56
64
65
70
69
76
70
67
66
64
82
59
90
68
49
73
80
47
61
45
59
53
64
61
76
83
31
76
100
47
86
80
71
82
73
65
76
42
49
65
58
82
75
72
64
86
84
92
64
60
70
97
87
88
72
69
74
84
65
82
79
58
82
90
68
54
67
86
104
61
78
84
49
39
62
76
84
73
65
56
76
65
72
67
86
75
98
57
76
99
62
92
69
67
89
107
77
85
66
81
95
87
91
94
71
68
57
62
68
83
93
92
92
107
123
74
55
65
101
71
97
109
89
46
81
44
102
66
68
86
83
92
89
80
99
64
94
91
81
68
99
94
61
91
59
58
80
78
69
84
89
84
85
88
64
74
74
71
92
78
123
95
80
80
105
56
72
70
91
93
78
88
77
64
73
94
82
97
77
91
85
91
83
63
80
74
92
104
95
79
96
58
76
63
104
117
78
73
57
55
81
96
81
74
64
92
82
84
105
121
84
86
90
79
104
113
97
89
89
77
110
77
50
83
98
110
70
62
88
100
85
97
67
104
99
54
75
110
92
97
80
100
111
89
114
106
113
92
88
91
110
80
96
89
106
71
112
88
91
109
75
71
69
84
87
96
88
96
88
84
84
89
60
70
89
84
100
89
96
84
96
98
67
92
98
78
86
77
88
76
81
100
86
81
69
81
84
108
84
80
79
80
89
68
106
89
96
73
79
81
81
88
85
103
83
82
115
87
121
82
95
96
111
64
73
87
86
98
61
123
101
91
85
101
113
100
104
114
112
63
118
87
96
62
83
82
92
91
111
72
84
73
96
96
87
94
76
97
115
64
94
91
103
126
63
91
75
97
101
86
78
108
76
127
91
71
101
95
130
71
96
91
99
115
97
64
106
74
76
84
126
99
99
102
76
116
122
81
80
89
93
97
80
88
63
87
92
90
119
128
97
91
116
96
85
97
85
79
80
92
97
95
85
108
138
108
118
74
101
86
117
102
113
121
94
105
122
109
104
97
90
107
118
70
84
120
81
85
77
87
103
80
111
78
117
84
96
73
118
85
63
65
134
108
95
104
112
93
123
125
106
119
113
119
90
117
102
105
72
90
114
105
124
99
96
82
107
134
100
94
101
111
93
104
129
129
116
113
78
102
88
118
77
89
99
91
117
65
94
98
111
116
88
111
120
86
120
98
119
105
97
82
114
109
84
89
106
105
118
108
122
68
94
120
106
112
98
97
98
69
113
95
119
88
121
113
129
117
111
88
105
80
106
116
126
117
103
113
101
145
125
102
102
125
107
117
97
103
96
117
109
157
96
108
111
128
116
106
112
92
136
103
119
93
90
121
126
104
96
112
115
103
92
85
103
86
116
137
118
124
169
111
113
118
89
150
99
94
110
110
128
103
109
134
104
96
127
132
105
146
129
84
126
108
103
111
113
112
130
110
122
96
74
144
104
111
118
92
119
133
123
134
129
110
121
141
88
147
108
79
105
117
102
117
72
82
114
97
124
110
120
108
146
103
115
114
132
118
95
105
102
75
110
110
113
94
120
121
93
104
107
89
101
109
134
106
137
130
95
102
87
87
135
109
85
128
122
110
124
133
100
92
89
103
114
108
98
120
111
125
88
99
126
108
116
99
120
95
104
113
86
115
124
102
83
84
101
125
113
99
102
83
107
96
73
92
133
112
89
88
121
124
110
112
99
108
110
91
104
95
75
99
80
114
81
98
77
80
118
96
90
82
92
95
98
99
103
121
102
94
106
108
91
87
100
77
97
90
104
119
97
85
104
112
103
120
72
112
102
101
136
110
99
127
101
118
98
107
87
128
147
111
105
113
109
123
80
112
135
123
106
104
89
55
103
92
129
125
118
101
121
121
77
114
126
101
127
119
98
87
108
121
110
95
83
87
95
124
104
115
106
143
106
119
82
109
116
118
135
92
77
123
109
111
117
96
122
96
107
106
57
114
103
100
111
86
109
86
107
94
115
100
103
78
103
103
87
107
141
81
95
122
119
120
90
86
111
105
91
75
89
97
91
103
113
91
102
84
105
83
62
90
102
82
111
84
82
69
98
114
90
125
107
101
80
95
100
94
114
122
106
108
133
103
111
102
101
101
118
110
110
118
113
133
100
95
114
93
114
111
85
111
112
102
104
122
84
116
153
87
130
99
104
117
114
117
97
128
116
99
116
119
122
125
106
98
121
88
94
116
110
115
104
114
135
95
123
97
109
100
116
110
120
116
115
96
98
95
124
112
96
109
91
119
96
87
122
102
121
125
105
137
102
120
114
103
117
94
91
90
122
127
97
111
120
88
90
122
109
115
109
115
104
110
99
105
137
117
113
123
121
109
104
97
114
97
99
112
135
141
132
162
90
97
115
122
139
88
123
101
140
132
128
114
123
113
115
115
122
114
105
90
126
110
136
99
140
116
115
121
128
131
111
97
108
101
66
89
112
97
115
119
115
114
86
134
121
125
93
96
137
89
102
106
112
120
98
121
113
100
111
101
78
120
102
129
117
118
98
127
114
110
111
123
88
107
110
120
126
115
123
115
108
106
97
120
120
119
92
132
100
125
114
131
106
129
118
104
162
119
102
112
105
118
123
119
100
94
111
122
135
105
118
113
103
110
128
110
93
118
99
106
93
111
121
116
120
97
123
99
106
127
125
104
122
96
101
103
121
124
131
107
119
123
111
113
118
103
110
126
86
122
111
128
107
103
87
109
113
117
102
93
106
106
105
105
108
120
115
85
73
109
143
130
116
106
114
144
106
107
116
97
104
131
89
111
113
120
120
105
109
132
149
119
104
109
123
112
81
105
113
107
117
119
109
103
124
104
122
120
118
125
107
99
130
103
123
85
123
117
133
133
108
113
118
126
112
109
107
111
143
88
112
122
104
107
124
128
111
107
102
101
72
94
113
121
117
122
117
98
141
91
116
140
91
95
128
115
138
111
105
95
130
106
131
137
140
116
111
116
128
103
146
93
117
116
116
116
149
108
100
132
110
151
125
115
97
106
117
117
127
157
113
117
128
101
124
129
141
91
114
130
98
127
109
111
126
120
113
114
100
124
137
115
95
146
110
105
139
119
114
130
121
159
139
116
133
113
125
127
146
122
108
109
126
111
124
110
105
110
122
125
107
116
115
145
116
101
135
110
124
129
123
127
140
111
108
100
94
131
113
112
144
122
126
113
117
118
104
147
160
81
123
128
115
173
96
91
124
125
143
128
120
150
143
104
128
108
108
140
119
113
167
107
115
148
134
122
107
132
84
79
127
130
116
104
116
123
127
116
110
103
136
104
133
116
127
145
122
112
110
139
134
141
138
139
142
132
128
127
114
113
132
133
102
110
135
168
124
137
117
108
117
133
135
164
126
146
110
97
113
130
105
124
147
117
102
107
134
116
127
122
104
111
90
133
125
112
115
164
101
119
103
137
128
97
122
144
156
119
123
101
126
124
121
108
117
141
114
143
132
117
129
132
134
120
131
110
131
125
158
119
114
117
96
122
153
129
138
125
126
107
116
125
131
131
102
117
116
100
126
134
108
154
101
131
153
135
113
127
132
120
120
123
118
69
111
142
95
149
130
126
106
151
133
142
101
112
148
128
119
137
108
112
120
125
140
129
118
113
114
99
137
85
112
122
107
100
132
109
108
112
135
112
122
126
102
149
135
141
125
119
110
103
121
123
124
155
106
143
102
117
112
112
184
125
116
98
135
98
157
138
131
155
144
124
95
134
113
140
117
112
138
122
131
124
139
113
126
148
130
114
112
117
115
141
120
118
117
135
124
140
147
109
135
136
106
144
115
123
118
108
106
120
102
126
117
109
121
116
110
114
129
124
108
119
125
102
101
123
125
143
118
133
116
92
120
115
116
130
107
99
110
111
141
117
100
106
142
99
117
103
123
113
112
129
103
101
109
119
124
125
129
115
108
135
146
90
124
143
145
110
127
159
92
113
119
147
124
119
107
130
123
103
123
118
134
118
106
132
131
126
122
110
132
160
118
99
101
143
140
98
136
123
113
113
134
190
117
130
140
122
134
112
122
135
121
102
114
113
123
119
134
114
129
112
84
133
148
123
116
96
132
127
128
120
95
124
118
127
123
127
116
133
121
114
112
96
133
111
119
100
135
113
134
127
137
111
98
139
160
118
100
132
124
132
138
158
138
125
116
146
108
116
136
141
99
119
112
108
135
101
137
115
139
126
116
116
117
127
133
153
127
119
138
128
131
121
125
137
119
114
139
133
110
130
89
111
126
116
139
134
155
134
127
138
131
122
101
115
119
133
129
124
114
113
92
140
159
112
126
124
130
126
158
114
144
135
114
121
122
109
143
114
155
112
109
128
103
127
100
104
141
98
115
144
128
110
110
117
123
136
153
116
135
118
84
124
119
132
120
118
108
112
140
118
121
125
148
139
110
122
99
129
94
123
133
106
118
131
112
130
130
125
98
146
168
117
128
109
123
163
107
110
104
113
104
96
103
116
110
104
127
130
124
137
127
113
113
111
109
110
120
107
126
96
138
104
121
110
122
113
127
123
129
145
112
127
144
137
108
107
130
172
129
83
130
126
132
120
159
108
136
134
135
127
152
170
126
115
107
118
133
102
109
142
110
142
85
138
165
142
150
146
138
113
107
114
144
136
124
118
138
127
133
119
147
119
132
146
147
112
119
138
117
143
123
130
95
150
134
129
119
127
87
131
125
128
112
129
100
120
107
132
108
116
128
129
118
142
126
144
172
100
155
129
134
130
122
106
120
135
110
106
131
136
112
138
139
157
121
149
123
127
101
127
82
124
147
144
86
146
122
146
134
99
131
132
131
135
157
106
141
131
163
119
137
127
112
155
103
130
133
116
111
82
120
125
112
109
122
117
122
111
137
116
120
127
125
126
107
129
129
141
123
120
120
156
132
132
139
137
113
135
119
113
136
111
135
167
118
115
138
160
136
115
133
125
119
112
114
136
109
136
138
143
104
147
120
143
126
136
150
135
130
112
104
116
133
141
162
188
105
140
164
137
129
106
128
122
123
104
121
136
138
107
138
130
122
152
153
137
158
140
120
121
156
159
119
130
139
118
121
119
127
136
140
133
124
144
153
140
143
130
146
143
122
131
122
132
139
114
149
125
109
208
116
149
113
130
135
106
141
103
115
131
132
135
129
133
141
144
129
120
145
118
108
126
175
164
134
118
132
139
125
155
141
134
156
176
145
146
136
139
127
129
128
141
129
157
168
139
131
128
129
142
134
84
154
141
133
146
126
153
149
109
120
149
124
146
134
140
142
136
140
142
143
131
143
132
109
153
159
139
135
130
116
145
121
154
106
127
138
137
134
140
129
114
133
137
161
146
140
127
113
129
150
145
133
144
137
139
130
150
147
161
124
140
137
130
130
135
129
138
140
132
149
128
159
145
118
129
130
129
106
139
124
92
160
142
129
124
131
139
120
156
128
133
126
142
125
146
128
142
148
137
132
130
136
132
124
147
139
110
137
139
123
126
150
142
107
139
142
142
126
119
146
152
119
108
99
134
133
146
172
119
146
130
108
137
133
120
114
123
135
158
135
145
156
136
123
144
140
162
129
141
155
138
111
131
127
126
144
140
128
118
108
197
110
136
129
142
128
125
153
120
116
158
111
134
144
110
142
140
128
125
128
125
122
113
144
128
152
135
122
118
97
136
132
123
142
139
105
122
140
120
121
155
147
179
131
144
133
133
125
142
162
120
137
129
117
132
126
122
139
133
131
151
140
102
133
124
115
116
123
115
121
104
114
120
138
113
150
182
134
144
128
124
130
175
121
122
164
144
127
104
131
130
108
127
137
140
130
132
121
128
116
144
133
147
125
113
107
130
132
148
122
134
135
127
119
149
111
131
146
124
113
142
141
135
141
132
151
140
145
160
128
136
184
126
117
147
144
133
103
163
100
118
141
141
121
129
118
138
133
154
128
145
118
132
126
127
144
144
126
155
125
123
163
147
117
137
117
158
128
133
152
150
126
114
145
144
117
114
131
142
142
135
126
149
152
106
145
159
127
126
130
163
140
138
137
150
129
132
99
123
144
170
138
164
134
165
146
127
143
156
137
148
110
130
174
149
134
121
132
139
143
105
132
133
144
178
135
144
141
149
133
155
132
134
131
146
166
133
128
150
150
129
136
128
118
128
143
96
147
142
108
128
138
130
133
140
170
109
124
108
135
125
130
144
126
149
123
139
132
126
141
134
119
115
93
171
161
129
123
152
142
139
145
116
135
149
146
129
101
135
143
123
129
115
119
148
115
149
114
124
124
116
113
146
123
155
96
143
110
119
131
141
127
136
156
144
131
133
123
121
163
120
118
128
143
157
129
146
134
114
170
120
138
157
121
142
130
132
132
150
127
123
124
114
132
129
129
114
130
96
156
164
156
134
147
145
113
137
126
118
161
140
139
136
158
125
113
132
150
148
136
153
134
164
130
144
132
97
155
142
141
126
165
164
154
146
150
123
133
123
152
136
126
153
121
131
124
143
133
118
127
155
141
161
162
153
126
148
109
144
121
130
120
138
128
134
135
156
137
180
110
132
138
133
114
144
149
126
128
117
143
125
135
135
143
146
164
130
132
147
161
135
124
112
172
150
139
156
155
144
173
135
117
137
131
100
118
149
116
131
146
120
132
127
137
147
136
142
118
153
132
149
137
129
161
121
114
122
98
137
122
139
156
123
128
136
137
162
115
147
122
145
142
159
131
139
152
136
119
143
129
130
126
120
157
151
137
122
109
131
130
134
132
119
128
124
133
119
118
127
140
117
128
170
140
119
129
141
163
121
149
148
125
135
132
146
135
143
132
138
146
176
164
145
152
115
141
163
122
124
128
136
173
160
138
123
139
124
126
158
136
143
154
148
145
148
161
146
137
132
135
141
149
145
146
152
141
143
155
159
159
124
146
127
137
136
128
138
141
156
142
148
149
162
138
167
140
138
157
161
124
132
147
168
148
134
154
148
155
126
140
161
147
120
124
154
147
141
142
151
143
131
142
179
121
139
134
145
122
156
178
130
133
127
123
137
146
146
107
166
134
135
153
145
150
136
122
154
152
157
131
129
167
147
140
127
142
130
137
124
122
154
150
133
135
141
119
130
115
124
160
109
159
131
119
116
174
129
142
134
129
151
156
125
153
131
114
144
113
112
121
115
158
129
147
154
158
127
136
184
125
132
144
149
173
153
138
128
133
137
147
131
157
166
133
157
137
159
119
180
150
148
141
150
194
124
143
142
128
168
129
152
125
111
141
166
127
128
130
134
144
113
130
141
149
132
152
180
160
141
127
142
121
165
176
180
127
138
162
164
144
148
165
135
127
139
132
151
151
154
142
157
136
148
167
128
121
194
165
119
132
137
131
153
127
138
165
147
164
162
131
139
122
136
131
147
123
131
151
169
161
145
134
153
110
137
141
113
144
156
135
120
136
146
144
141
133
141
149
149
149
145
115
121
146
140
177
132
142
155
138
118
160
164
131
150
133
144
129
139
123
128
157
127
156
145
140
124
156
130
123
139
143
152
152
132
131
145
153
142
156
149
135
141
133
131
219
147
129
112
152
149
150
149
134
151
146
146
141
141
147
135
151
153
122
143
179
137
151
109
154
179
145
162
161
134
129
172
171
188
117
153
138
147
155
132
125
162
116
150
117
124
107
127
121
135
138
104
134
108
156
115
137
128
119
144
174
143
138
139
120
134
127
139
139
138
123
139
139
169
145
174
147
122
118
156
177
145
130
166
167
141
136
119
187
132
144
156
139
128
155
137
138
145
145
144
124
121
148
157
151
155
134
178
123
140
145
151
145
144
162
151
165
176
145
134
130
156
134
189
130
141
147
124
153
127
133
148
133
154
124
138
140
123
132
158
135
147
141
119
136
149
122
147
126
147
208
186
128
152
169
128
178
152
135
132
141
132
162
141
139
128
139
135
142
161
145
158
116
139
130
138
161
164
154
154
143
147
166
140
153
118
138
136
127
159
140
130
133
128
172
145
169
101
145
158
159
122
133
131
139
123
97
151
138
155
166
158
132
116
131
139
118
145
149
164
143
129
144
159
145
137
159
142
168
156
155
125
144
160
134
144
139
130
167
155
154
158
146
121
155
137
116
153
110
148
143
159
150
143
107
135
149
113
120
150
135
142
125
108
130
136
125
146
155
162
169
144
153
208
175
159
156
138
128
145
141
142
157
135
164
133
130
174
182
133
162
153
121
123
135
128
171
164
123
147
141
161
141
136
150
147
126
148
109
137
131
150
165
135
117
146
133
122
146
112
146
132
149
134
155
149
154
124
136
174
135
146
123
124
132
120
122
138
152
144
140
157
145
124
132
140
141
140
163
155
145
157
148
145
143
142
155
158
137
126
146
153
126
137
161
146
163
132
138
131
153
157
166
120
134
143
140
131
135
152
207
151
172
156
149
191
139
128
148
140
143
148
126
153
129
143
149
120
134
148
166
146
113
132
163
156
153
132
135
150
118
142
132
153
135
174
154
138
188
152
153
164
146
136
143
125
149
133
141
146
137
152
140
157
134
152
126
193
140
160
150
140
154
147
150
153
158
128
157
119
150
143
162
135
136
140
168
135
133
137
135
128
140
152
145
134
112
136
125
153
125
175
144
123
140
120
131
140
125
147
145
105
159
137
124
115
130
123
145
165
140
145
115
132
132
147
122
128
145
135
146
143
127
130
109
146
99
187
136
158
134
146
128
170
124
147
129
147
141
151
159
154
91
138
125
135
103
155
137
139
172
116
147
126
150
148
146
164
132
145
161
134
163
172
114
161
148
128
142
135
148
146
147
154
149
166
151
130
190
148
160
119
157
147
135
171
143
125
139
143
199
146
165
139
176
141
153
152
154
164
145
158
121
124
134
130
156
128
134
154
135
143
138
135
152
151
167
152
146
139
150
138
138
133
148
120
139
158
124
108
156
113
142
157
126
156
129
133
174
127
117
146
137
169
148
135
127
142
127
144
162
156
152
155
134
161
130
154
135
144
115
131
138
141
159
112
131
172
150
149
144
163
155
123
147
145
128
119
168
135
152
139
139
135
162
161
152
187
155
148
131
142
135
152
135
150
117
145
135
157
124
147
129
116
145
151
135
145
151
166
158
143
175
120
145
126
161
138
136
157
127
142
141
172
195
172
152
149
147
138
120
155
147
153
144
196
136
152
139
141
158
159
153
155
161
145
136
153
148
161
149
153
130
150
163
162
139
138
145
154
126
145
150
131
135
171
139
161
134
121
182
139
165
136
141
168
123
157
171
116
134
146
143
142
164
155
172
143
151
108
151
148
142
126
138
139
191
141
151
153
124
147
134
143
133
155
181
155
138
135
133
150
186
133
141
172
146
147
164
113
135
154
146
148
150
140
140
160
165
145
145
135
154
154
174
162
138
135
136
129
136
175
140
