-40
-64
-77
-69
-20
-43
-53
-60
-81
-61
-43
-37
-29
-56
-32
-48
-36
-69
-56
-58
-64
-67
-41
-54
-51
-44
-46
-26
-54
-49
-27
-54
-62
-33
-36
-41
-53
-22
-54
-27
-36
-13
14
-45
-72
-51
-51
-37
-17
-59
-25
-55
-7
17
-74
0
-51
-7
-18
8
-28
-61
10
-13
1
10
15
-34
-8
17
-40
-9
-10
8
-20
17
-59
-2
-14
5
16
12
10
9
-8
-21
11
-12
-9
-15
-5
-23
-27
6
-7
15
-25
6
-20
-17
-10
-13
14
2
-8
8
1
-13
-17
-12
22
7
5
-23
25
28
-13
18
-10
-34
6
17
-14
16
12
7
-7
15
41
49
72
11
53
26
27
25
-29
38
20
2
-3
-27
22
-7
-6
2
-17
-18
-22
10
12
-4
-13
41
-1
44
2
-27
-9
44
7
33
20
27
-2
-11
-28
-11
-5
16
8
9
2
-29
49
0
7
39
48
-16
46
76
88
88
85
21
94
76
23
71
42
65
-17
32
94
41
-22
12
103
46
78
73
82
47
15
6
-14
67
41
34
93
59
17
58
127
36
78
42
49
68
77
90
107
56
-3
35
80
32
19
80
60
77
97
45
2
68
34
73
70
29
46
22
82
50
38
46
91
48
114
54
20
99
12
73
83
41
29
45
107
35
71
110
56
94
40
59
79
22
77
40
5
33
27
72
72
60
127
55
75
74
48
40
78
111
85
7
90
102
-7
76
91
144
118
99
124
52
107
115
72
109
44
65
46
9
63
109
43
121
143
38
127
131
50
63
71
23
133
95
113
96
76
90
102
50
30
104
55
35
156
12
47
95
41
108
106
78
76
93
81
45
92
30
118
73
95
50
23
62
85
83
54
93
100
75
18
82
141
83
117
135
60
86
78
43
55
54
69
133
39
103
76
92
68
128
106
113
112
60
72
81
53
89
60
104
50
95
130
97
90
93
72
131
101
29
107
85
92
17
66
149
72
11
81
101
77
96
76
88
35
121
38
54
121
115
79
119
126
166
113
105
115
134
102
166
142
74
70
120
96
129
111
124
137
52
50
139
87
159
101
88
110
113
158
110
82
69
134
108
34
131
83
106
139
48
140
144
95
84
146
81
136
115
70
95
78
100
109
128
81
114
91
55
84
109
114
150
67
44
68
46
115
104
98
111
121
64
184
77
135
73
142
95
131
121
77
36
94
146
150
141
90
82
22
130
156
112
-22
116
125
96
113
78
38
100
104
118
50
105
117
26
99
97
145
121
129
70
54
78
74
72
90
92
70
112
64
75
120
138
68
62
108
179
80
113
63
123
174
87
148
107
42
68
98
153
95
126
107
127
108
120
85
78
93
24
90
57
48
73
119
132
122
89
104
126
158
55
73
82
70
60
105
106
126
40
104
66
80
143
91
97
78
79
90
72
133
56
118
68
125
71
47
95
65
67
79
101
63
107
127
100
64
60
116
90
99
70
98
87
71
128
109
132
66
82
96
57
91
47
41
131
94
72
95
74
72
56
118
9
50
53
102
89
67
95
134
103
119
78
76
121
108
3
4
39
95
49
110
163
95
85
112
59
110
113
50
96
89
30
108
49
140
61
111
67
99
186
77
87
102
62
102
129
136
92
96
37
132
124
54
126
105
77
77
74
47
104
73
90
56
115
110
142
70
40
142
75
181
70
94
114
101
97
91
32
166
114
61
79
137
123
83
119
115
167
160
91
75
105
110
105
164
22
105
37
123
122
125
143
121
136
136
124
111
127
51
48
83
122
56
118
142
157
170
131
108
129
113
117
164
51
81
150
112
169
143
116
138
139
121
84
150
95
133
70
126
85
72
152
125
85
68
64
110
85
108
77
125
139
67
88
193
60
110
90
130
77
29
144
126
98
134
152
94
107
145
102
108
143
119
126
147
161
97
46
72
148
160
121
99
129
81
69
120
145
124
130
106
67
93
151
80
162
108
90
141
31
148
91
144
83
70
107
120
109
191
117
115
162
89
85
110
121
122
128
122
89
48
158
128
79
136
137
141
125
115
129
97
25
116
66
79
34
153
113
129
96
109
82
114
111
112
79
160
101
78
81
124
166
131
122
155
152
73
142
56
97
136
102
134
184
122
98
131
132
130
82
106
133
93
130
96
107
113
133
133
158
77
100
120
108
110
120
78
114
109
202
150
127
264
97
129
78
87
273
122
51
120
88
108
60
138
119
143
112
146
119
121
303
141
71
134
159
150
135
130
129
118
130
93
132
84
123
142
79
156
147
93
148
110
118
101
130
103
143
114
157
130
96
109
180
125
113
80
94
93
66
106
135
116
99
138
60
167
120
149
160
110
83
171
100
107
95
117
64
131
142
90
144
137
96
54
110
137
146
196
96
107
79
73
98
141
108
84
149
168
88
125
141
118
129
105
138
98
89
127
150
107
140
102
84
153
107
111
137
92
74
124
86
119
101
158
118
90
62
114
92
141
81
97
79
92
109
47
118
151
133
73
90
100
112
38
97
38
96
141
90
78
81
69
70
60
134
95
37
50
70
109
96
86
83
110
77
59
88
32
92
74
67
113
102
123
94
143
76
123
97
74
73
102
59
47
71
110
123
85
72
147
107
179
121
98
174
89
140
152
110
73
158
131
135
163
133
141
164
115
136
117
98
82
86
68
96
147
86
138
169
157
143
91
159
102
116
136
111
103
158
120
102
135
105
151
114
51
83
97
135
92
126
91
259
110
107
72
76
127
138
138
117
119
159
121
187
124
86
137
134
96
70
76
153
100
52
108
103
101
70
69
68
116
116
152
109
104
109
126
155
115
53
150
141
159
123
105
123
174
147
128
97
103
155
111
133
168
173
153
140
116
121
84
98
124
58
296
32
97
83
183
53
139
143
41
88
58
105
141
147
127
82
122
123
137
143
103
113
121
124
184
91
143
144
129
117
128
49
78
137
141
94
116
132
146
117
118
184
71
138
181
92
189
148
94
118
96
121
64
114
84
102
141
147
207
131
90
104
144
87
84
103
80
109
79
97
108
113
112
116
120
107
203
100
106
67
117
107
91
121
25
106
76
80
64
227
47
56
141
79
119
203
87
138
73
154
96
111
57
-3
72
72
90
124
116
52
111
75
114
114
111
94
101
130
120
115
37
77
146
50
91
138
129
142
144
129
47
67
58
65
146
171
141
119
115
97
137
123
145
36
132
90
161
119
204
146
123
127
111
109
155
107
118
68
127
81
114
143
147
121
151
112
149
171
84
79
95
88
115
108
40
90
118
105
90
106
42
175
104
136
78
138
151
66
124
121
103
101
114
108
71
57
98
79
59
72
101
121
116
157
62
123
79
89
92
170
93
105
84
136
166
78
101
89
121
132
118
143
109
121
52
156
61
118
107
128
154
95
82
138
181
92
39
85
65
166
64
113
59
117
108
115
126
114
94
100
101
140
90
142
111
155
125
55
108
148
181
118
106
65
86
65
98
124
148
105
166
64
85
98
94
98
102
100
19
75
104
129
109
93
71
121
80
92
80
139
83
83
66
108
88
170
147
34
119
79
118
148
108
157
55
51
11
102
58
154
61
77
141
135
74
74
161
91
114
138
67
149
62
78
132
74
98
90
161
185
89
112
110
65
69
81
82
78
124
100
89
90
140
151
152
132
72
145
87
64
126
74
108
46
136
150
176
110
63
123
154
106
118
80
102
141
123
82
109
125
78
110
116
88
146
83
25
75
56
86
119
111
126
145
94
112
149
54
97
145
96
123
131
126
149
175
95
156
130
21
121
143
169
113
100
92
126
76
165
60
86
120
134
121
170
152
114
98
121
156
118
91
70
75
115
90
85
158
159
95
171
97
162
130
178
111
113
139
128
178
149
127
101
126
143
115
109
175
117
133
52
153
106
78
116
158
148
115
114
144
129
106
97
65
87
161
102
122
141
102
115
107
179
37
44
124
177
115
27
117
63
188
118
109
107
93
149
88
88
138
169
164
157
53
69
151
75
105
168
102
161
96
167
138
129
109
107
102
135
141
128
135
109
102
88
158
165
119
112
178
62
82
68
98
103
197
76
66
126
94
143
106
114
117
122
72
84
101
160
152
166
133
152
129
93
115
94
136
180
78
123
218
114
178
111
163
130
114
123
183
137
199
134
93
119
85
88
113
79
109
76
134
112
131
169
148
64
117
100
114
188
159
89
148
68
107
82
111
88
124
105
121
80
49
97
129
137
78
94
81
107
154
148
112
110
114
123
125
65
126
94
116
172
151
115
59
121
95
117
97
78
43
111
146
82
159
144
112
79
109
176
105
135
149
91
89
164
126
89
82
113
154
138
115
112
109
151
76
116
156
131
111
134
126
100
63
120
171
92
90
83
115
110
124
64
94
140
84
145
97
112
20
92
135
101
184
119
148
94
129
174
190
125
102
177
114
90
131
110
66
111
107
129
115
128
161
143
51
94
101
109
160
116
114
123
134
87
95
154
81
178
123
64
121
168
148
115
148
109
33
98
144
149
99
112
173
26
115
84
168
159
84
75
108
85
72
166
170
126
158
168
59
57
114
82
132
47
81
94
117
120
120
186
131
161
93
74
114
78
101
94
113
134
85
71
134
103
129
98
52
152
108
51
145
61
80
56
66
78
61
135
136
132
100
100
94
86
120
120
125
111
89
72
118
21
104
100
169
76
112
38
45
70
45
66
142
90
30
82
69
160
24
86
106
141
42
116
80
80
74
97
130
17
97
147
156
185
70
53
82
45
105
102
108
144
269
151
84
141
108
127
88
74
131
114
124
46
120
69
90
100
139
116
104
124
134
47
109
152
104
150
96
104
127
74
152
135
84
93
104
52
84
171
146
101
78
161
138
158
133
116
154
141
111
58
101
114
103
131
139
130
117
89
150
87
178
111
73
125
181
65
164
78
158
100
112
81
168
99
69
115
75
153
45
95
94
99
77
54
109
138
98
85
78
93
159
160
159
79
110
166
85
129
150
179
164
67
199
80
139
194
190
94
167
108
188
172
87
38
117
128
109
135
131
62
128
92
83
80
111
191
110
163
93
127
110
113
105
161
86
152
117
126
136
99
135
109
124
164
99
110
131
93
155
64
129
158
139
103
141
41
83
98
130
139
122
89
94
128
96
190
140
122
162
96
47
83
108
149
159
41
109
125
164
-31
91
111
97
132
39
114
106
108
76
168
80
95
123
82
149
135
110
81
114
155
147
39
108
115
160
132
135
74
190
87
71
93
143
22
50
64
83
100
154
61
122
74
111
83
141
81
164
109
123
96
97
93
259
91
81
98
84
117
67
121
160
105
111
156
164
144
103
207
80
112
150
99
74
90
65
206
109
117
122
129
124
149
88
130
143
67
144
71
89
144
131
88
73
130
86
123
58
89
92
159
137
88
122
119
141
116
82
159
159
77
77
133
109
124
77
145
96
152
153
86
52
89
104
144
175
123
60
82
130
137
154
91
124
64
107
114
123
79
94
66
170
130
76
94
156
92
138
90
67
73
109
139
145
7
119
104
130
89
144
109
117
101
173
14
113
63
93
130
100
81
129
128
110
139
34
129
87
107
120
80
112
90
102
92
52
99
133
80
102
151
169
73
188
106
97
87
101
61
114
106
132
113
126
94
90
173
114
136
88
137
98
150
106
135
113
183
163
58
142
123
79
107
122
161
143
153
66
143
132
99
76
147
65
98
103
179
89
159
127
103
91
128
93
128
154
109
169
134
138
151
158
165
123
94
135
141
141
105
88
107
337
94
96
168
178
98
106
142
140
87
110
132
137
101
154
66
140
126
176
72
122
95
136
126
97
112
130
86
123
112
135
101
276
-26
83
163
116
160
85
113
150
70
60
143
139
78
103
85
123
119
148
204
103
199
120
121
161
132
136
104
104
174
98
64
139
107
212
132
147
90
140
181
141
162
109
161
123
119
61
129
172
96
75
197
119
118
124
129
172
150
91
121
46
93
84
113
97
103
104
94
135
142
80
107
74
135
63
91
119
176
147
122
145
124
168
151
121
158
144
152
149
148
270
97
192
114
38
112
117
113
109
209
149
63
132
122
141
139
3
188
115
94
86
115
46
122
115
77
102
99
141
73
160
112
125
88
185
123
112
139
118
110
165
165
115
133
172
133
76
128
97
65
116
129
173
89
119
122
33
142
137
140
159
146
115
103
88
110
138
151
170
103
142
101
136
148
163
108
105
143
97
143
74
132
152
148
96
159
115
127
97
115
140
140
110
116
130
128
52
166
137
101
194
128
162
136
157
116
172
78
130
144
132
104
119
99
172
125
130
113
143
132
144
111
149
141
107
120
105
177
118
118
86
140
136
158
142
105
154
69
120
83
124
97
152
156
133
135
120
64
117
134
72
149
86
110
151
120
130
113
118
158
122
187
226
149
117
148
124
80
84
130
54
179
126
87
134
125
178
139
162
100
148
114
112
160
91
23
170
130
141
124
45
119
168
118
68
84
130
126
109
112
152
180
167
94
108
83
137
98
58
132
126
133
114
174
97
95
124
178
126
143
142
136
112
87
164
121
144
161
80
150
55
174
96
154
109
121
173
132
115
92
69
75
117
119
59
124
50
109
146
155
92
115
106
126
203
120
130
161
187
73
134
175
96
117
75
167
126
94
124
107
90
103
116
156
80
156
149
116
135
125
88
58
102
142
134
111
141
108
148
126
139
90
164
165
109
77
161
156
144
113
98
162
203
142
158
135
123
134
82
112
159
122
143
107
165
96
45
115
118
162
137
131
103
150
187
129
150
121
104
137
119
104
182
98
126
112
150
165
137
101
133
85
181
138
119
145
110
105
89
96
151
100
48
123
88
159
97
86
201
71
81
140
117
122
106
123
176
184
140
146
97
147
130
69
61
151
134
124
145
130
139
169
76
174
124
92
82
39
107
268
146
158
106
130
131
140
122
104
81
146
125
201
87
129
165
154
163
99
107
122
147
183
107
150
136
137
82
133
104
128
154
157
47
190
42
160
102
82
109
112
142
189
77
99
10
127
171
35
171
119
143
137
190
55
122
96
170
122
52
100
65
153
128
114
127
168
145
134
71
157
124
111
98
49
91
189
106
85
94
91
137
95
65
53
81
105
125
126
142
138
194
64
92
21
105
112
122
110
69
140
114
165
153
98
66
168
93
90
87
37
169
142
128
152
79
116
90
153
137
97
121
177
64
92
123
132
85
114
71
115
78
131
105
119
87
123
132
164
85
162
103
111
92
83
102
132
169
90
133
114
84
78
149
118
110
143
121
116
153
163
145
116
59
146
121
119
43
115
135
67
133
87
127
167
114
136
115
127
161
127
125
113
153
126
91
83
111
129
132
121
170
135
126
64
116
76
96
125
138
109
167
107
156
114
79
31
104
97
95
37
92
120
75
150
137
119
125
174
151
88
151
123
144
142
120
128
150
150
93
173
147
167
142
178
165
155
90
146
96
135
108
118
188
136
130
189
124
119
123
154
138
88
147
70
147
141
190
107
119
188
149
83
174
98
78
120
126
209
103
103
210
153
209
99
135
89
100
79
163
137
159
165
185
133
169
126
127
119
115
186
168
66
83
74
118
108
162
98
142
106
77
140
82
88
124
148
92
147
167
148
99
130
121
133
107
159
109
143
156
118
132
118
135
107
137
131
143
109
190
125
110
148
106
150
133
144
96
118
154
62
130
153
97
159
86
114
144
141
151
109
135
144
100
108
133
111
162
150
184
138
114
156
130
107
113
109
128
124
124
159
156
135
154
172
112
145
158
153
65
94
103
184
152
157
129
115
110
124
155
158
82
134
169
125
152
131
205
142
118
98
182
126
118
150
143
164
137
157
325
138
156
126
136
116
220
294
185
212
162
62
83
131
124
122
158
118
126
174
124
162
121
92
134
115
193
117
136
298
183
173
118
102
129
129
141
98
199
92
196
145
120
112
168
66
113
177
94
130
121
102
87
150
107
145
98
133
94
117
97
114
138
121
174
139
150
182
95
222
64
74
151
137
99
112
137
107
139
149
203
104
115
157
121
217
125
130
89
158
177
179
143
122
144
164
195
136
113
174
111
125
130
139
165
129
244
174
159
133
125
131
139
178
133
111
173
146
60
130
126
124
104
189
172
180
112
97
134
155
145
192
131
79
129
216
202
143
187
99
18
151
128
123
159
158
148
142
192
181
135
205
166
145
128
136
99
141
114
130
163
128
111
113
157
187
184
148
151
159
125
141
162
122
131
141
198
181
147
132
171
55
124
121
123
145
171
144
192
159
131
137
146
115
164
115
194
139
118
156
86
151
162
190
135
120
199
153
74
208
173
123
182
108
193
120
170
147
114
184
106
193
123
141
190
155
126
140
180
167
149
61
152
131
133
215
135
178
113
149
146
52
134
167
167
141
153
183
139
146
163
128
136
121
141
155
74
185
149
151
91
134
133
200
137
108
119
181
312
198
181
158
166
108
99
165
191
116
169
168
104
172
134
91
288
73
120
114
140
95
45
149
147
64
137
215
115
215
105
148
139
84
162
128
148
133
130
99
155
145
113
168
110
128
143
180
171
163
252
152
94
101
168
181
164
134
286
199
157
163
132
210
147
138
179
99
168
188
165
92
141
174
180
148
93
132
120
180
137
155
196
90
224
163
191
142
108
153
190
147
304
201
130
156
181
167
183
141
160
131
120
194
164
142
136
120
127
70
154
145
127
165
165
148
173
88
119
88
168
115
146
118
99
195
156
131
149
166
155
168
160
103
135
150
121
174
138
158
105
129
112
118
216
177
166
126
103
122
113
208
254
160
167
135
158
171
129
172
91
144
146
135
274
98
130
160
168
119
165
177
78
158
150
212
162
113
49
93
129
88
174
159
144
181
142
139
68
159
104
104
162
151
165
189
137
160
150
130
132
220
192
110
158
173
85
153
187
135
146
160
129
142
232
110
150
171
152
146
126
121
169
125
144
209
189
155
169
119
98
125
158
140
140
113
159
173
102
92
147
140
143
167
198
189
148
163
157
325
224
175
134
129
169
151
190
173
149
47
171
135
156
172
130
97
92
130
139
169
119
170
204
103
165
99
177
157
162
182
178
180
177
156
95
171
149
159
151
140
239
112
139
141
80
132
122
155
126
150
154
167
112
134
117
119
84
121
108
133
104
127
180
135
106
154
153
163
175
136
135
182
132
184
164
175
136
118
122
110
112
154
178
185
144
173
147
107
130
181
141
129
108
153
155
180
167
170
94
181
114
132
166
129
142
140
224
195
211
134
150
139
128
131
163
134
185
96
132
88
159
156
160
123
164
160
184
124
89
126
162
159
156
122
130
111
101
143
183
120
173
190
157
165
72
198
122
139
145
182
124
138
119
145
162
121
138
142
97
140
141
141
156
112
147
159
152
173
124
123
129
200
128
176
122
133
164
99
129
128
139
143
107
151
139
160
56
131
117
109
120
42
163
99
174
114
94
70
142
128
110
153
161
156
125
204
119
256
100
88
136
115
154
164
220
128
182
114
175
121
145
127
135
162
133
104
106
97
120
58
125
148
158
133
110
127
166
109
190
83
158
128
144
145
148
203
158
101
154
93
102
156
142
105
164
100
98
147
36
174
148
112
159
131
132
160
105
154
158
75
92
196
98
107
145
146
126
143
141
104
166
120
86
131
153
191
114
179
118
164
210
108
140
155
127
100
142
157
137
133
129
195
188
110
135
166
106
99
107
162
119
171
131
147
175
122
149
104
138
169
148
173
137
81
80
182
165
137
155
182
75
143
175
101
117
172
112
128
172
167
224
133
98
185
133
72
88
148
170
183
124
1
86
75
142
116
143
150
164
80
123
107
100
106
149
137
140
169
121
150
118
163
169
138
168
115
128
146
115
157
162
146
120
143
61
167
140
116
107
153
184
125
121
173
85
110
147
121
171
122
178
120
162
27
139
133
163
106
117
183
180
91
148
187
167
122
163
208
109
177
138
185
160
152
145
127
127
131
176
193
137
162
183
150
119
150
157
124
158
110
188
145
106
111
147
143
175
161
118
170
121
131
171
149
161
151
174
161
167
167
147
118
157
209
165
112
120
144
130
135
155
177
176
88
132
166
150
190
191
122
114
188
189
171
70
131
179
182
161
200
136
147
101
107
120
206
168
140
149
155
122
197
159
200
135
159
180
116
162
134
130
189
163
168
175
165
125
320
112
110
132
180
203
193
115
112
145
117
157
167
189
124
131
196
127
112
157
130
164
174
164
195
187
110
145
169
164
150
1
108
163
68
226
155
135
177
181
155
157
98
163
205
132
131
170
81
139
104
196
349
156
122
151
139
134
201
84
122
165
129
160
169
182
186
130
209
220
117
175
201
126
152
169
188
80
70
130
65
102
177
133
128
157
172
199
97
1
58
83
157
176
129
122
108
146
110
215
130
150
198
147
180
165
140
172
190
154
167
173
152
170
179
207
143
154
110
96
109
198
127
159
135
106
117
130
118
172
162
169
51
145
182
167
122
162
157
81
178
122
154
178
183
166
121
107
104
178
151
133
102
159
196
211
189
205
122
144
153
101
160
148
130
186
130
115
128
157
256
149
128
175
182
26
170
177
189
166
