1000
658
348
16
21
1000
1000
17
25
650
1000
133
215
527
217
359
774
45
163
9
522
351
223
853
1000
18
98
368
904
1000
102
60
734
913
1000
636
277
14
1000
512
181
48
80
154
347
563
142
612
334
173
373
518
1000
785
101
414
725
525
25
1000
96
547
1000
294
8
469
213
1000
685
372
870
873
287
186
498
83
756
303
122
1000
890
420
34
17
158
42
129
725
1000
161
1000
509
77
529
850
180
989
97
383
123
1000
147
51
90
22
38
662
173
198
225
331
545
7
176
141
17
35
213
438
396
1000
37
1000
72
352
126
65
297
40
67
668
30
114
141
394
109
11
211
113
268
155
640
396
42
22
1000
263
513
404
259
1000
896
297
1000
96
32
695
71
111
591
123
1
691
1000
87
665
652
248
277
152
403
361
814
363
108
469
207
17
48
213
425
44
228
265
262
208
598
19
612
783
467
32
48
1000
3
165
378
163
691
29
150
16
67
1000
147
138
671
44
27
34
641
283
113
63
313
138
535
50
439
245
9
312
88
562
4
79
261
1
50
29
423
522
229
70
565
256
478
509
21
517
274
35
600
680
146
119
96
227
128
418
178
95
573
54
233
63
295
10
280
116
1000
109
515
196
5
33
612
80
384
86
417
61
171
103
393
362
20
879
263
51
196
233
295
366
110
549
363
208
128
29
258
467
