849
351
876
256
1000
696
162
1000
17
175
1000
804
966
172
911
838
497
204
103
234
164
51
277
379
19
83
455
43
21
17
373
458
84
238
207
1000
40
417
696
85
362
122
1000
906
57
170
1000
134
59
308
318
66
539
380
39
120
1000
1000
245
92
49
1000
392
1000
60
78
205
1000
5
370
245
168
638
831
200
4
1000
1000
1000
157
1000
490
123
1000
25
186
77
51
126
1000
338
186
587
425
442
257
1
842
73
65
82
284
1000
14
180
142
165
1000
450
927
88
60
41
471
154
522
231
317
411
323
252
645
82
30
101
214
570
1000
90
166
29
18
376
506
111
500
101
79
51
549
16
96
165
26
1000
582
2
14
312
881
251
143
233
130
727
361
62
207
163
244
308
20
60
68
447
109
15
10
31
2
200
417
1000
76
2
7
191
404
13
742
86
119
435
520
198
290
6
180
48
441
286
128
613
227
295
226
320
192
6
304
97
69
47
212
400
99
135
73
477
430
29
6
113
14
156
9
444
80
5
209
366
150
135
59
709
13
381
12
151
108
63
614
37
583
77
166
667
724
81
24
62
144
345
138
187
487
324
255
227
26
278
23
480
355
35
47
230
485
986
894
355
13
713
308
280
46
35
445
452
379
563
278
378
11
20
273
454
11
305
285
347
584
372
159
409
212
725
196
287
444
316
183
138
467
122
192
235
261
826
60
333
282
155
114
131
48
138
49
187
178
311
255
48
126
855
379
100
349
28
55
541
32
204
17
330
74
84
157
122
41
162
