53
63
178
245
66
972
134
1000
558
1000
1000
1000
1000
1000
1000
1000
1000
28
28
20
428
1000
1000
32
448
15
898
265
1000
5
1000
419
1000
1
17
66
1000
365
238
744
36
1
336
180
1000
810
67
108
423
1000
1000
1000
611
1000
394
19
26
834
1000
1000
1000
1000
1000
445
412
1000
1000
1000
1000
1000
1000
1000
891
497
65
243
671
2
1000
428
847
1000
577
135
514
1000
1000
1000
358
290
117
122
49
57
1000
222
875
1000
803
524
502
8
7
5
1000
615
1000
142
4
184
834
2
598
6
117
61
13
13
319
1000
3
351
1000
1000
1000
13
19
116
4
548
77
228
1000
41
5
9
1000
1000
6
1000
287
63
464
611
862
192
1000
1000
141
1
14
14
1000
553
1000
4
334
389
1000
551
9
345
12
71
998
18
699
113
475
48
1000
537
6
970
200
132
242
1000
138
2
861
1000
10
2
672
629
3
2
7
8
1000
1000
7
346
95
1000
3
2
128
1000
6
60
200
6
1
54
319
975
5
10
4
1000
