-53
-38
-54
-66
-72
-56
0
-19
-56
-40
-38
-72
-72
-57
-3
-35
-55
-49
-79
-31
-60
-47
-38
-51
-50
-62
-44
-61
-60
-27
-68
-23
-45
4
-44
-55
-42
-10
-43
1
-45
-54
-52
-60
-22
-32
-54
-10
-11
-59
-65
-26
-51
-59
-66
-29
-58
-67
-24
-26
-60
-35
-48
-25
-56
-22
-19
-24
-60
-50
-37
-48
-36
-44
-36
-22
-12
-41
-27
-70
-5
-8
-47
-50
-27
-30
-20
-30
-40
-31
-10
-37
-21
-35
-18
-5
-63
-37
-6
-19
-33
-11
-17
-23
-11
-24
-27
-33
-45
-11
-41
7
-24
30
-8
-39
-18
-19
-49
-24
-18
13
-51
-17
-18
-6
4
28
-32
-62
26
-21
-54
-36
-18
-28
-43
-18
-39
-30
-17
-19
-29
2
0
-48
-8
-23
13
0
-14
-16
-18
-64
-4
31
-56
-14
-40
-27
-47
5
16
14
-11
-30
-13
-30
-24
-16
-11
48
0
64
15
-6
-29
-18
-8
21
-17
-24
-5
-4
18
-3
8
15
-22
-26
33
-30
-28
-27
-1
-27
10
63
36
15
-17
40
27
-38
-20
-1
-30
1
-16
-19
5
10
-3
4
-7
22
42
50
-2
-25
-21
-6
-15
-18
-2
12
-4
-5
-14
0
-53
-21
24
-48
41
53
65
-17
21
34
2
39
4
-4
-21
-19
-11
-31
40
-46
5
-16
64
-1
-2
-3
-38
26
-12
7
3
9
4
-7
30
-23
63
17
-18
-14
15
-10
-35
16
-10
-2
54
-1
6
-23
13
50
0
-45
70
-28
-9
15
10
22
-22
-35
28
33
0
-25
86
7
-2
0
42
0
36
69
-12
-9
-9
19
-25
-6
16
15
15
-2
35
39
14
-42
0
45
22
27
7
-10
25
-21
26
29
-7
-13
-2
-26
5
6
49
28
34
26
22
10
-26
50
1
59
41
31
34
39
20
48
27
18
-34
16
0
12
9
1
97
50
30
74
13
52
15
32
36
2
-8
21
30
-10
26
-15
6
-33
20
8
-3
37
-5
5
80
-52
17
13
18
8
40
57
-25
64
31
13
31
14
45
70
8
43
-31
-11
-20
97
52
32
17
-2
24
15
49
-5
56
26
-10
36
45
41
52
20
66
10
1
64
18
42
56
-24
-23
61
7
5
-2
27
29
30
10
15
36
26
25
41
44
-32
16
50
39
13
18
-9
0
44
58
39
45
33
3
45
32
28
40
-7
7
86
-1
23
9
19
51
14
71
44
-2
91
68
54
28
29
-1
21
38
46
39
26
-29
32
-1
54
27
45
28
30
9
28
17
13
34
6
49
67
95
50
67
92
58
65
2
16
100
-29
51
33
102
-12
43
29
21
-6
14
33
86
54
40
-11
102
-8
-25
-14
59
51
54
-2
10
13
-28
65
36
3
70
69
55
43
4
61
53
74
7
0
16
37
58
64
3
38
64
11
12
45
38
43
-2
9
37
24
88
0
45
57
98
4
70
6
17
86
31
74
38
84
98
62
100
4
52
18
20
50
65
11
80
53
28
99
22
74
30
16
68
56
34
101
87
99
114
63
13
17
27
73
37
60
22
33
72
41
33
18
30
55
40
31
10
68
59
-3
60
8
-37
-21
12
71
-13
42
21
31
23
44
97
40
19
65
-3
32
43
61
12
109
-18
6
75
44
30
101
28
64
15
42
76
-9
99
2
21
-2
0
62
27
-1
46
71
23
77
32
15
35
45
56
58
14
39
89
35
47
73
66
62
56
72
66
78
31
62
61
63
0
38
-10
58
56
76
61
30
69
86
5
30
16
63
97
53
42
92
54
76
42
45
58
76
81
42
24
43
97
81
78
22
37
55
75
-2
116
0
100
31
57
-24
89
86
107
70
47
36
1
25
63
74
77
11
25
90
46
37
26
61
63
88
27
76
52
50
67
47
26
52
28
33
33
47
18
83
-7
39
87
102
32
-6
35
45
115
31
35
47
52
40
12
72
64
63
66
9
20
52
67
64
46
54
48
30
37
6
42
25
56
64
69
29
2
74
90
44
61
35
3
14
48
30
-15
83
11
53
-12
108
89
96
116
65
39
86
-22
47
86
45
42
-3
28
80
99
38
98
45
106
10
31
140
29
44
26
33
59
28
46
88
-12
32
73
78
66
81
0
62
41
40
42
52
38
24
25
19
25
58
58
65
35
61
83
88
46
-12
56
100
-2
63
32
80
56
13
67
85
38
19
11
36
38
66
41
71
29
106
33
67
34
37
36
41
39
47
26
91
66
25
125
49
79
44
97
37
124
65
117
30
96
70
26
-1
20
59
-6
39
81
79
35
62
11
3
-26
10
35
45
25
28
65
54
43
53
99
67
32
-18
97
69
71
53
76
-9
52
20
15
37
51
26
60
-19
43
96
-1
19
25
58
27
90
36
26
66
88
89
15
23
89
11
13
15
45
83
-2
89
54
19
45
22
28
74
13
56
22
73
23
56
75
70
29
66
30
-4
59
54
70
58
52
44
46
-26
29
111
85
9
80
-27
87
45
63
29
31
44
33
89
24
41
21
73
70
20
42
33
37
13
69
-3
31
12
60
18
44
58
45
76
49
-12
-30
88
13
65
80
46
81
32
36
25
105
69
86
52
58
83
32
26
54
23
51
69
45
60
64
111
21
43
53
44
37
22
9
93
41
30
59
6
52
56
12
44
57
39
5
-25
74
29
71
71
79
41
56
63
61
88
80
125
16
50
9
32
45
43
14
98
34
64
43
64
81
108
25
88
52
51
21
83
98
18
58
42
48
90
58
81
7
54
104
21
83
25
26
-2
14
54
56
33
29
26
77
100
18
34
70
28
70
72
-4
44
45
-24
38
-16
10
-2
59
66
53
90
28
114
86
21
42
60
35
76
57
12
62
40
60
83
56
97
106
1
89
47
54
52
157
138
63
70
-27
38
73
91
26
6
84
45
90
68
34
96
-17
78
4
23
56
74
20
75
77
49
96
117
-13
27
49
43
117
67
24
79
78
56
46
45
-14
59
63
72
-9
121
16
53
44
14
38
4
34
10
125
20
8
58
59
122
-9
46
78
89
89
97
104
-18
61
93
59
19
60
103
72
26
59
19
66
117
88
62
100
48
61
41
23
63
75
33
71
83
115
95
43
25
15
52
65
89
25
17
30
65
109
54
37
13
-7
36
23
22
55
13
84
17
40
66
100
33
96
15
100
78
78
7
48
128
49
8
118
32
7
102
78
-6
33
84
29
31
57
108
96
46
52
72
75
41
38
49
45
39
65
66
56
74
57
74
58
95
13
22
56
57
70
136
19
58
68
62
68
126
32
51
92
39
108
39
34
76
55
97
34
54
-2
30
2
37
42
79
21
-19
121
66
123
52
9
65
0
102
12
66
44
53
88
17
52
81
51
44
23
92
45
17
16
62
-13
5
88
29
51
41
67
128
111
75
46
66
63
33
35
-9
30
45
50
100
54
1
79
91
64
32
-13
65
43
88
20
60
82
4
46
53
-4
69
77
53
57
5
42
15
25
40
11
8
47
0
-22
62
-31
85
41
49
52
4
69
10
64
137
72
106
37
48
4
87
67
48
88
101
12
85
53
101
9
94
52
21
45
28
33
-2
13
41
45
21
40
15
78
110
80
70
88
64
37
117
64
39
69
29
58
47
110
59
79
63
38
59
49
68
57
10
117
96
0
19
20
70
18
88
55
39
148
78
18
4
41
35
53
93
119
56
42
60
36
72
108
64
76
60
113
66
90
52
33
45
76
76
50
57
149
114
96
22
98
33
115
93
77
-2
29
60
65
97
58
42
104
91
33
98
97
7
67
44
62
30
42
15
108
89
63
59
17
57
58
11
21
82
-2
58
32
46
28
25
62
20
86
74
90
55
68
46
96
99
86
82
71
144
103
28
9
36
44
64
74
44
116
6
16
40
59
105
76
41
40
62
50
71
78
65
65
3
30
23
22
111
65
51
66
45
44
34
101
53
99
13
78
78
46
52
18
59
59
78
23
64
55
66
61
63
23
45
64
39
-3
-6
97
69
48
100
47
72
49
58
58
70
84
56
22
75
58
75
50
67
52
118
78
46
100
77
37
125
102
79
19
106
14
-22
74
42
49
42
97
93
11
31
89
19
93
111
38
77
112
44
79
3
104
46
14
57
16
95
7
-4
44
15
81
23
73
85
65
-10
61
55
54
56
97
102
47
83
55
34
83
71
-1
61
55
74
25
24
40
21
27
41
88
100
87
139
74
125
82
93
59
90
108
116
-10
6
76
59
120
66
60
118
60
81
91
58
98
78
99
64
95
104
52
74
48
52
51
32
49
92
100
67
80
59
37
75
36
93
75
99
49
69
46
45
-21
44
95
43
94
-12
72
41
47
68
96
55
24
94
113
24
95
96
124
18
81
82
34
91
77
38
78
52
100
74
-11
70
99
73
91
104
55
120
9
15
69
-2
74
83
105
6
25
4
-19
33
14
52
39
65
135
53
74
54
20
-19
73
56
104
41
92
44
48
97
113
92
26
52
78
73
16
35
32
27
79
63
51
56
54
19
24
9
59
48
13
60
29
55
44
88
54
57
79
-1
18
9
66
53
43
80
10
90
43
16
56
100
48
32
48
-2
77
78
78
101
47
64
65
62
54
79
87
50
59
-6
21
51
46
94
27
91
72
106
45
49
99
34
51
25
55
22
74
86
55
62
73
104
31
89
67
83
79
81
62
55
111
47
-1
66
75
121
44
48
13
10
-12
90
96
17
45
54
56
0
92
43
46
77
107
63
135
17
55
35
65
110
47
128
38
97
32
48
72
24
76
66
42
80
12
88
69
46
83
54
11
68
96
91
50
106
99
91
59
36
29
63
71
113
32
51
12
81
49
2
89
23
83
78
66
74
118
38
62
95
92
124
69
101
68
23
-18
98
44
119
59
27
74
72
14
34
51
48
68
43
8
66
89
75
90
15
11
9
86
80
86
31
149
77
93
68
78
55
113
89
8
7
57
25
32
77
74
39
46
144
105
91
61
47
85
29
60
73
101
56
93
109
39
82
75
53
40
19
93
88
60
88
-20
38
117
-2
11
67
17
65
77
121
39
2
39
77
138
18
111
97
77
35
62
108
86
19
96
102
77
12
96
72
72
24
91
95
34
91
146
114
32
92
78
18
88
47
48
0
33
29
77
50
37
141
69
34
58
57
103
15
99
66
43
70
14
42
76
26
5
82
61
95
83
103
34
94
34
-1
68
36
51
91
81
89
73
121
58
85
55
67
11
16
103
29
109
64
5
56
23
172
38
100
52
110
43
53
89
28
86
66
110
62
53
68
90
95
129
57
73
118
44
51
142
77
58
37
52
91
96
97
57
92
89
105
54
79
34
83
86
36
40
132
113
145
92
65
27
77
61
110
86
61
64
28
33
38
57
50
80
120
23
36
49
72
60
52
108
81
42
82
6
74
71
64
34
55
76
214
33
33
131
77
72
10
58
21
89
52
35
133
-6
54
97
88
116
68
1
68
67
32
53
43
87
90
140
93
127
38
47
45
156
89
133
69
87
55
129
76
62
90
125
105
138
97
96
104
41
15
64
54
58
83
75
104
73
1
69
45
25
85
63
68
69
119
96
108
-9
15
76
28
60
94
49
70
65
23
70
72
9
77
49
110
132
51
87
70
74
16
43
116
39
62
47
98
50
73
83
56
28
38
75
91
48
30
73
97
14
80
9
44
72
77
107
85
111
48
-3
52
-20
32
72
79
54
55
32
97
89
115
52
41
99
0
30
51
77
81
49
99
73
109
42
95
57
47
32
73
80
117
36
37
-21
65
47
110
20
8
26
56
59
77
88
10
38
39
144
68
63
102
50
117
2
91
94
130
25
68
23
87
63
46
83
89
119
22
83
55
33
129
67
70
78
68
86
88
128
46
56
34
57
72
92
29
78
75
98
-2
47
34
48
13
33
71
30
44
84
37
18
80
69
16
57
-13
0
32
50
62
49
49
154
137
83
103
61
62
97
90
71
100
57
23
10
53
70
80
44
105
53
66
81
68
-2
66
81
120
46
44
34
64
47
-8
96
77
47
91
40
40
97
38
26
39
97
31
37
17
89
99
8
25
4
54
33
40
7
42
86
77
97
77
52
47
61
64
36
154
49
72
8
50
77
52
0
55
1
111
145
66
31
-1
70
-15
28
78
124
20
75
25
88
102
51
42
60
69
100
54
82
35
25
51
-8
88
92
70
65
0
91
81
39
47
62
80
79
105
91
95
109
87
72
6
98
3
93
92
50
48
76
82
104
54
116
103
64
14
46
56
50
101
49
79
97
120
8
113
108
119
56
44
65
91
25
107
97
77
56
98
75
87
79
76
84
124
90
74
44
110
85
91
55
62
10
81
108
54
29
133
55
88
31
101
92
56
100
80
126
73
115
69
81
25
84
31
51
13
91
58
116
47
95
71
268
45
35
60
61
23
45
55
47
83
30
131
92
19
68
48
148
46
96
78
114
130
9
55
75
