-56
-45
-42
-63
-60
-18
-51
-8
-70
-43
-48
-62
-67
-47
-15
-1
-54
-72
-50
-47
-39
-30
-44
-59
-60
-41
-57
-62
-26
-54
-34
-41
-17
-37
-54
-44
-3
-22
-4
-53
-28
-51
-54
-59
-6
-53
-32
9
-69
-30
-52
-70
-43
-38
-36
-66
-19
-41
-45
-46
-48
-15
-34
-11
-37
-52
-49
-44
-2
-40
-53
-20
-11
29
-45
-46
-8
-43
-24
-48
-6
-2
-12
-51
-9
-46
-42
-46
-15
-29
-48
-62
-42
-47
-43
1
-19
-22
-21
-27
-31
-2
-25
-32
-38
-38
-16
-36
-27
-44
-29
-18
-7
-5
-22
-40
12
-10
14
-16
-33
-26
-23
-12
-19
14
-15
-36
-22
-15
-13
10
-41
-54
-30
-27
-30
-5
-34
-16
7
6
-19
-11
-41
-35
-34
-28
14
-57
-28
-48
-29
0
-47
-54
-25
-28
-36
-37
1
98
-40
4
-26
-24
-5
-21
22
-17
-3
-34
27
12
-30
-26
14
-37
-27
-16
-21
-16
-27
-13
7
-32
-34
-20
-6
-49
-25
-30
-8
2
-2
-48
-37
-37
-2
-16
-24
10
2
-17
-10
-14
-12
6
-2
26
-13
-46
-17
-24
51
0
-11
-21
24
-15
-2
41
20
-8
-8
-24
-31
-40
-21
-8
-18
-14
-6
-9
-54
12
-52
-16
-40
-2
-39
-10
-20
-6
44
-20
35
26
-37
35
-10
40
-7
-38
-55
-7
-7
28
-6
-8
11
40
26
-47
9
30
-7
10
47
13
9
31
-3
21
45
24
-4
-36
8
22
-7
13
17
13
-7
-33
-21
40
34
17
0
11
21
25
-7
-29
45
10
2
8
45
30
24
-25
31
8
-27
-22
24
44
9
16
-2
-25
-71
-8
9
22
-23
20
-2
32
42
21
23
-5
40
-15
20
-24
-2
4
30
-11
-13
-15
-11
38
55
-36
-4
0
45
-10
-5
-3
-33
-43
9
-35
79
23
134
15
17
-9
-5
84
0
-10
64
-9
27
14
6
40
-29
1
58
31
-4
40
30
-11
24
47
29
2
35
-23
44
41
-1
3
12
18
12
-6
22
31
29
4
57
35
-34
30
-8
25
-7
-6
17
-11
28
14
42
-1
32
29
22
17
-4
-9
36
29
16
9
32
-5
13
-9
-11
5
22
-4
-6
0
19
-2
8
41
56
46
37
-33
8
47
40
71
3
37
23
12
4
24
23
21
-30
-14
-2
-11
1
59
34
1
40
41
2
69
-5
59
8
14
66
-18
-13
0
55
45
31
49
0
77
29
-14
-7
35
29
66
57
2
15
6
-26
-25
53
10
46
40
57
59
47
67
68
30
13
46
4
33
25
12
12
11
-31
-29
44
-24
-10
31
69
7
45
18
43
-24
27
23
-3
79
14
72
16
1
-14
70
-40
50
23
17
75
27
13
69
49
31
36
21
9
54
9
28
50
29
25
20
43
0
-16
21
90
-27
93
31
-8
1
34
15
-40
58
13
-11
39
33
45
33
10
-2
31
6
46
13
12
7
63
21
20
35
11
29
26
69
5
3
90
51
22
52
15
31
89
8
33
24
57
2
30
63
61
55
4
-12
168
54
78
15
71
26
34
9
27
36
47
54
28
50
4
62
-12
47
25
9
105
34
124
13
50
79
69
44
28
-2
1
41
52
28
12
77
16
40
48
5
34
23
16
49
15
18
5
16
8
16
18
22
72
8
27
32
62
52
8
145
54
82
104
64
10
27
30
62
14
10
36
44
43
24
31
50
65
-2
-21
25
-11
33
0
66
19
68
13
27
61
95
15
-2
-2
46
75
-9
92
18
22
49
87
9
36
27
99
48
74
35
51
80
12
78
30
41
61
18
85
78
40
101
77
48
15
20
71
52
86
18
73
52
85
-40
29
-2
58
11
20
80
37
36
87
65
43
18
-29
3
41
54
101
42
3
57
35
14
55
-3
14
10
91
37
110
47
34
-19
75
47
76
49
20
53
12
9
34
26
13
19
75
38
77
85
32
26
23
67
134
97
33
13
44
7
62
52
50
1
32
44
31
56
39
22
87
33
47
62
47
57
30
24
32
58
22
47
-16
30
37
5
41
32
45
73
24
19
56
15
57
11
28
3
61
37
65
-7
66
49
44
0
95
-6
34
43
6
66
49
61
20
35
70
85
78
21
57
125
0
50
92
29
62
42
49
40
12
0
17
81
36
50
-4
24
31
75
59
71
28
22
22
60
32
58
0
72
34
79
34
44
164
102
32
26
17
26
43
62
16
10
27
58
39
57
44
114
15
91
-4
35
35
25
12
58
94
55
68
41
24
96
45
12
50
98
78
-5
37
11
21
33
15
49
35
34
-19
8
79
1
73
6
83
55
4
5
3
0
52
90
-17
28
48
58
73
49
82
107
51
12
80
39
96
94
47
-21
42
13
18
8
1
12
69
18
36
21
94
68
40
51
33
32
71
13
83
72
51
-14
23
68
56
13
18
34
65
46
20
97
51
80
75
31
112
-20
23
32
48
39
73
39
81
64
58
-12
50
-18
6
10
51
2
82
61
29
-2
75
39
11
7
10
92
40
36
67
1
66
65
41
85
83
-26
12
58
62
60
22
90
54
13
65
-45
62
91
71
19
125
-7
-29
7
51
32
11
11
103
108
6
86
52
35
82
43
0
38
16
-16
56
57
92
36
34
64
41
18
53
-6
60
71
-7
37
18
97
60
82
70
65
39
55
10
68
44
68
95
76
73
25
80
28
46
11
102
25
82
90
81
34
120
26
-4
59
63
6
79
84
72
75
22
32
11
18
64
57
88
-7
40
81
54
34
0
39
22
27
62
57
82
49
9
48
77
90
42
-29
93
24
9
30
34
33
29
45
62
45
67
18
-23
51
62
34
14
69
69
77
60
62
39
10
25
53
82
52
58
55
4
41
-4
7
98
70
31
14
42
83
38
74
91
41
0
55
53
18
57
11
60
97
-5
65
5
92
59
89
85
48
39
5
28
112
92
98
69
53
-5
52
60
66
57
71
76
42
49
41
53
62
24
-7
62
49
-6
10
57
119
74
66
38
78
42
54
80
50
53
35
62
42
55
85
7
91
13
36
70
26
73
23
-2
93
42
40
104
51
71
10
65
75
60
41
-3
51
44
54
56
67
12
72
47
46
88
65
8
53
43
116
34
61
-6
29
26
29
84
71
130
18
26
107
7
88
31
70
49
63
91
73
18
88
41
53
22
26
-3
25
46
76
60
-3
36
44
46
48
77
64
-17
39
74
37
16
63
134
17
98
67
34
57
57
69
15
69
46
80
86
-2
95
78
34
87
104
106
123
51
5
46
58
0
100
16
38
75
49
39
-37
65
37
115
85
142
57
56
98
19
16
1
106
101
-12
38
108
25
33
18
39
17
93
3
43
36
71
-7
44
81
51
82
91
64
64
68
-3
53
101
57
62
45
40
92
105
141
56
92
72
14
63
96
81
25
71
49
44
13
0
38
43
82
83
100
31
42
9
97
87
5
70
57
-2
-4
29
72
40
90
29
-2
36
71
-7
26
74
49
17
21
22
62
72
27
56
1
79
84
23
22
56
58
25
1
104
81
1
14
101
63
47
21
12
9
24
47
32
77
87
33
57
21
54
36
103
98
26
58
68
85
39
48
69
38
67
25
42
17
28
44
88
0
72
41
44
18
31
59
65
28
56
63
80
38
87
55
80
71
68
110
56
68
51
62
46
111
60
50
47
105
84
49
67
34
36
82
63
48
30
143
46
-8
47
109
45
88
49
44
57
69
68
12
57
37
53
102
61
81
54
88
4
25
43
49
42
70
37
99
63
44
93
4
26
66
96
48
64
28
61
27
102
26
52
54
79
84
32
51
58
55
49
70
49
43
89
25
38
100
65
57
80
56
43
64
125
36
61
88
57
107
50
88
12
129
11
73
81
-1
50
34
109
43
48
40
68
11
74
57
32
40
75
108
12
48
76
35
74
97
-2
47
67
64
7
81
-12
66
11
63
55
33
50
5
7
52
20
8
51
59
18
47
76
30
31
112
66
48
-12
41
58
15
109
79
35
33
3
62
58
32
29
-4
90
86
65
27
86
94
48
94
58
16
27
77
17
20
75
57
97
96
27
104
68
56
88
130
-13
19
50
86
18
132
81
40
93
72
36
80
122
66
34
23
29
75
23
97
36
55
58
62
18
44
61
-7
43
-16
72
60
87
23
79
67
73
17
30
60
56
127
89
29
63
66
65
20
84
89
84
107
-19
72
122
43
17
28
61
66
90
-7
80
37
38
81
46
93
30
44
88
69
21
45
61
75
88
33
62
97
108
21
57
69
83
14
0
38
68
80
25
85
98
92
62
44
27
27
33
60
35
86
63
49
14
69
82
69
40
52
33
77
56
58
49
96
52
92
50
24
50
93
48
3
52
22
81
38
45
44
43
60
51
8
101
103
130
6
69
30
62
73
61
116
57
72
10
15
-4
91
8
6
101
51
97
55
73
40
9
46
69
81
56
40
85
32
34
100
22
104
90
68
31
30
36
20
62
71
42
43
74
61
12
55
60
136
74
84
109
90
57
110
57
29
50
130
83
71
134
24
40
86
14
42
73
64
30
50
19
93
64
27
88
97
85
20
67
93
71
73
93
12
73
38
49
38
7
65
113
88
61
28
6
51
116
5
30
50
91
114
83
71
33
84
49
60
85
53
-2
12
50
38
109
46
94
54
57
50
52
-31
-33
20
69
1
82
33
56
29
50
94
31
12
58
19
72
75
54
129
63
66
38
26
74
-9
63
31
94
0
31
51
97
97
61
18
54
119
73
42
62
48
77
88
67
54
25
25
106
105
43
70
27
109
102
84
74
84
27
85
18
27
70
57
7
71
79
52
27
25
39
42
82
64
32
77
38
-10
74
62
50
42
86
-2
61
101
75
28
92
66
125
68
37
51
82
9
75
70
106
133
80
74
59
81
101
112
85
78
100
107
85
11
18
20
39
80
87
68
43
128
28
59
66
39
16
97
66
81
30
84
108
93
74
126
61
70
99
29
40
10
86
76
38
99
133
107
68
33
32
88
88
111
65
61
46
37
54
58
53
85
24
66
24
45
86
83
27
101
23
83
67
74
80
50
60
32
27
83
63
99
88
17
47
88
22
16
47
48
67
84
60
57
92
97
98
95
74
45
19
87
48
72
29
53
29
106
55
102
-3
50
77
59
76
65
101
102
48
74
19
85
56
42
70
65
37
54
107
62
80
24
-6
75
59
64
54
52
87
69
70
57
46
27
33
97
34
21
105
59
133
3
75
66
69
69
79
19
78
35
60
145
42
73
1
49
25
52
76
42
57
43
53
67
100
36
130
81
37
33
101
53
36
0
86
100
45
51
82
76
53
58
52
48
51
74
75
44
100
39
51
28
50
78
26
69
83
55
84
91
70
78
95
55
73
-3
58
136
126
43
128
98
17
45
84
102
107
69
60
-2
94
55
61
71
132
75
25
97
38
36
92
76
100
113
30
35
12
74
51
73
94
81
59
89
46
51
83
154
81
53
13
131
64
75
29
41
97
89
95
28
68
27
29
98
74
49
92
17
83
78
85
19
83
83
69
42
105
93
74
46
73
75
97
26
18
-2
82
27
30
51
83
75
17
50
133
2
112
66
71
36
92
78
66
85
79
28
24
57
36
81
5
86
17
110
71
86
34
98
73
50
105
-12
51
37
98
62
91
83
-7
68
60
-1
67
87
69
52
36
65
38
69
107
109
69
93
60
40
87
249
43
51
53
66
18
61
20
-1
47
90
25
98
98
-7
3
39
89
27
70
66
63
18
74
71
0
29
84
85
101
69
118
97
45
154
11
56
62
83
93
32
40
34
11
77
74
28
31
97
93
74
21
30
73
91
44
26
90
55
19
70
88
55
120
66
30
59
0
58
3
112
75
1
25
42
31
54
82
90
81
43
131
1
5
141
65
52
83
-10
143
73
64
118
113
43
33
64
34
101
20
65
41
45
109
26
9
102
62
49
89
97
52
34
84
75
53
90
-3
47
42
110
98
58
79
46
71
76
64
91
6
109
85
81
88
1
41
104
78
87
72
85
22
120
80
58
89
59
25
88
103
34
27
6
57
47
61
55
61
73
51
56
30
49
59
35
48
48
77
69
141
14
40
86
15
122
60
68
-5
83
55
43
13
148
53
1
43
68
71
53
80
100
107
85
77
65
93
44
60
44
93
48
30
45
75
106
51
4
46
48
87
13
48
61
74
117
22
42
59
49
51
13
0
11
56
26
28
40
23
82
34
31
36
68
42
46
34
39
123
69
118
44
13
-12
32
42
55
87
16
11
64
133
41
79
23
108
91
21
75
16
113
40
77
-5
88
58
15
55
123
84
97
39
78
72
10
21
71
82
78
79
41
102
59
-1
39
109
17
54
79
49
53
17
46
30
83
36
24
80
0
50
56
89
130
77
79
76
94
60
66
60
39
27
85
29
72
75
122
74
46
53
17
83
77
46
99
65
-3
-2
67
47
57
35
65
92
62
19
74
41
16
121
96
90
110
81
96
83
75
52
26
67
65
130
86
45
23
62
12
104
82
55
66
85
32
93
30
89
75
27
73
45
66
97
10
39
44
40
49
103
73
72
68
89
26
46
37
88
59
18
39
64
