-55
-47
-40
-62
-62
-34
-27
-19
-63
-44
-39
-59
-58
-41
-23
-24
-53
-66
-59
-37
-46
-41
-43
-46
-61
-51
-51
-65
-44
-49
-50
-35
-34
-18
-49
-41
-36
-25
-21
-29
-45
-52
-51
-57
-24
-40
-42
-15
-35
-42
-51
-46
-56
-49
-44
-46
-50
-48
-35
-43
-51
-41
-41
-26
-53
-36
-34
-39
-45
-44
-42
-39
-34
-31
-34
-37
-20
-41
-40
-50
-25
-24
-11
-46
-19
-42
-34
-34
-22
-36
-35
-43
-37
-40
-45
-17
-42
-35
-29
-34
-36
-21
-35
-17
-19
-33
-10
-30
-27
-33
-24
-13
-16
-5
-17
-30
-12
-22
-20
-37
-30
-18
-26
-7
-22
-14
-6
-13
-23
-15
-10
-12
-51
-20
-20
-29
-29
-29
-31
-17
-7
-17
-24
-7
-21
-22
-20
-13
-1
-28
-26
-29
-8
-30
-29
-9
-18
-34
-19
-24
-36
8
-1
0
-12
-21
-13
-21
-21
-3
-11
-7
1
18
-16
-8
0
-30
-32
9
-16
-11
-18
-7
-8
-15
-13
-7
-12
0
6
-31
-16
-15
0
-21
-22
-3
-9
-10
-1
7
2
-17
-1
-13
-8
-2
-21
-12
0
-13
-17
-5
9
9
9
-12
10
-14
-5
-5
-1
0
0
-11
-18
-16
-18
-22
-25
-8
-11
-17
0
8
2
-14
-8
-7
-10
0
-6
20
4
-13
2
-12
-4
0
2
0
8
0
-22
0
-9
7
-8
-6
0
5
4
-9
1
4
27
13
8
8
13
-4
-8
3
0
17
16
-15
10
-5
15
22
8
-1
11
-12
3
10
14
0
2
-6
4
19
-13
-7
41
20
-8
14
28
8
29
15
14
-1
-7
16
0
14
-2
-3
0
0
10
6
7
2
-10
12
4
5
32
14
18
-17
23
0
20
-9
5
-2
-9
17
18
12
-3
24
17
3
2
17
7
11
5
12
9
3
16
9
45
6
27
13
10
7
17
16
20
11
19
24
20
23
17
19
3
0
24
13
16
14
29
-7
9
-1
17
0
19
16
8
19
25
11
0
28
16
13
28
38
19
11
3
19
1
21
18
46
18
18
5
14
25
31
35
-4
19
17
11
41
31
0
35
20
29
8
4
21
22
6
20
4
33
20
0
16
45
-6
-7
36
28
27
11
3
18
40
41
19
30
24
6
29
27
9
32
31
8
18
26
20
17
50
24
17
38
30
10
42
24
21
15
28
22
32
27
27
7
28
36
21
32
40
21
36
43
45
28
32
19
27
50
30
10
19
17
26
33
55
26
32
19
41
42
33
27
41
26
28
36
56
47
41
11
28
38
23
-4
29
53
32
35
18
40
5
25
43
-3
43
7
62
31
39
27
13
1
20
29
18
39
17
30
19
22
26
47
41
68
13
13
25
50
24
16
37
49
31
14
9
46
22
75
27
24
39
34
28
21
40
22
37
12
29
18
21
45
31
35
20
62
9
34
31
43
34
16
43
42
33
66
55
46
24
42
55
9
26
27
38
44
47
35
29
44
34
57
59
54
40
27
50
87
67
65
42
33
30
51
23
36
50
32
43
57
40
20
28
46
35
49
20
31
32
63
30
54
28
29
29
22
34
32
50
41
30
36
57
36
38
40
50
22
37
29
43
11
62
24
29
51
33
52
44
37
63
37
44
55
30
39
62
49
43
58
52
24
19
12
45
46
26
38
27
29
52
46
51
46
39
32
39
27
39
47
52
48
62
59
57
37
60
49
55
33
32
42
39
42
45
53
50
38
57
29
34
52
49
81
50
37
67
55
49
29
43
58
58
61
42
45
50
65
53
28
42
47
46
61
55
58
31
60
46
43
9
51
48
45
65
53
29
54
48
56
64
34
24
57
55
52
47
24
46
49
40
56
73
38
30
66
54
66
50
38
29
63
57
40
32
7
56
51
64
59
27
37
59
61
26
65
62
49
48
41
59
64
71
48
54
45
46
49
51
23
49
58
27
42
38
31
26
68
46
43
44
33
64
63
36
52
45
27
45
36
28
38
52
21
44
30
61
39
63
55
36
48
55
21
49
74
43
54
28
42
36
66
43
79
43
65
23
30
69
45
35
42
32
53
60
47
38
40
66
68
36
60
35
55
49
49
34
38
43
13
41
37
43
32
34
37
54
78
64
41
59
61
18
43
80
16
56
5
39
48
47
74
63
39
41
56
45
47
46
33
60
35
53
50
50
56
57
46
52
45
51
57
59
59
42
64
54
59
58
33
41
59
28
38
55
71
47
31
21
17
37
11
54
46
54
24
53
34
35
15
22
41
46
28
45
42
56
51
48
42
52
43
32
59
48
70
27
35
30
55
53
33
53
42
47
42
47
38
46
23
36
50
57
62
38
47
37
57
49
59
40
54
43
30
34
37
21
57
48
59
22
10
28
51
49
53
43
49
41
75
55
74
38
61
30
92
41
52
44
47
59
35
59
36
19
36
52
63
68
66
58
24
40
31
48
51
55
34
60
52
50
64
28
41
43
34
48
51
35
37
71
40
55
56
57
37
30
63
30
64
56
33
34
85
32
42
49
49
49
48
41
50
69
49
57
48
54
67
55
38
75
32
47
66
48
69
70
62
51
42
30
60
16
30
59
50
33
59
60
57
62
53
45
36
52
48
39
40
67
44
42
56
57
61
47
57
43
40
55
80
61
62
42
48
45
35
28
47
44
52
66
57
75
56
50
33
38
55
47
77
54
43
63
52
8
54
49
63
16
54
62
50
60
39
58
45
42
30
18
61
50
51
52
44
49
25
64
68
57
42
18
50
52
25
37
22
41
16
59
63
59
57
38
70
67
48
46
54
26
31
54
35
47
62
60
42
42
61
55
19
75
50
41
28
84
63
19
79
29
50
60
61
43
35
58
50
58
79
44
55
24
41
46
56
54
55
37
32
61
71
46
66
33
50
42
42
60
41
37
95
29
45
36
52
26
58
64
60
41
56
56
59
39
49
62
60
42
58
68
43
66
46
67
57
42
28
54
41
56
36
67
34
52
54
49
50
35
59
69
53
43
47
61
64
67
58
61
47
90
61
42
48
68
36
58
70
70
67
38
26
35
49
39
77
59
54
37
43
83
63
69
58
25
70
49
48
72
51
62
46
38
35
52
27
35
47
57
49
69
40
52
73
54
38
75
32
32
64
42
55
49
57
33
37
68
63
55
38
50
37
42
43
52
53
18
43
46
40
61
76
70
76
25
38
47
57
34
60
63
53
55
50
44
41
57
88
61
63
63
50
65
69
47
31
37
63
55
52
36
55
54
44
36
50
21
54
82
55
57
68
40
58
31
76
44
75
39
54
67
35
66
89
47
54
46
48
67
57
70
54
68
38
49
36
44
61
87
73
43
45
40
31
51
57
78
47
67
41
50
51
64
54
57
33
76
34
34
49
47
63
35
55
65
30
50
32
24
57
60
31
43
21
74
52
44
39
20
59
60
55
35
47
56
76
47
48
56
52
26
48
63
56
86
48
46
48
46
60
73
60
38
62
52
62
41
58
63
73
68
41
54
44
43
36
42
31
47
60
41
42
64
58
46
95
57
75
45
48
49
76
60
61
58
67
70
54
72
67
57
51
75
54
51
47
61
60
52
46
46
47
61
65
59
50
86
48
63
59
52
38
64
55
66
54
54
45
57
40
62
64
49
51
62
63
61
55
63
58
66
65
66
40
65
66
58
50
52
55
88
75
78
54
23
43
54
71
51
51
43
55
50
62
53
38
80
54
59
55
72
49
59
64
55
38
51
65
42
32
63
48
25
52
63
43
55
60
49
36
83
62
72
59
72
32
59
57
57
67
37
80
61
56
48
59
43
71
55
64
58
66
63
71
52
65
51
64
28
67
50
56
63
77
72
51
66
31
44
51
54
60
40
53
43
53
58
51
64
47
68
56
62
42
59
50
67
63
54
50
65
51
74
67
50
53
61
41
60
41
64
44
38
72
64
71
52
68
57
60
79
77
46
70
61
69
61
47
49
77
82
39
57
54
70
69
72
72
37
65
70
32
73
74
49
64
57
51
82
79
72
58
39
64
40
57
75
73
59
66
49
62
33
48
37
92
37
46
51
60
46
41
47
80
54
56
59
59
49
66
63
75
47
76
37
59
82
54
43
39
69
83
46
58
50
48
55
55
59
64
62
73
65
61
75
56
60
69
83
63
44
53
76
57
51
66
63
76
41
68
76
64
55
53
75
59
66
56
62
74
63
76
49
54
56
62
59
53
47
50
60
53
61
82
47
71
51
70
61
64
46
58
68
69
66
32
50
65
65
50
77
57
57
55
62
62
72
53
64
73
53
57
53
72
55
69
70
42
62
80
66
74
55
46
52
53
54
69
27
60
45
43
56
74
47
53
43
36
33
35
40
59
47
47
83
44
62
76
44
41
46
53
77
61
72
49
49
75
81
70
45
54
75
58
70
70
66
59
71
80
60
57
74
49
50
41
59
67
60
43
55
61
69
56
60
33
76
23
45
53
70
78
30
64
69
73
59
57
56
61
48
56
50
44
58
75
64
62
43
63
65
85
41
77
57
77
82
50
44
56
74
72
32
76
51
84
46
53
69
76
63
77
44
45
55
89
60
43
43
64
62
58
76
76
55
34
54
57
67
68
39
66
58
87
61
75
35
47
53
93
48
26
43
90
37
49
83
66
74
66
44
69
81
49
66
52
53
73
77
80
48
70
38
71
62
45
74
46
58
83
42
79
71
42
61
50
24
62
58
72
44
66
93
61
44
59
53
53
76
77
46
56
35
92
64
37
67
71
44
74
77
64
66
45
74
80
61
77
56
57
43
51
42
78
72
80
46
56
75
68
55
46
54
75
76
65
32
47
58
58
86
37
61
43
77
60
58
48
71
38
92
52
85
54
61
74
48
27
84
27
43
71
59
46
43
82
60
54
76
59
65
52
57
53
80
56
86
62
45
72
61
43
74
67
76
52
26
31
44
55
75
48
45
39
49
65
68
90
48
39
46
68
83
48
92
45
36
58
53
56
54
47
58
63
60
39
70
50
61
70
57
72
46
73
96
57
43
50
54
34
65
27
70
57
35
32
59
70
46
67
68
45
54
68
73
24
48
78
43
57
76
69
64
46
21
68
63
74
66
72
47
75
47
55
57
66
52
47
51
55
52
87
51
76
51
63
46
57
86
63
51
60
49
62
47
94
68
59
50
75
93
80
65
61
83
86
68
66
53
89
96
55
82
71
54
87
37
65
80
50
63
58
62
73
78
77
51
67
82
87
62
63
40
50
58
51
64
82
74
75
45
62
47
56
62
111
86
61
34
51
53
74
42
62
58
75
39
71
83
60
34
60
50
52
44
72
40
71
60
55
53
44
64
96
45
55
91
62
56
32
70
33
52
63
69
76
64
57
57
81
94
40
58
41
60
78
63
51
77
54
74
84
83
60
46
41
84
84
81
66
51
81
81
90
62
61
66
70
75
102
96
66
69
55
67
60
47
40
68
86
46
65
67
57
44
63
64
80
32
84
50
77
58
42
69
60
63
84
61
55
65
59
66
54
47
67
58
71
85
59
58
69
66
48
47
74
46
66
41
69
74
72
71
34
38
53
67
60
46
48
63
57
45
60
50
63
57
66
67
56
113
37
37
74
50
40
65
63
51
69
66
54
95
76
42
51
63
64
47
51
57
49
59
56
54
61
64
82
80
60
56
59
78
75
74
35
49
46
64
79
38
37
62
45
59
72
46
52
51
55
84
36
36
77
39
79
74
74
69
49
39
69
71
72
40
38
39
27
68
57
85
56
44
76
54
58
45
68
74
81
58
97
59
49
72
79
74
68
39
88
75
41
70
64
46
57
26
47
47
48
65
31
61
75
67
57
54
52
33
69
76
61
65
59
85
71
59
64
54
55
86
59
51
83
53
52
33
56
72
28
55
92
76
53
55
52
61
42
83
59
89
43
82
72
60
41
53
62
68
58
50
54
66
75
63
53
51
58
54
38
63
53
29
43
58
60
58
50
57
75
72
68
60
57
56
76
85
41
66
65
61
66
83
59
52
57
50
61
66
72
89
71
68
51
56
34
40
62
56
49
70
30
61
59
64
59
30
52
82
54
51
45
53
57
42
69
69
59
47
52
72
59
47
49
66
70
61
62
66
69
82
50
68
35
54
48
41
85
50
62
65
56
68
52
84
64
55
45
46
65
43
76
75
64
92
83
42
74
60
69
49
37
40
87
54
53
62
80
61
81
49
73
55
55
73
62
82
75
69
66
65
54
52
50
68
42
61
38
47
