-65
-41
-36
-62
-56
-45
-33
-22
-55
-40
-37
-41
-47
-14
-31
-44
-64
-78
-39
-38
-57
-39
-56
-49
-60
-43
-62
-60
-51
-60
-69
-42
-53
-8
-34
-42
-45
-17
-37
3
-45
-54
-47
-58
-13
-29
-44
-37
-8
-56
-52
-9
-69
-50
-24
-43
-79
-25
-45
-61
-49
-46
-54
-1
-60
-37
-41
-40
-47
-52
-57
-47
-44
-54
-6
-74
-44
-12
-57
-54
-44
-24
12
-31
-15
-9
-60
-29
-30
1
-51
-48
-53
-35
-62
-25
-44
-45
-26
-60
-10
-31
-44
23
-21
-17
13
-41
-27
-20
-44
9
-7
-20
-4
-31
-13
-46
-35
-47
-50
2
-16
22
-31
-31
16
-15
-26
-23
11
-48
-72
9
-5
-8
3
-38
-27
-2
7
-18
-30
-12
-1
-17
-27
-18
3
-13
-39
-2
9
2
-42
-2
6
-45
6
-20
-39
5
28
52
0
-9
12
-3
-2
48
-6
21
-7
33
-8
2
23
-17
-39
34
0
12
8
-11
1
-17
-9
-1
7
-10
0
-38
-29
-18
-7
-4
-9
-2
5
-13
21
8
-5
-19
36
-17
22
-28
1
-28
3
3
-28
14
-39
22
40
5
15
-38
6
-26
-16
19
37
31
-20
-29
-16
-39
-24
-29
-27
-49
18
17
29
-25
18
-13
23
-34
-1
13
-23
-19
7
-21
7
-10
7
-6
-11
65
-47
-1
27
11
0
6
-1
7
-4
-2
0
47
14
80
-3
19
10
-2
-11
-9
-30
42
5
-13
6
-14
35
-8
13
0
-19
26
-35
-5
-20
15
31
9
-23
0
-9
25
41
24
-33
-2
26
-3
53
62
17
-6
-6
18
-21
31
38
23
8
6
-3
-5
-7
47
-37
-10
20
-13
53
6
21
19
24
-39
42
26
34
-13
-29
53
-30
39
-20
34
-1
37
48
34
26
-2
38
7
19
46
61
17
69
2
18
2
34
12
50
-25
40
27
65
23
56
23
28
24
54
-7
46
21
-2
7
20
-24
52
-3
36
2
24
68
-8
37
43
27
-14
50
-8
69
54
79
51
-4
-25
43
32
12
90
15
9
57
20
50
57
29
-26
-18
46
45
-24
45
69
11
-4
8
77
-6
-25
19
-4
49
43
20
71
25
22
58
78
7
1
37
40
0
-8
42
0
37
89
-12
20
70
19
5
54
35
93
38
11
16
68
56
52
31
47
35
24
56
10
25
40
8
33
63
54
67
74
116
2
29
54
25
82
42
-3
61
44
69
13
12
7
11
54
47
16
60
40
75
0
72
5
66
20
12
51
54
44
72
60
31
54
75
23
118
-8
31
46
77
-24
40
11
96
26
21
26
65
2
27
-32
22
15
55
-10
39
66
23
-35
26
70
1
49
15
54
58
11
25
95
23
61
9
-25
40
60
41
63
91
101
0
45
14
101
-2
114
32
72
49
71
89
65
40
23
74
10
32
14
2
20
98
61
-19
92
22
60
32
45
36
29
53
113
34
91
96
40
24
0
42
32
23
22
54
-3
79
38
19
42
92
84
93
68
29
17
46
17
94
57
59
71
72
55
25
68
61
32
104
86
52
35
35
85
15
59
47
34
30
13
90
29
-7
46
54
-20
15
56
86
42
69
29
114
29
38
33
68
60
56
52
21
3
106
92
42
24
49
93
43
62
81
16
42
55
49
63
70
115
94
68
56
31
34
15
29
99
44
27
55
56
100
38
54
51
63
45
65
-8
97
105
85
64
59
89
84
62
58
116
60
97
2
96
40
37
78
121
58
9
85
62
38
89
46
59
105
13
27
74
19
35
42
107
105
74
16
54
70
78
90
24
122
57
25
100
130
37
67
91
116
23
31
67
107
65
105
110
41
127
81
91
103
4
48
94
62
67
87
76
67
77
35
73
113
-5
40
79
109
62
71
27
63
72
82
-20
3
15
66
62
53
92
54
71
112
53
55
119
85
81
63
88
84
32
130
46
91
84
71
94
74
-5
85
96
26
47
47
84
56
102
43
40
23
36
99
79
95
75
61
9
145
48
24
80
71
24
60
66
89
68
92
37
42
41
67
59
52
72
23
60
86
18
45
78
23
99
48
50
-18
20
46
105
44
45
77
59
74
72
20
39
65
102
19
72
32
108
76
74
61
22
58
66
84
78
66
89
57
50
36
114
26
13
42
147
23
22
95
80
64
-16
25
101
113
74
33
47
90
98
88
127
49
51
68
72
67
71
28
68
113
87
61
57
37
73
99
128
69
-15
27
64
70
-14
52
35
41
44
39
36
43
39
26
41
71
4
49
63
64
94
67
47
103
6
70
28
73
61
47
16
41
33
2
64
55
66
65
117
18
116
-13
44
69
47
103
66
42
29
121
50
63
50
56
94
88
33
84
130
23
37
31
91
65
41
69
35
55
50
18
110
75
44
119
27
-19
9
-8
77
98
8
46
112
49
79
113
81
54
72
30
239
41
89
-3
31
53
51
111
59
16
114
97
90
90
114
9
36
54
43
80
135
57
26
63
13
36
51
42
-1
45
38
26
64
30
101
150
72
66
95
36
25
97
67
28
59
52
64
52
68
104
46
75
33
45
132
46
68
91
60
49
29
56
53
75
41
96
52
99
91
15
112
70
95
24
44
37
62
-4
-3
77
38
37
110
68
79
59
48
96
68
54
46
4
46
93
66
45
123
82
76
80
133
26
10
46
94
82
109
5
30
61
62
-6
80
92
-16
102
96
45
80
53
24
29
52
86
72
54
68
96
57
-13
47
23
135
21
42
4
15
73
64
100
94
41
32
17
93
32
105
63
59
106
34
97
93
81
52
12
113
45
13
-5
37
61
11
48
65
97
70
13
149
117
69
57
82
7
28
66
88
39
39
45
42
36
71
59
25
56
87
71
34
99
9
-3
101
107
29
77
105
55
75
30
19
33
86
74
21
87
13
36
77
43
44
3
76
38
114
43
70
27
86
10
9
16
36
52
73
-30
58
54
122
-8
115
-1
24
103
-5
72
89
26
69
117
102
32
74
67
72
102
27
94
37
82
15
77
-1
97
54
22
82
40
44
25
55
28
57
89
91
48
87
93
52
50
77
8
35
126
59
67
19
75
48
86
13
37
70
37
33
51
71
-1
108
40
38
82
47
71
80
100
89
29
108
107
26
6
68
80
63
95
37
96
80
43
59
18
31
80
42
42
92
66
7
54
65
50
48
73
106
61
15
85
30
110
59
41
33
18
68
57
11
62
83
13
-15
16
7
119
61
106
84
39
12
52
73
21
48
83
28
41
42
12
74
17
108
52
35
-2
57
38
38
68
18
30
21
70
53
0
28
45
58
75
93
6
123
110
99
48
83
53
61
29
27
92
33
20
80
71
41
45
101
10
74
29
61
32
71
84
48
105
28
65
50
-3
65
159
10
29
77
-4
45
59
50
105
41
90
42
49
42
92
67
56
-20
111
28
49
-4
35
54
29
7
140
57
78
69
28
74
81
53
16
2
59
56
103
0
11
90
82
113
94
47
89
110
51
73
63
29
33
30
88
41
120
56
108
42
108
58
27
63
12
-7
26
72
52
41
44
71
82
68
33
40
28
26
-4
14
59
92
33
100
73
10
59
100
18
105
96
26
62
42
108
72
64
48
100
65
81
68
77
64
92
56
43
56
60
74
73
67
46
-4
60
87
75
80
63
15
145
106
72
64
61
62
64
68
18
34
45
22
82
135
46
96
36
50
78
28
87
52
104
71
89
38
98
101
97
53
4
61
99
88
95
48
39
96
95
10
107
3
29
53
69
44
74
30
97
80
64
31
109
59
53
62
41
16
40
91
78
75
90
21
35
64
106
30
73
86
39
76
100
37
30
87
46
58
3
42
21
65
19
72
37
6
52
64
74
79
122
100
5
87
80
27
-2
67
62
56
-8
3
73
16
84
62
97
51
93
2
27
79
71
77
23
46
71
98
73
92
125
36
21
14
37
-7
57
40
14
56
83
67
92
26
145
34
30
83
93
62
88
102
88
83
47
39
94
71
0
89
18
71
72
52
49
98
51
99
25
30
38
63
104
25
2
26
115
25
103
109
56
34
32
16
80
34
83
16
29
61
128
119
81
42
10
57
30
62
60
85
99
20
53
58
-1
71
38
124
83
58
97
67
12
50
65
75
68
122
44
64
43
33
77
69
23
92
37
56
33
62
15
69
122
88
56
90
67
84
87
25
49
31
5
59
11
43
77
65
89
56
120
93
70
84
69
58
12
67
28
73
8
37
98
78
45
60
84
70
-7
-9
50
69
84
74
6
27
147
81
31
71
37
-12
50
77
58
90
45
58
26
55
28
82
74
107
59
87
-18
56
39
120
50
57
41
64
35
59
65
21
60
34
55
96
81
6
55
77
49
40
108
-25
99
117
83
41
71
68
72
64
57
73
28
16
10
16
61
70
3
74
56
45
27
39
58
0
60
70
45
24
28
110
-2
40
49
47
91
95
75
63
41
82
71
57
94
44
36
-10
84
89
72
100
13
92
64
63
90
79
28
7
63
110
104
9
79
45
52
45
72
55
67
19
60
31
4
65
30
73
80
39
82
64
61
53
74
80
74
107
79
105
66
63
81
61
44
162
46
95
16
99
105
40
-3
44
111
116
58
44
94
117
78
88
106
91
98
86
44
87
11
96
83
78
29
7
63
68
18
105
54
-27
76
31
103
63
58
75
59
49
57
134
17
40
75
140
70
22
83
133
28
68
90
50
73
82
73
109
59
50
45
-12
18
60
74
117
60
49
12
18
68
103
116
23
24
78
5
81
10
19
61
89
47
76
47
79
-4
80
121
97
39
91
48
80
104
79
68
90
55
95
49
40
-5
55
58
127
83
33
98
105
82
56
107
88
87
33
47
83
24
89
84
60
30
28
93
102
78
81
75
97
49
115
97
19
93
21
98
66
117
66
75
92
81
26
52
9
42
27
82
70
33
103
40
47
106
-3
30
57
52
103
56
99
85
20
80
86
28
71
82
70
-8
93
61
10
23
91
32
10
72
114
63
56
-23
19
14
51
3
59
76
85
21
24
61
94
60
32
61
39
55
52
75
-2
48
61
-6
16
91
84
49
45
67
60
37
28
46
79
61
64
59
68
115
34
64
51
62
26
30
3
91
105
27
42
72
64
65
46
20
34
89
158
53
24
46
66
30
84
109
19
60
60
28
86
3
92
83
53
50
61
69
78
29
100
56
19
51
105
61
36
42
-2
89
53
48
60
49
60
56
93
53
49
5
80
73
79
25
77
51
68
78
58
110
89
80
67
84
74
93
-5
112
42
81
108
51
108
68
32
41
42
51
108
121
97
34
79
77
118
99
13
50
79
40
34
72
88
111
68
37
24
47
76
76
101
159
66
77
71
38
81
36
25
82
104
66
103
132
74
36
56
86
10
70
119
85
45
50
45
45
44
81
61
70
103
86
54
21
65
87
12
23
70
43
110
91
92
21
102
24
40
72
5
21
91
56
66
102
42
47
123
88
39
105
53
56
79
45
14
68
134
50
56
118
49
21
88
61
98
138
0
113
100
53
82
32
-22
81
61
47
122
79
44
35
96
72
49
40
61
98
97
65
20
61
61
85
95
83
40
68
109
62
70
43
126
11
24
99
44
42
44
75
58
60
146
52
79
14
92
98
57
85
39
58
23
57
27
73
52
65
52
19
34
32
90
56
43
97
73
105
35
75
64
74
50
14
72
49
156
76
19
90
21
54
91
37
103
57
31
32
-13
54
8
48
66
61
90
96
67
39
14
59
82
83
64
92
43
89
86
40
83
44
31
73
74
5
80
22
14
73
62
27
83
-3
51
136
38
36
5
62
110
116
12
42
-9
-14
2
55
102
80
77
93
27
29
97
-12
21
95
93
5
119
49
60
30
104
84
91
13
78
14
53
98
40
60
65
38
47
16
70
48
0
65
51
78
69
44
99
32
15
79
46
61
76
87
86
52
88
84
33
99
16
7
37
15
-9
0
114
60
6
13
189
72
63
69
41
90
17
100
82
82
43
133
119
65
40
51
108
49
24
62
116
104
79
72
132
37
75
22
32
32
8
8
90
129
69
110
60
65
84
67
116
84
62
43
111
65
42
53
43
87
61
99
61
51
46
50
70
58
21
46
36
46
57
9
24
89
81
72
83
87
44
105
41
72
89
48
46
108
-7
46
16
93
59
58
78
41
69
49
77
97
57
-15
0
52
87
28
50
82
51
59
55
33
41
34
87
15
97
63
61
30
73
101
49
105
16
60
41
60
77
20
72
100
40
94
34
75
74
42
5
48
34
63
94
55
100
-1
110
21
106
26
88
59
71
83
29
61
76
71
70
46
20
74
43
70
46
48
44
25
