-60
-41
-41
-64
-65
-28
-20
-30
-58
-46
-43
-56
-52
-41
-30
-25
-48
-61
-47
-40
-50
-49
-33
-46
-55
-49
-48
-56
-47
-44
-31
-35
-34
-29
-35
-23
-24
-29
-26
-63
-53
-45
-67
-46
-16
-37
-41
-32
-47
-41
-50
-41
-35
-43
-38
-27
-57
-18
-49
-34
-39
-28
-30
-44
-22
-37
-9
-34
-35
-41
-31
-29
-33
-35
-41
-24
-31
-27
-15
-29
-29
-41
-19
-41
-37
-15
-29
-19
-35
-31
-43
-47
-17
-28
-34
-19
-28
-41
-13
-33
-11
-22
-12
-40
-11
-22
-21
-23
-11
-28
-17
-21
-17
-10
-16
-12
-7
-16
-14
-11
-38
-15
-5
-9
-25
-12
-34
-2
-8
-11
-17
-25
-14
-7
-23
-23
-3
-25
-23
-6
-27
-5
-13
-16
-36
-5
15
-31
-16
-13
-9
-5
-6
-24
-32
-8
6
8
-8
-6
1
-15
-8
-17
32
-9
10
-13
-10
-1
8
-11
-7
-7
-19
-16
-14
-5
-15
5
-14
-1
13
9
0
-1
-4
-20
0
3
-11
-4
6
-11
2
3
9
5
9
2
6
3
4
5
-10
-9
10
16
16
21
-27
-14
19
-14
8
-15
10
12
6
-3
-3
-6
-5
14
-4
5
0
-6
7
8
4
10
0
6
-5
1
3
-17
11
14
-1
2
3
17
13
1
9
52
7
10
4
9
8
11
32
-1
19
9
-3
-6
0
27
19
18
43
1
30
5
14
12
3
3
-3
18
19
5
-4
1
14
-2
8
22
9
15
26
9
6
18
12
2
17
7
5
20
3
27
12
7
-1
25
9
-6
19
14
13
15
20
-4
11
35
23
0
11
14
37
9
14
23
27
-3
17
37
7
18
28
9
11
24
24
21
10
11
21
8
-7
10
1
12
23
33
3
27
11
41
31
26
28
9
3
40
21
26
-10
10
31
26
42
22
39
23
43
35
22
22
4
7
-9
35
5
22
21
5
22
37
-1
1
11
18
21
40
32
19
-3
14
24
15
-7
34
9
25
29
21
38
34
23
45
21
14
44
38
15
3
42
41
3
27
25
29
13
5
32
17
15
11
17
22
23
25
15
33
29
31
1
22
8
57
18
38
26
33
18
11
23
11
44
17
17
19
28
16
16
21
29
19
14
17
7
17
35
33
32
22
34
51
44
42
38
0
28
13
46
31
17
44
13
22
25
17
31
37
52
45
32
14
2
25
52
28
17
18
33
52
34
44
25
33
33
18
23
58
30
5
29
31
19
26
59
38
14
14
26
46
9
50
78
22
28
26
54
15
56
16
19
15
23
33
37
31
19
29
32
10
43
37
21
38
23
30
25
36
12
35
42
30
36
30
36
57
35
28
44
31
15
24
22
62
44
50
19
14
7
29
25
51
37
23
25
30
25
21
14
9
24
47
48
39
57
19
24
18
23
20
23
51
56
32
15
33
45
48
43
35
42
9
44
26
37
33
31
73
57
36
41
17
40
60
44
15
40
22
48
37
37
58
24
68
36
31
40
39
27
43
41
40
46
50
51
66
43
34
41
54
24
41
34
53
34
61
35
61
21
36
29
48
33
53
38
43
43
62
45
30
30
22
52
66
36
42
30
46
41
30
19
30
17
45
33
37
31
57
59
22
36
40
29
43
57
63
56
49
40
29
34
52
21
60
46
30
66
51
43
46
35
19
36
64
72
24
50
46
28
28
41
38
30
53
40
41
46
49
52
54
54
58
54
55
28
34
52
34
40
41
39
54
50
60
58
47
20
55
53
68
35
41
27
26
38
36
66
41
17
21
17
54
26
65
70
50
36
41
34
26
25
33
63
60
21
45
68
56
19
53
24
28
35
35
65
47
53
63
37
15
54
77
34
49
44
43
29
21
31
20
59
43
48
60
47
38
45
44
24
7
40
63
40
45
28
48
56
71
63
38
51
51
31
46
9
61
21
36
31
37
18
74
61
46
51
50
65
38
39
38
57
35
86
43
19
26
44
46
41
53
43
33
37
15
20
48
42
37
21
65
28
61
23
49
46
55
31
28
72
31
71
47
24
33
54
45
43
40
26
44
45
26
52
35
42
91
28
16
58
29
76
48
63
38
37
40
45
40
57
61
45
29
51
55
35
61
29
67
62
49
54
34
37
34
46
51
40
32
37
54
44
18
42
48
49
31
51
38
101
59
38
35
24
28
50
46
56
59
64
63
48
71
22
48
27
52
45
59
35
47
71
22
40
36
37
49
55
27
35
45
51
55
40
43
50
33
47
33
36
68
46
50
38
50
58
22
43
44
28
47
44
50
73
42
59
43
52
51
50
33
29
30
44
54
61
55
23
58
54
51
52
68
91
82
38
44
37
52
26
63
54
33
28
47
54
52
54
26
49
46
40
35
56
31
45
30
48
45
57
48
53
44
48
47
25
23
57
68
49
35
68
49
43
36
54
53
66
30
54
50
47
30
60
53
43
35
42
25
44
66
28
55
44
73
56
52
46
51
66
76
66
45
32
53
55
49
58
42
47
57
55
69
49
50
75
27
57
85
33
65
50
47
56
51
37
55
47
48
63
27
56
38
38
47
61
49
21
41
68
56
73
54
43
29
52
47
67
61
69
34
43
71
53
50
48
1
45
35
41
43
47
56
60
66
77
23
30
61
41
59
56
76
29
45
55
45
22
70
45
46
39
35
30
41
35
66
34
50
40
74
72
37
61
65
44
45
42
79
50
33
61
43
72
30
49
72
55
54
61
55
59
67
55
55
60
59
68
38
46
32
46
52
35
35
104
42
60
63
46
44
35
74
52
71
37
39
65
53
95
53
61
31
53
54
58
62
74
63
67
32
62
77
53
54
68
72
75
62
44
69
33
58
71
48
59
70
55
62
33
69
48
54
46
78
64
68
63
22
62
71
65
61
59
52
86
63
60
64
43
62
72
49
49
47
86
68
49
54
106
69
39
40
70
52
51
53
53
86
25
35
34
38
56
59
66
45
61
68
69
69
72
48
92
72
66
74
68
30
91
45
57
87
75
36
73
72
60
50
54
71
44
55
50
86
65
32
65
84
55
27
76
73
86
73
52
77
45
46
68
54
49
64
65
46
59
55
77
65
47
55
49
42
66
43
49
64
46
59
30
62
48
77
83
43
51
61
62
53
48
81
78
82
59
50
57
18
63
58
53
68
50
74
74
52
54
81
69
52
73
80
44
83
87
55
58
63
72
88
56
46
51
70
35
54
51
44
82
60
55
59
59
53
64
49
47
67
54
56
48
