-70
-30
-43
-63
-57
-11
-42
-36
-71
-62
-40
-55
-62
-52
-22
-75
-19
-34
-77
-13
-52
-50
-47
-25
-41
-23
-48
-72
-30
-63
-56
-37
-4
-18
-27
8
-29
-21
-56
-67
-38
-61
-72
-29
-10
-56
-38
5
-61
-35
-22
-42
-4
-40
-26
-43
-61
-4
-44
-18
-37
-26
-18
-46
-47
-41
-17
-29
-37
-11
-24
12
-27
-62
-55
-4
-19
-21
-2
-46
-14
-42
-8
-51
-49
-31
-32
-39
-26
-30
-30
-33
-9
-5
-30
-12
-38
-48
21
-72
30
-33
17
-29
-21
-38
-49
-15
-13
-35
-7
-41
-14
-19
-24
22
-13
-46
-11
3
-37
-20
-17
-37
-57
-4
-45
-15
-16
3
-16
-35
-11
-32
-23
-27
-37
-19
-28
-48
-28
6
-4
-33
-5
-10
13
-13
-24
-47
-37
11
-11
-18
-43
-43
-6
-23
-16
-12
-18
-30
-39
-19
44
-43
42
27
-14
-42
50
-10
-36
-20
-34
-25
-18
-29
-1
-7
13
-34
-10
-44
2
-2
-23
-14
7
-3
-45
-41
-17
-45
-6
-9
41
-11
-4
22
-33
2
36
-17
-24
-9
-27
-10
-38
5
-11
-31
-9
8
45
0
-3
17
-52
-27
-46
-46
-25
-22
7
-1
-8
-28
-27
-5
7
38
-54
-48
-27
-50
-5
-52
-18
-12
-30
5
5
26
47
-35
-7
69
46
2
-23
-23
-21
24
8
-14
34
19
3
16
-27
88
-1
25
82
23
68
13
43
10
-13
28
-8
-8
-19
-9
-33
-25
7
25
-7
-12
-31
-1
74
45
-27
41
11
20
17
-7
-11
3
6
42
12
1
33
37
3
-28
3
20
5
-18
-21
12
-12
11
-22
9
-5
-5
9
35
13
82
20
5
-11
57
-15
26
-21
3
32
31
18
3
-28
28
15
-23
-41
25
-13
30
55
65
-5
44
11
31
42
-15
33
32
-52
16
-5
22
-31
12
-5
28
36
61
38
27
31
59
59
24
20
-2
-37
58
-6
4
-16
-15
51
12
-1
5
-9
-6
-14
54
56
-33
-7
-1
-23
-12
-19
69
4
12
38
48
34
11
13
65
19
36
39
32
-34
-18
71
68
0
-2
35
37
11
70
14
5
1
6
44
0
0
4
25
19
18
79
-44
8
-34
17
-14
62
7
15
19
15
-10
9
50
-21
11
-19
41
9
33
6
20
21
38
8
46
13
30
73
24
7
54
75
18
37
9
-46
37
29
54
46
23
25
6
26
30
-14
48
41
8
58
27
3
-2
-17
44
9
51
39
29
57
63
103
-23
57
25
43
30
24
72
-25
109
17
32
-13
109
26
-19
33
48
25
-11
60
53
11
98
22
48
46
19
23
19
0
-21
64
24
23
61
-2
16
30
-4
48
9
30
31
36
6
38
0
30
-19
-12
30
18
47
40
52
22
18
36
-8
21
-15
11
50
0
33
11
-24
25
12
49
10
24
4
-10
14
3
31
16
28
32
102
44
51
15
26
63
18
5
21
59
47
-16
0
33
4
29
2
58
44
30
92
-13
53
0
66
80
31
43
92
25
17
108
56
50
66
28
-12
93
64
49
-15
59
16
7
68
40
25
15
19
22
25
103
75
1
85
30
47
69
71
55
23
12
74
54
-9
63
54
11
70
10
58
42
42
84
46
33
40
-2
17
25
-7
84
13
63
2
101
57
85
40
14
20
27
60
73
0
105
52
9
25
3
18
38
51
40
33
12
5
13
-14
15
-19
82
22
88
21
45
39
36
58
10
8
25
44
46
24
86
-7
19
20
43
49
85
7
15
-12
82
47
66
86
99
64
35
23
29
94
40
57
10
78
90
-10
67
32
11
25
82
17
82
67
65
-17
-2
42
40
83
-9
33
43
13
56
77
77
60
13
34
56
54
53
6
16
84
90
38
59
77
54
-8
46
-18
52
30
50
107
86
100
40
-22
-23
33
47
3
73
-12
55
104
12
28
24
6
92
100
63
25
53
-4
57
48
16
39
3
59
-28
19
63
30
91
21
23
70
-17
43
88
-16
82
7
97
62
-31
33
48
99
18
42
113
67
25
8
99
124
69
113
17
5
13
59
53
85
25
19
66
72
4
32
53
50
26
38
19
22
83
39
30
60
19
21
65
93
0
24
75
26
32
82
55
30
23
-6
50
48
7
21
31
-2
208
7
-27
36
40
35
50
44
-11
9
80
37
14
8
35
37
5
42
80
28
79
44
47
42
90
58
22
68
14
50
65
106
69
77
64
65
-39
53
64
63
19
27
13
98
81
42
9
-11
13
42
32
87
64
50
70
64
86
23
42
30
46
47
94
55
7
78
31
15
-26
30
44
55
55
-4
25
15
36
62
35
38
61
58
2
47
24
-27
72
-3
10
66
-20
52
53
49
74
16
4
12
34
41
-4
73
49
61
-17
3
26
2
5
76
43
-13
51
35
37
121
76
92
47
-7
29
25
32
19
47
31
56
49
19
38
5
24
-30
112
-6
66
37
61
32
61
46
24
14
35
37
6
38
51
39
23
-3
2
28
28
28
80
43
87
8
99
29
-7
-3
86
23
51
14
91
2
32
35
1
-8
114
54
15
9
26
63
-54
60
56
42
114
52
99
38
45
68
28
58
72
22
74
27
74
29
52
67
17
56
26
23
68
71
44
-38
36
42
27
7
25
58
36
7
56
-12
-6
41
18
23
10
30
68
7
92
33
91
28
54
64
125
4
59
33
35
57
36
33
3
17
77
11
86
17
71
71
81
80
75
34
19
107
53
51
61
70
35
37
52
51
-8
87
40
21
6
20
30
24
16
22
44
63
74
52
92
12
-2
97
49
26
80
80
56
6
32
9
52
50
51
94
37
49
60
62
32
111
53
120
69
92
42
18
39
-1
87
83
-15
37
86
53
71
95
-2
35
26
110
40
92
29
-1
67
55
60
57
103
11
7
59
91
55
102
42
32
-3
87
107
61
0
93
61
117
37
70
89
75
100
45
27
68
48
0
93
20
81
29
70
14
56
50
96
87
-23
26
98
65
45
109
14
82
125
77
108
5
1
17
63
2
79
89
64
83
41
83
45
-3
21
60
79
33
35
51
78
12
1
49
24
63
20
36
31
60
55
78
97
58
34
79
53
62
29
61
-11
114
82
14
60
84
0
43
82
44
72
3
115
73
36
22
60
128
16
69
84
10
37
53
57
109
72
45
64
-5
71
56
92
119
65
73
27
55
80
54
62
44
27
50
37
68
-11
8
120
95
31
51
98
41
40
27
118
58
81
58
90
-13
64
88
94
84
113
63
-26
56
92
12
125
19
69
90
35
26
62
116
96
1
44
2
96
97
56
42
46
50
97
78
45
25
78
-15
38
111
24
106
20
54
38
33
64
37
-2
112
75
62
25
17
75
60
-8
87
129
91
51
58
86
65
103
49
93
70
44
23
128
63
83
68
71
69
68
77
99
110
88
19
27
71
100
38
40
69
29
104
-2
91
53
66
115
-5
46
108
53
92
68
77
28
105
14
38
20
42
95
38
17
-4
51
67
83
61
139
143
81
82
129
17
90
94
5
95
42
59
36
49
97
46
23
59
99
101
44
98
4
108
72
56
66
113
51
53
17
28
61
-4
57
87
48
55
52
55
63
97
57
97
72
35
52
25
81
41
68
74
71
48
62
77
73
70
91
87
96
40
99
82
96
9
41
63
58
