-56
-50
-37
-59
-56
-6
-22
-44
-53
-41
-45
-56
-37
-29
-18
-34
-74
-51
-50
-57
-63
-49
-25
-78
-58
-25
-48
-18
-51
-31
-9
-40
-52
-22
-36
-18
-15
-49
-60
-72
-58
-45
-68
-28
-18
-47
-36
-32
-46
-57
-33
-48
-65
-20
-54
-43
-37
-33
-61
-6
-47
-24
-41
-55
-21
-26
-1
-52
-26
-28
-42
-28
-35
16
-53
-47
-82
-5
7
-28
-24
-36
-41
-6
-60
2
-57
-31
-50
-36
-38
-37
-30
-16
-12
-25
-45
-58
-4
-34
-27
-13
-29
-70
0
-25
-41
-3
-10
0
-26
-2
-17
-27
21
-40
15
-21
20
-20
-55
-14
0
-2
-49
24
-50
-5
-33
-15
0
-9
-12
0
5
-17
20
-37
33
-19
-31
-24
-28
-7
-39
0
16
-22
-63
-6
13
-25
35
-30
-45
17
12
4
27
6
-28
-14
-25
-29
56
3
9
-17
5
32
29
-8
-8
14
-14
1
11
7
-7
12
-20
-16
15
0
-5
-2
-27
-67
-15
-22
-8
47
46
-14
-6
32
28
-6
40
-40
22
14
-31
12
-11
-11
44
-28
44
8
-3
14
5
7
-32
-23
1
-30
-9
-25
-11
37
-43
6
-47
-6
-13
31
18
-29
-35
25
7
17
13
17
12
40
15
41
-8
16
-22
-1
62
-2
-21
43
6
25
-26
-5
3
14
22
-11
47
-2
39
-31
-2
21
0
5
0
-9
-30
18
-20
12
-25
1
-5
9
64
19
20
-27
20
2
-1
54
1
16
44
-11
7
19
33
0
7
-8
26
9
-4
34
5
4
-26
-25
-18
12
17
30
-23
12
64
0
0
46
52
16
0
9
19
3
11
-30
23
-23
65
-13
-7
-20
62
56
-7
-5
0
-14
60
-11
37
10
-1
-17
0
41
0
12
30
4
21
37
27
68
-20
-9
4
37
42
48
-6
-2
53
27
28
37
86
48
74
52
23
36
-17
13
-17
31
31
29
37
26
-21
46
-35
20
-36
16
29
86
55
31
-15
46
91
35
-7
67
43
8
61
-13
84
76
3
42
-1
-40
24
18
24
20
11
53
-14
45
11
29
11
-48
-8
30
36
-14
10
-2
17
79
41
4
-13
18
26
22
3
64
40
2
-27
23
5
0
38
14
15
59
27
53
67
33
-2
50
40
3
40
18
-1
29
77
-19
30
30
72
32
46
78
38
20
1
0
31
8
53
43
25
13
52
72
17
55
35
59
54
26
23
17
87
90
6
23
28
8
-6
23
67
0
54
-4
19
72
23
63
40
48
20
6
53
92
51
32
24
94
-22
81
41
27
63
54
37
-7
42
18
51
43
-13
10
73
24
55
65
53
-5
59
2
10
66
33
45
59
21
34
100
91
21
22
32
31
53
40
43
66
-2
46
41
7
56
115
46
63
8
55
22
46
6
28
9
22
78
6
18
0
28
35
74
103
91
10
76
23
-1
81
-7
29
-17
96
92
6
56
27
0
36
30
51
40
37
39
44
22
4
60
66
31
85
56
44
23
45
35
-7
0
64
40
22
42
20
50
7
40
88
33
82
129
40
47
8
30
-4
107
51
6
42
38
-24
30
76
34
63
81
10
50
18
-10
47
53
43
68
45
45
71
72
72
19
26
52
49
84
31
53
63
62
71
76
14
59
-26
74
46
22
67
78
57
13
59
61
27
31
100
58
90
77
51
47
37
32
24
37
61
29
137
89
31
37
-24
67
61
78
86
5
52
55
36
26
60
0
20
71
96
45
46
31
78
63
74
31
77
81
51
-8
78
61
44
90
13
90
56
33
13
48
-29
84
100
100
25
69
38
30
30
56
53
39
11
25
24
21
32
120
106
62
8
3
12
14
18
28
75
66
21
-15
90
25
5
72
26
31
-10
53
32
60
97
70
47
6
17
157
73
19
97
-7
55
57
22
-23
126
13
79
52
-25
16
64
97
30
10
55
125
72
42
-4
36
113
106
62
61
27
66
26
39
68
87
-8
46
20
69
-9
72
25
104
110
56
24
108
30
39
108
65
107
83
39
32
66
91
35
74
33
-18
75
-8
8
94
91
-5
12
81
46
50
3
40
57
121
33
-17
63
84
94
34
39
-37
65
75
61
14
4
-12
3
72
49
26
78
47
6
19
36
17
78
7
81
9
64
24
-11
89
9
-22
4
21
53
58
12
16
18
39
107
18
5
13
4
31
60
63
33
5
25
2
28
48
46
27
7
5
44
20
103
41
16
54
33
32
12
62
78
49
38
74
102
92
33
33
74
29
77
97
44
48
76
37
56
75
39
56
50
3
121
13
94
44
80
13
73
73
71
9
27
95
91
98
108
72
105
74
9
22
64
33
65
50
58
0
47
48
85
73
59
37
50
29
82
66
40
59
24
76
82
95
15
56
103
67
78
70
18
69
70
61
87
34
3
54
77
59
65
68
-40
84
91
44
54
28
38
23
55
66
69
86
131
30
15
62
26
17
62
154
47
49
52
84
45
48
36
56
44
48
48
41
22
-7
82
9
57
8
15
21
91
83
7
95
11
96
88
28
34
105
49
75
67
76
40
68
55
107
76
79
3
37
65
104
104
97
94
5
84
65
43
35
42
76
79
29
134
36
96
106
79
61
80
39
20
50
68
64
20
113
39
39
68
66
19
54
89
11
14
77
38
65
78
82
50
51
-9
20
55
72
-14
28
94
60
58
74
78
-18
48
15
6
17
86
73
29
-17
56
39
80
72
51
21
60
45
17
68
21
22
84
63
-14
89
65
14
69
87
39
84
3
105
47
11
54
48
53
55
-24
102
59
38
66
89
76
58
40
117
86
76
24
33
49
34
37
81
56
58
226
46
71
52
98
55
56
90
42
57
62
45
27
54
96
62
33
42
85
6
2
61
71
56
72
48
75
55
32
70
51
107
75
41
9
50
15
15
60
87
76
108
110
15
63
40
18
88
8
92
81
50
46
42
105
116
28
20
29
22
110
84
110
61
52
85
101
22
34
9
98
84
55
73
47
54
34
11
101
69
100
49
45
81
-19
76
-19
35
116
87
91
40
36
46
79
66
39
109
106
88
104
43
98
50
105
63
100
58
90
32
97
97
64
35
34
31
2
5
128
21
-5
22
43
105
54
35
30
69
113
115
70
56
-2
83
33
67
8
96
58
71
71
58
26
45
28
53
26
12
38
91
17
18
34
47
21
59
26
102
126
29
8
132
107
75
106
150
43
103
3
31
-19
21
61
90
93
72
64
70
115
66
22
49
109
10
201
68
36
70
73
102
23
73
132
97
42
7
67
110
38
53
77
43
31
72
44
39
68
61
94
25
38
30
12
49
80
74
75
61
-15
71
47
40
89
104
48
86
97
33
92
71
19
107
135
38
46
99
4
87
117
71
42
88
94
52
81
22
39
118
53
18
94
26
84
83
39
66
28
42
40
35
125
111
54
41
78
19
57
94
71
72
88
87
144
90
57
45
62
52
27
71
93
-8
89
128
28
75
54
49
70
83
32
62
