-66
-34
-43
-63
-70
-50
1
-21
-62
-48
-57
-52
-65
-51
-15
0
-53
-75
-42
-47
-21
-38
-31
-50
-43
-65
-60
-71
-41
-48
-12
-44
-48
-49
-37
-33
-23
-19
-19
-48
-48
-39
-67
-34
-3
-44
-34
-49
-57
-68
-73
-31
-51
-44
-22
-34
-73
-29
-41
-52
-54
-35
-22
-59
-40
-39
-29
-29
-65
-51
-29
-25
-51
-52
-48
-28
-4
-50
-30
-44
-29
-33
-38
-61
-34
-21
-43
-16
-38
-17
-47
-52
-43
-36
-37
-34
-13
-59
-48
-44
-31
-50
-49
-68
-6
-24
-49
-18
-12
-65
-22
-28
-46
-20
-47
-38
-28
-42
-5
-40
-35
-47
-29
-33
-34
-40
-33
-12
33
-55
-48
-44
-24
-13
-52
-42
2
-31
-74
26
-30
0
-13
-18
-50
-30
-15
-32
7
-38
-38
-18
-44
-11
-33
-12
-39
-14
14
-46
11
-15
-11
-37
18
-12
-27
-30
-45
-11
-5
-28
14
5
-38
-41
-23
-13
-30
66
-34
14
24
57
-3
-10
-3
-24
-18
-13
-22
-41
-5
0
-35
-40
-1
-4
-36
-24
-22
22
1
13
-4
-5
33
55
29
17
-57
-54
18
0
0
1
55
23
10
0
-13
0
29
-4
-25
1
-60
35
39
21
-4
-23
-27
6
-31
2
0
-38
41
-9
-31
-40
-27
-11
-38
11
1
67
-27
24
-13
12
35
31
-7
-12
-14
27
-65
-30
11
0
-19
1
50
5
43
26
27
0
15
25
-26
14
26
-1
-24
-17
17
9
12
-23
14
15
-28
-12
34
6
-32
-36
-1
11
34
19
-4
13
38
1
-11
-28
23
-22
-2
-8
4
0
-4
-38
-19
17
12
-19
24
37
20
-33
23
10
-7
7
11
19
7
21
16
7
-23
-24
28
37
6
-4
1
17
-23
1
34
-15
10
17
7
17
16
5
-15
-40
31
-43
-29
11
7
2
-24
21
35
32
76
-6
4
23
11
38
8
12
42
39
12
-9
-7
18
9
35
-7
48
10
-6
4
7
21
-33
-8
16
-15
30
9
-5
-1
-1
-16
18
7
-2
-30
-19
29
27
4
16
41
18
15
-12
10
26
-39
1
22
21
18
18
-3
-2
-23
-13
5
37
8
-21
1
15
-38
0
9
4
36
59
31
29
21
24
-3
6
25
24
45
12
-37
-31
52
28
10
-44
6
-29
4
38
-29
-5
8
46
-43
-33
-5
6
-55
10
63
-9
33
-24
-29
-26
-25
47
-2
9
0
-22
38
28
46
43
-1
43
-33
56
36
-14
22
-20
35
76
7
14
15
89
2
-16
7
167
12
-16
33
33
32
42
-3
-28
-7
-6
-26
16
32
-15
48
11
-50
32
80
-32
49
-35
-31
-6
74
-31
25
53
-3
-1
67
30
12
-2
41
0
-17
30
-4
22
-2
-44
68
21
15
50
47
26
5
68
40
2
28
28
69
90
18
81
-22
6
25
36
22
56
8
41
31
61
67
18
-16
-4
4
29
-30
50
89
-6
55
-8
-5
15
-24
32
22
-45
12
53
72
70
69
17
96
-32
6
-2
26
67
48
52
59
44
21
-4
59
63
71
-23
40
25
54
-19
13
63
-5
68
63
11
62
0
-7
7
37
62
62
-4
54
60
-20
26
47
51
27
8
18
45
-4
85
66
55
7
62
13
20
5
68
25
19
60
81
20
14
15
15
97
89
84
35
8
32
6
5
21
8
41
40
-4
27
50
72
58
16
-3
24
28
31
18
100
13
46
13
28
38
49
31
41
30
-7
91
28
35
51
56
8
64
73
81
8
87
20
39
-14
55
61
67
16
14
45
80
14
49
5
12
41
42
82
31
68
48
18
101
19
26
46
76
48
120
78
14
28
50
100
22
-9
68
5
10
29
76
52
34
51
-2
53
5
79
32
111
64
77
42
-2
33
43
103
39
20
-11
27
77
74
62
60
-6
39
25
46
11
-10
67
36
28
109
19
37
20
53
3
-18
-7
58
0
39
32
-16
64
68
45
65
55
7
5
-6
71
16
79
93
84
63
11
76
69
59
49
39
30
4
21
65
-11
-13
23
74
48
39
-2
19
19
92
-22
64
33
-7
-12
97
56
25
24
-11
61
40
72
67
106
9
67
56
-10
22
28
54
75
25
50
17
53
59
26
23
21
85
34
112
70
30
75
52
35
41
62
7
41
81
7
97
-2
19
85
78
-22
40
33
93
128
33
67
29
13
45
17
69
147
109
68
51
46
0
97
-2
69
58
53
83
44
17
41
40
53
21
38
32
28
32
42
62
35
44
81
79
73
88
-2
24
49
31
18
59
55
47
81
99
42
17
66
39
37
9
36
84
10
27
102
106
33
104
49
53
79
76
51
108
26
36
64
68
45
55
13
24
67
25
75
75
68
17
37
58
46
94
81
-28
48
71
25
117
72
99
38
24
51
52
112
72
2
62
82
57
90
53
72
44
33
80
103
85
217
73
98
28
73
12
118
65
9
13
85
43
101
95
30
66
47
31
29
8
39
85
-16
119
73
69
23
14
117
31
29
11
81
70
25
70
31
81
34
-12
6
6
49
116
13
24
62
107
64
31
75
93
54
64
52
-2
33
65
67
106
70
96
27
83
84
93
41
58
-3
3
77
55
31
55
39
88
89
63
49
26
46
93
31
-22
97
15
87
57
97
79
97
37
82
76
38
55
19
35
15
63
19
87
64
48
-30
58
65
63
70
78
10
41
66
53
73
102
29
38
79
8
93
74
20
-11
58
54
6
25
72
45
62
6
21
17
78
44
81
36
22
56
98
40
61
23
105
58
70
77
77
33
-10
90
113
-4
60
-9
65
97
98
111
47
16
66
48
65
21
60
75
77
96
-6
93
113
53
52
37
46
50
83
30
22
44
33
38
32
87
49
36
27
53
-17
99
42
47
88
-19
33
21
0
94
25
53
83
41
57
107
19
67
29
104
107
120
123
73
100
56
14
36
83
28
82
75
59
61
124
19
53
24
84
86
40
42
57
37
64
21
-4
99
38
83
27
67
42
22
80
105
4
78
121
24
0
87
0
47
43
63
77
67
13
66
44
61
52
-8
35
96
133
87
42
42
29
84
22
61
74
56
19
71
56
46
12
54
68
73
86
55
60
90
23
104
61
31
75
46
51
8
29
75
54
73
74
74
57
45
56
109
134
57
61
23
108
91
8
80
88
96
-8
63
66
39
120
64
76
81
10
135
64
45
52
50
-13
44
13
94
63
47
51
78
51
40
67
124
10
61
30
83
26
19
80
142
80
4
54
79
-27
15
60
54
78
38
19
97
61
88
59
101
92
67
69
45
2
86
42
77
22
55
75
62
107
57
38
87
53
80
117
22
42
39
42
18
29
40
85
65
84
29
74
107
30
133
40
73
86
77
67
58
89
22
84
81
89
63
119
66
104
63
44
31
60
110
69
83
56
78
74
63
8
58
65
64
77
95
57
9
28
-2
62
131
47
32
51
49
134
51
118
16
63
29
35
72
110
56
36
53
60
49
-9
72
94
66
102
56
90
98
17
74
116
61
52
36
89
94
17
22
82
51
79
45
59
74
81
67
45
4
37
66
26
46
103
71
85
72
67
69
98
86
50
47
43
61
26
79
44
109
88
99
114
85
104
106
86
-3
113
57
81
65
71
106
34
102
67
136
64
46
108
52
16
51
-1
90
56
62
63
102
