-45
-51
-46
-65
-59
-17
-35
-25
-67
-35
-41
-56
-42
-31
-68
-11
-49
-74
-14
-37
-70
-42
-26
-54
-69
-56
-49
-70
-33
-51
-42
-14
-17
-41
-62
-41
-27
-48
-1
-67
-60
-41
-68
-69
-14
-2
-57
-28
-32
-39
-72
-46
-26
-56
-36
-24
-56
-6
-67
-49
-40
-35
-26
-37
0
-44
-16
-42
-32
-66
-41
-47
-27
-79
-19
16
-27
-74
-24
-5
-39
-57
-34
-39
-33
-27
-27
10
-38
-24
-72
-48
-35
-38
-37
-55
-33
-20
-35
-11
-31
19
-5
11
-60
-23
-13
-50
-7
-7
-7
-34
-10
16
-12
-4
-4
28
-55
0
-25
-35
13
20
38
-4
-38
41
0
20
-32
-19
-38
16
-45
-24
-7
-24
-17
-16
-14
13
-26
-24
-31
-7
66
-42
-18
26
-26
-11
-3
-34
-46
20
22
61
-42
-4
-6
-19
40
6
-5
34
26
-8
-42
20
-20
-1
-17
-6
21
-62
-37
-15
7
-28
-34
11
3
0
-3
20
19
-14
5
28
26
10
8
4
39
-6
-34
-8
34
2
9
-2
-6
7
19
-5
11
-2
22
27
-38
0
31
-35
-1
-42
0
8
31
-1
20
-32
-3
47
12
-25
24
-37
-14
-13
22
12
20
33
21
56
-8
-33
-2
3
14
10
24
54
4
35
36
57
-2
-2
30
5
8
6
36
0
-2
13
8
15
3
44
24
21
27
-28
2
-35
-13
-2
31
-44
-26
30
10
-17
1
18
23
-49
3
75
49
-7
-3
8
-8
-1
-13
26
25
10
-22
2
-16
9
16
-14
-21
18
-1
23
32
15
20
20
47
-3
45
31
43
12
39
20
106
7
17
40
-4
18
-11
32
-6
16
21
24
-35
46
26
40
-12
15
27
5
35
56
-31
-1
29
15
-12
32
-14
73
70
126
13
32
27
19
11
63
14
11
-2
9
32
31
-1
-5
-2
0
-2
-6
-20
-38
-11
59
-19
2
-9
-74
48
-9
38
-13
54
72
15
55
5
43
3
8
5
0
-17
-6
18
66
35
-7
58
32
23
40
14
17
55
52
-9
-8
89
-2
14
11
47
-2
-8
-16
95
15
20
77
-1
25
7
26
-2
55
48
30
-43
27
19
83
2
52
61
17
31
42
-7
0
29
36
69
38
-15
-35
43
17
27
70
-16
44
0
-29
18
46
58
54
24
56
80
35
-2
-1
21
21
84
32
0
62
35
50
5
45
-10
9
89
17
90
-23
-38
57
55
39
-18
-15
35
2
32
62
29
-3
-18
30
11
-16
-19
-2
-33
34
3
18
81
12
30
-34
-5
49
36
80
235
65
24
-14
33
39
92
4
29
12
49
92
20
29
0
35
-3
-8
94
-6
31
-1
13
31
-13
6
-27
3
35
74
56
39
41
75
54
-4
50
5
2
-4
18
63
4
52
4
18
-28
25
48
26
56
-15
26
-19
5
6
11
11
16
45
-3
-8
58
37
-9
3
-2
35
26
76
15
26
7
21
20
54
17
26
26
-18
-3
51
-2
31
23
56
66
17
16
-22
36
34
7
51
17
38
38
13
4
53
77
131
83
43
26
64
8
19
42
43
34
57
40
109
66
59
50
50
37
34
0
64
7
38
21
44
7
20
8
81
26
30
31
13
5
40
17
59
22
6
41
30
2
48
60
35
20
-45
-9
4
-12
58
39
15
28
-20
93
2
46
18
52
21
11
55
66
44
43
9
35
81
-1
19
38
26
56
88
60
45
21
15
34
78
80
17
46
16
-2
9
20
41
-16
50
2
54
64
83
44
74
64
48
6
39
-27
9
-7
30
8
22
73
38
58
95
57
25
12
32
25
25
8
8
24
-4
19
22
65
73
19
-5
10
94
-17
-19
39
51
16
12
41
46
13
16
-16
24
-21
87
42
33
19
0
-5
60
39
45
62
8
21
45
52
5
16
39
49
51
28
82
19
6
15
73
46
36
47
59
91
27
-21
28
5
12
67
61
52
73
-39
37
34
70
117
66
65
104
20
38
1
39
-2
49
8
62
-6
88
35
34
32
-10
70
38
12
-1
19
32
35
23
7
68
83
1
10
38
43
5
10
25
7
28
11
12
-14
86
51
51
58
51
40
29
33
29
84
-18
38
5
-6
86
48
30
48
38
28
69
34
22
42
64
33
41
23
45
43
-1
88
33
90
62
-13
1
66
33
90
59
68
27
22
24
87
71
75
88
55
18
31
15
50
-1
15
27
2
26
32
101
83
51
-2
54
52
17
63
45
130
81
66
28
-4
18
43
30
51
40
62
79
-10
57
-11
34
10
45
-16
67
10
9
47
3
-30
33
21
46
42
-22
-17
40
14
22
1
51
51
8
43
6
49
50
38
9
38
65
0
13
-13
24
59
32
18
41
56
95
55
50
44
18
21
-10
-1
45
20
67
28
20
-4
37
69
-2
0
24
97
33
30
-33
74
43
36
30
37
17
32
23
70
46
50
18
49
60
0
2
89
22
9
35
16
-6
27
31
35
1
76
112
38
13
65
77
47
-6
69
17
72
64
52
73
78
18
49
44
-15
53
54
73
1
23
50
16
8
60
26
26
33
43
116
67
-14
-2
71
73
8
69
33
43
28
32
61
18
-21
100
14
92
10
22
61
5
98
108
29
81
40
8
5
12
-25
63
4
40
48
19
49
83
24
45
51
2
6
51
83
55
72
18
1
3
46
21
43
84
62
1
8
17
87
15
40
-49
24
43
-1
67
-28
39
70
26
140
32
-4
20
36
62
45
105
-34
40
43
48
-8
14
22
38
-8
18
39
53
52
48
-4
32
77
33
38
27
18
53
58
13
31
75
6
72
87
21
78
42
61
16
81
35
36
-4
78
48
74
11
31
54
93
40
8
55
55
49
14
44
67
71
-3
54
87
79
75
76
7
125
33
5
83
60
116
57
40
1
22
87
19
27
61
45
123
96
17
72
63
35
30
42
54
13
59
71
-5
21
80
60
72
70
50
46
44
92
23
-9
75
108
12
96
49
1
69
65
59
70
58
107
63
33
-24
52
14
55
115
32
31
37
68
52
44
66
68
56
20
67
89
34
40
95
82
90
33
88
5
27
-6
67
38
56
47
82
59
84
100
0
77
91
48
97
26
48
106
21
48
133
76
35
102
57
88
5
57
47
10
100
29
92
34
52
97
55
78
23
106
103
90
-4
37
96
52
14
50
27
-7
45
90
39
13
32
116
97
64
80
43
43
83
30
32
113
-7
126
-44
26
66
60
29
3
95
40
32
86
90
69
93
30
97
20
59
-9
64
35
56
20
124
43
74
109
56
195
30
119
13
82
41
46
97
41
44
17
22
83
44
52
3
-7
42
54
34
20
-18
41
60
68
66
67
39
87
-9
60
82
74
37
25
97
21
-19
43
36
95
30
66
22
51
25
79
47
112
67
79
56
63
50
17
67
79
119
40
86
2
12
16
47
25
55
97
49
98
63
113
5
75
50
47
62
43
88
6
90
48
96
47
61
8
47
45
27
85
17
80
97
25
97
91
66
126
33
93
-33
46
48
49
26
110
50
47
87
37
81
49
82
80
67
102
59
62
-4
39
39
31
35
17
58
23
29
40
31
39
30
89
28
62
86
115
33
39
13
11
24
30
59
27
91
16
87
83
11
9
87
57
71
65
89
56
50
46
29
114
72
58
19
94
73
123
47
72
71
28
93
71
57
15
44
18
66
67
29
9
83
55
97
43
21
104
