-64
-42
-39
-70
-83
-58
-4
-26
-37
-45
-35
-61
-57
-42
-27
-6
-48
-74
-53
-46
-46
-68
-38
-26
-66
-78
-37
-53
-82
-30
-39
-44
-49
-19
-13
-32
-30
-11
3
-64
-63
-43
-64
-72
-36
-36
-43
-58
-43
-7
-54
-39
-32
-58
-54
6
-62
-18
-33
-48
-18
-24
-47
-26
-3
-36
14
-22
-15
-53
-20
-61
-28
-2
-31
-60
-26
14
-28
-22
-39
-37
23
-48
-13
2
11
-19
-27
-49
-31
-67
32
-46
-57
31
-15
-23
1
-7
2
-36
3
-45
32
0
47
-32
-13
-37
-23
0
0
0
-22
-2
-6
-1
-20
2
-39
39
5
3
-25
-39
-5
-19
-24
-12
9
-20
14
-6
-3
-9
5
-16
-30
25
-33
-21
4
-2
-56
18
-2
-48
17
-1
40
16
-11
-28
6
-25
44
15
-25
22
50
0
-6
-10
48
-31
2
-38
43
-4
-13
-10
11
-29
-31
46
-4
24
-45
-16
3
16
34
32
9
-12
12
17
18
26
-6
4
-2
-1
19
40
13
55
12
52
57
-20
23
11
-30
-18
-8
65
24
49
-28
-3
51
-54
31
-11
1
42
53
34
35
9
17
47
29
59
61
-34
20
67
32
-1
56
26
-2
-17
16
-4
23
51
47
21
37
18
-8
0
36
25
12
2
52
57
17
-16
103
30
32
-8
0
-1
19
-18
94
40
59
16
70
6
37
43
10
9
49
46
15
34
12
58
5
1
34
17
12
56
47
15
25
29
62
2
38
32
-1
67
36
38
-11
47
20
123
41
-17
48
16
62
62
16
8
44
70
31
-21
0
11
35
33
6
15
107
-23
34
90
59
47
65
-43
89
73
51
40
28
30
29
35
-6
-14
15
8
21
60
-5
40
21
61
33
-7
85
34
67
119
50
-2
-6
8
75
36
42
-10
68
26
104
30
24
46
-2
23
8
40
27
57
87
57
40
92
-17
3
44
5
56
42
53
41
17
-9
40
61
6
45
-2
23
6
79
44
70
49
54
70
41
64
74
80
34
33
62
55
84
13
62
36
4
65
37
43
2
27
54
83
40
10
74
130
31
58
53
17
64
34
48
69
88
39
-5
69
9
85
2
16
56
-4
47
-2
76
54
31
7
-20
23
77
44
22
93
56
25
88
132
51
83
38
50
40
90
99
36
44
1
15
41
8
64
54
84
51
-8
25
64
14
38
16
27
67
39
117
78
18
40
26
104
40
49
44
66
8
0
23
8
77
58
88
19
45
89
49
13
45
17
-1
5
40
72
33
80
71
28
28
28
30
46
30
-18
49
29
3
58
143
18
95
59
9
77
93
56
86
37
46
57
15
17
95
26
13
50
116
10
38
34
90
33
74
21
27
8
41
-1
118
86
60
44
41
35
64
48
-3
38
59
69
21
80
-26
26
35
26
55
66
106
102
103
54
6
104
91
94
44
-3
29
91
55
65
48
17
117
64
45
-7
33
45
76
44
-38
84
22
96
58
86
87
45
36
14
55
-41
62
31
49
69
26
105
68
92
56
35
53
19
65
10
79
56
110
30
47
91
94
19
98
7
79
36
57
48
55
37
87
77
63
73
14
83
46
51
15
17
3
51
33
32
66
64
26
27
52
10
51
38
71
53
95
22
95
106
64
81
67
88
48
78
84
73
125
83
17
28
6
51
61
64
-4
16
69
69
48
44
57
78
100
54
46
34
45
84
50
52
39
46
66
34
73
82
42
62
72
51
23
-6
66
8
6
70
57
68
74
81
52
76
35
54
76
25
101
91
34
55
54
-12
-6
40
47
36
70
117
14
61
57
21
20
57
62
73
84
49
109
105
93
7
89
60
5
78
5
78
73
57
97
72
62
97
123
11
85
56
84
-14
40
34
28
81
45
33
62
76
51
122
-15
33
-7
47
59
5
63
72
20
44
79
43
-27
37
55
27
35
-10
77
44
1
82
66
-2
117
108
77
52
75
72
41
84
21
41
21
79
39
23
-5
27
25
37
59
56
9
21
-12
1
77
36
124
18
65
0
74
-2
74
16
83
49
42
39
57
91
54
33
9
26
30
37
65
97
76
59
22
55
57
83
76
27
66
135
59
88
23
70
67
96
85
92
48
113
87
10
24
91
68
51
43
11
94
48
66
97
79
49
85
66
48
41
26
19
79
12
-10
51
63
79
33
42
43
86
96
45
36
75
62
96
53
19
65
71
50
71
56
30
97
14
105
33
28
41
70
51
7
55
53
44
20
56
49
-33
124
98
112
-11
73
33
13
40
82
36
97
56
7
31
67
63
1
75
43
-2
48
51
132
122
11
56
87
35
67
57
47
23
50
54
54
106
65
56
58
42
95
46
82
80
50
16
56
42
43
-5
62
50
52
43
56
44
50
37
47
58
47
12
66
69
34
34
66
27
79
89
64
79
36
70
-6
30
11
86
60
57
73
59
67
24
58
77
58
99
74
64
80
72
27
45
106
34
58
83
45
10
100
29
79
45
95
35
82
71
28
6
139
98
48
41
13
112
20
28
55
93
33
63
73
54
19
114
40
101
132
14
55
70
92
82
77
15
87
36
2
99
30
63
67
93
83
85
92
25
41
96
114
74
85
30
54
32
75
101
68
84
42
56
123
88
61
134
-3
83
-6
82
101
74
41
50
89
89
47
72
88
66
86
52
111
63
71
86
29
23
73
55
80
62
17
34
72
-3
129
50
33
73
134
71
37
110
41
59
38
49
74
122
16
57
60
83
12
68
35
47
97
108
85
60
36
81
5
72
40
143
68
49
24
17
21
68
57
46
-1
115
27
70
18
-1
97
78
56
10
65
109
40
99
70
66
76
50
11
59
47
67
74
54
6
97
68
85
86
95
91
72
95
66
83
60
71
87
28
41
71
81
96
21
138
75
83
52
111
111
58
111
14
9
74
99
51
78
121
89
77
92
56
85
95
64
117
114
66
116
91
71
55
240
61
58
59
62
53
1
65
27
108
45
-6
68
50
65
112
113
30
89
73
77
39
73
78
95
68
86
128
111
14
125
32
51
134
56
41
49
69
60
85
67
32
79
76
52
149
78
63
39
89
41
48
128
74
81
66
44
94
102
52
68
22
83
63
54
106
115
92
97
58
52
65
48
70
104
39
67
63
49
63
42
101
92
105
92
-11
90
0
34
44
43
65
112
106
75
69
85
44
49
15
5
33
-21
120
48
50
81
57
17
15
95
135
81
97
114
39
96
130
76
50
94
88
122
127
96
100
-6
49
229
85
92
78
23
47
21
96
25
86
40
68
51
