17
21
24
18
22
33
17
21
16
17
29
22
24
23
14
20
23
24
18
21
18
23
20
31
22
28
23
34
21
19
18
24
21
21
16
19
15
30
19
27
18
17
23
14
18
14
25
33
29
21
15
17
17
22
31
18
21
13
20
18
25
17
23
21
27
18
19
25
18
17
26
21
22
23
16
20
27
13
14
21
19
27
15
34
25
21
20
23
27
20
23
17
14
19
20
26
18
26
21
17
15
23
18
19
22
22
22
27
21
20
26
28
15
20
24
27
20
15
29
15
31
12
27
24
18
18
27
18
14
36
32
22
16
22
22
20
34
40
16
18
17
14
18
21
18
23
15
40
23
15
20
20
22
19
18
23
27
20
19
17
24
22
19
19
20
22
23
23
17
28
19
23
28
20
17
13
19
19
19
19
28
44
24
31
33
20
27
32
30
21
22
21
30
32
25
30
21
26
27
35
33
29
25
32
44
22
27
27
19
22
13
22
22
21
17
22
31
31
15
27
26
23
31
39
34
32
28
24
31
28
29
38
25
19
25
41
26
21
55
16
25
21
32
42
29
38
42
41
28
30
34
37
46
58
40
56
34
35
44
40
44
49
65
52
27
50
56
25
47
29
32
57
30
50
43
39
72
59
27
59
39
83
72
45
76
85
59
45
62
67
80
133
57
81
58
69
100
62
80
53
166
75
124
128
104
123
120
121
127
121
142
110
94
111
108
112
144
182
137
114
98
117
123
180
121
154
170
193
122
183
165
165
148
191
197
186
173
168
156
156
205
149
191
194
204
149
276
181
223
181
210
245
212
230
164
221
196
209
210
223
242
247
278
285
225
230
241
222
199
182
263
208
304
287
312
251
278
285
361
297
312
352
325
291
304
341
345
289
348
286
308
301
319
316
336
308
386
350
351
372
410
384
363
398
368
357
359
374
357
337
326
342
343
359
314
385
369
362
371
386
344
376
368
372
368
424
423
370
424
354
403
384
383
391
386
412
403
452
440
432
411
412
477
460
426
441
437
403
430
424
417
427
460
456
434
465
455
451
465
447
500
488
461
488
442
430
434
432
429
499
460
440
500
500
431
500
461
418
500
500
500
450
470
500
469
490
472
472
500
500
500
500
448
372
444
428
500
489
500
479
500
500
500
419
