18
18
28
26
26
15
26
19
20
13
35
38
15
15
9
35
20
13
14
16
31
12
16
35
12
18
34
23
15
14
12
19
31
10
21
18
13
19
11
25
29
18
39
14
12
9
61
12
21
25
11
18
14
11
24
17
41
9
18
17
11
13
17
13
40
12
11
18
11
24
52
13
16
27
17
13
19
11
13
46
21
11
12
66
67
17
31
32
29
15
19
25
15
10
18
12
23
13
11
17
13
24
14
9
27
17
13
13
14
12
35
9
12
28
21
24
10
19
23
13
12
14
9
14
25
13
24
15
11
33
26
32
9
11
12
17
19
23
9
10
26
14
15
16
13
21
21
43
8
24
12
25
13
20
25
18
22
16
17
11
12
31
28
17
15
18
15
17
18
35
9
27
17
18
12
16
15
12
13
15
19
33
18
27
16
20
17
12
44
13
24
12
28
13
12
17
16
18
14
28
13
18
14
23
20
14
12
26
16
13
12
19
29
11
15
15
45
57
14
15
14
29
16
14
11
26
17
57
19
15
30
37
50
18
19
29
14
10
49
15
28
17
41
20
13
63
12
23
11
16
55
20
67
30
21
23
15
15
13
12
40
13
45
29
18
13
22
21
20
20
20
31
11
19
28
20
44
23
15
16
35
20
11
51
14
24
20
20
10
20
27
28
17
16
21
56
20
82
21
12
63
57
52
51
18
28
36
82
35
25
125
39
52
24
34
62
48
48
26
50
18
40
10
33
44
36
63
121
25
36
66
33
83
89
42
46
18
17
45
15
37
98
87
45
24
16
162
126
151
54
60
153
95
177
59
55
22
29
84
74
108
107
92
173
155
243
197
161
103
144
255
96
390
225
296
155
231
407
461
377
291
500
338
214
192
500
411
248
431
258
223
265
272
334
463
305
500
500
500
500
500
500
500
500
500
500
500
500
500
378
361
402
365
449
292
446
386
447
420
453
385
500
428
500
498
500
500
500
500
342
500
500
500
500
500
500
500
500
500
500
500
500
500
491
500
500
500
413
467
437
448
392
500
500
500
500
500
500
490
435
500
440
440
440
500
500
500
500
500
497
500
500
500
500
500
500
500
433
500
500
500
500
500
500
500
500
500
500
500
500
500
500
500
500
500
500
500
500
500
500
500
500
500
500
500
500
500
500
500
500
500
500
500
500
500
500
500
500
500
500
500
500
500
500
500
500
500
500
500
500
500
281
463
500
500
500
500
500
500
500
496
500
500
500
500
500
500
500
500
500
500
500
500
500
500
500
500
500
500
500
500
500
500
