-57
-73
-71
-77
-70
-71
-85
-27
-53
-56
-66
-81
-68
-77
-80
-90
-92
-83
-57
-14
-56
-4
22
-14
-12
-1
-38
-44
-36
-28
-36
33
18
18
-10
-11
21
21
-21
-20
-68
-8
13
-6
-17
-6
-4
54
-36
2
13
-45
-20
4
-14
-51
-37
-38
-57
-35
63
-49
-52
-40
-56
65
-57
-24
-12
-17
-39
4
14
-9
-22
-42
48
-32
8
-75
-9
16
33
-46
44
14
76
50
35
-19
30
8
36
25
-11
-41
-12
2
76
40
46
8
6
29
9
2
34
-14
24
68
-9
15
-2
41
-44
-13
32
2
13
34
20
62
189
-37
214
-12
27
-22
32
14
54
43
88
53
58
39
31
41
26
4
39
31
59
45
57
28
88
64
57
72
26
-32
39
57
44
60
90
50
27
40
-5
-12
40
42
18
17
85
28
115
37
42
19
-59
2
26
55
43
20
80
88
-42
72
91
-28
-6
58
79
21
48
60
83
-22
92
-29
93
82
86
64
28
44
55
-16
55
62
91
79
71
6
59
69
65
91
21
14
85
-29
65
85
75
37
6
42
58
86
13
111
57
87
111
59
107
89
134
32
49
87
20
140
110
89
139
20
104
97
104
50
155
118
49
98
83
120
111
99
100
99
78
19
58
82
171
111
113
46
132
106
66
118
94
134
44
115
54
115
83
119
83
33
69
86
106
78
78
143
114
123
73
122
94
54
81
64
63
119
114
53
74
129
101
50
148
106
58
126
66
175
127
80
76
50
101
56
103
63
90
74
106
25
61
110
44
98
62
59
63
133
99
99
98
47
100
207
53
119
85
140
68
59
80
176
76
80
19
30
95
126
47
86
135
103
102
80
64
60
118
67
181
55
126
67
90
66
55
32
120
136
102
101
66
122
101
87
72
86
135
71
97
46
32
103
36
108
33
102
74
51
116
145
56
50
74
113
131
129
83
114
99
130
115
49
117
30
107
115
76
74
132
128
120
71
58
120
117
44
48
143
116
92
123
125
92
95
81
74
47
82
94
77
55
93
106
10
111
123
99
126
45
83
138
139
119
76
99
151
52
103
146
47
93
123
103
173
97
55
74
44
100
103
95
80
89
40
140
129
81
114
94
147
63
81
106
94
81
93
85
73
109
99
110
119
105
124
59
71
165
77
107
99
105
63
48
83
81
66
10
120
93
79
101
80
113
105
128
78
84
66
93
145
126
134
100
48
99
108
157
158
140
41
135
140
143
89
107
139
33
95
88
79
37
105
79
101
36
113
81
107
107
142
114
142
95
118
90
124
75
75
109
119
114
134
120
78
101
105
105
62
26
108
93
122
267
55
128
132
98
46
110
110
99
84
92
97
106
115
121
61
106
181
59
79
145
98
132
85
136
165
133
94
156
62
64
63
119
126
107
40
90
92
125
128
114
-6
119
48
131
109
85
137
124
119
101
122
105
93
50
84
27
97
115
-19
78
48
142
87
133
79
76
76
141
136
43
66
94
54
119
91
54
134
88
135
96
112
64
45
181
106
109
64
87
118
106
141
83
52
91
134
128
103
101
90
90
40
70
138
125
79
97
91
131
166
111
99
116
84
109
100
37
85
45
105
79
126
30
83
90
285
102
83
50
113
111
85
116
116
114
135
91
128
100
111
116
56
107
72
74
110
64
107
105
101
79
129
157
128
129
120
133
122
117
107
157
85
88
181
151
84
152
128
89
137
154
85
111
117
135
83
95
126
71
61
7
102
46
130
0
53
94
143
120
99
136
80
79
74
111
81
73
150
140
90
68
101
297
110
67
151
140
109
115
105
103
89
40
83
98
86
129
136
122
129
129
94
96
132
120
145
130
100
74
93
96
45
88
48
38
147
73
100
94
57
96
79
5
104
129
143
114
94
83
55
104
73
135
118
107
65
14
73
83
108
76
74
99
72
127
55
32
110
63
122
99
146
127
115
94
137
102
151
126
81
147
155
110
95
81
115
69
79
85
137
132
99
76
87
66
95
94
83
