-70
19
-58
-61
-43
-42
-63
-42
-76
-43
-45
-68
-13
-8
-56
-49
-23
-41
-18
28
-33
-42
64
1
31
40
23
37
12
18
59
86
36
62
83
73
25
14
-4
58
83
95
50
78
44
40
-32
57
-21
5
-9
25
-67
35
-2
-62
-51
-34
-42
-3
-63
-48
-9
8
-27
-1
-43
58
35
-7
12
36
-26
-57
-41
-11
-70
-7
38
-13
16
-20
9
25
47
-21
26
-2
24
12
33
-64
45
72
-11
-16
46
3
-3
54
38
52
63
11
37
52
19
77
57
74
13
15
-3
26
67
26
60
70
25
53
57
7
100
58
-7
42
-12
98
60
6
16
111
71
-13
57
53
23
39
58
38
-11
105
74
-34
53
68
55
57
61
52
9
9
-46
77
22
57
66
-8
81
115
77
26
28
8
9
122
78
54
30
45
81
62
88
72
109
47
61
48
95
87
63
60
42
49
67
110
115
72
103
66
74
72
61
86
53
90
85
89
63
105
89
52
117
84
45
107
41
107
43
59
100
78
81
82
90
84
67
8
105
98
82
68
38
55
117
64
92
102
127
95
79
71
66
97
44
97
73
64
99
47
100
129
77
145
91
86
112
100
62
128
61
58
120
103
78
57
69
109
68
57
79
100
122
86
133
144
65
118
101
125
90
58
97
141
88
70
54
83
42
81
82
135
94
95
109
69
116
60
73
113
46
56
71
89
43
67
78
86
77
74
62
124
99
118
101
148
84
92
139
126
119
101
99
120
102
125
44
89
101
50
95
101
78
62
56
33
102
124
49
66
138
98
95
54
117
115
126
60
112
118
67
46
90
85
132
70
149
144
49
105
111
69
94
70
-2
98
81
83
120
105
101
98
102
135
117
102
20
101
104
124
113
124
148
66
155
146
147
94
104
122
78
138
116
134
150
117
118
93
127
77
150
63
109
107
104
104
170
182
85
136
131
118
97
117
158
111
84
65
139
79
12
122
177
96
114
79
91
90
93
67
129
67
67
122
58
155
77
129
108
134
73
107
86
60
76
99
73
119
138
120
138
171
123
82
130
166
111
90
73
99
82
121
100
85
146
137
144
107
236
110
121
89
83
108
102
107
65
140
126
137
121
112
124
101
164
142
77
15
159
122
20
120
146
101
115
126
128
119
110
60
112
133
156
133
128
156
117
99
102
96
109
288
97
118
63
103
56
86
117
88
140
26
47
92
116
31
140
110
117
98
174
93
87
42
106
82
144
79
152
65
97
152
56
140
126
90
70
89
126
139
39
111
124
141
164
109
153
100
133
117
173
134
120
102
138
109
104
130
140
118
93
153
146
80
97
116
92
131
92
111
80
117
95
122
110
160
136
104
119
111
92
116
128
80
77
100
187
109
87
94
119
116
71
147
79
115
143
143
110
134
128
146
132
109
118
143
112
147
126
108
106
110
153
325
121
106
110
141
87
89
224
83
70
81
150
101
72
86
96
116
108
130
82
101
55
134
136
212
108
120
144
132
137
52
71
105
124
77
123
139
91
149
155
120
121
109
108
136
147
137
104
112
148
160
174
128
122
136
125
96
112
160
105
102
123
108
83
92
154
139
142
111
99
130
117
109
102
121
110
67
79
151
153
71
63
128
137
118
129
106
134
136
43
89
148
138
126
122
75
121
107
118
100
124
97
148
136
98
121
152
95
102
93
135
145
128
92
162
178
70
102
108
219
152
107
109
92
132
53
113
86
151
103
140
114
227
90
155
131
141
103
88
106
125
171
142
73
122
123
124
144
119
90
108
83
126
105
102
107
152
94
81
102
105
146
118
102
91
139
86
131
103
146
102
135
79
115
86
109
49
125
99
59
117
105
138
106
118
78
104
107
156
