-59
-84
-44
-47
-59
-24
-31
-37
-62
-36
-56
-56
-17
-23
-76
-76
-51
-53
-32
-18
-20
-29
-20
14
-23
-26
-2
36
2
-9
-10
25
-7
75
30
-9
-20
3
17
-50
6
-6
237
46
30
-15
71
30
12
-30
63
66
22
9
46
-48
-31
-20
-32
85
55
34
18
-37
15
-10
-3
38
41
35
42
12
13
52
56
129
58
84
32
24
17
42
81
66
-24
116
40
72
119
100
38
29
-4
80
103
93
5
74
36
88
42
102
58
83
110
48
53
105
41
57
71
38
107
67
83
82
106
57
127
74
111
40
70
85
53
95
75
106
26
50
36
29
31
96
42
80
65
61
63
9
78
83
102
88
75
39
30
84
74
48
33
40
124
57
58
-4
52
54
-29
114
137
30
3
-18
37
45
2
80
13
98
75
123
95
65
87
54
74
100
22
57
80
34
90
83
66
105
63
59
47
20
122
57
64
75
87
69
23
138
121
69
51
97
40
88
60
32
56
70
55
55
104
72
86
33
0
84
70
39
86
96
109
60
43
68
60
75
105
78
51
59
101
76
121
71
76
77
87
93
68
44
78
103
76
51
88
61
127
84
81
55
28
100
115
66
18
84
92
36
97
125
56
103
66
63
65
101
77
109
25
96
30
45
100
48
64
87
22
51
84
81
101
64
113
68
91
27
72
63
82
64
117
90
80
72
8
80
53
60
41
62
48
61
73
87
80
98
83
48
137
112
105
132
107
70
80
110
39
78
47
80
10
94
118
-16
98
100
92
17
89
56
43
76
63
64
62
47
91
127
113
132
68
57
79
64
115
47
90
87
48
145
16
84
79
61
63
108
73
78
88
23
23
98
121
98
60
105
54
100
126
95
69
149
131
66
94
96
79
82
84
95
107
89
19
79
24
50
56
88
70
46
31
101
112
54
78
62
107
-33
102
119
51
90
91
99
112
82
97
91
96
70
93
49
82
115
101
69
105
106
94
97
42
134
115
138
76
108
73
99
112
103
101
110
-23
88
86
103
134
13
95
96
155
47
100
97
43
157
80
100
111
114
123
104
92
116
140
89
63
67
111
114
101
137
44
114
30
151
78
117
83
81
109
112
98
63
86
85
50
84
60
108
104
114
129
113
59
155
123
112
105
79
67
102
132
90
134
82
123
138
124
88
127
72
132
73
120
123
80
54
95
63
153
142
92
117
121
133
115
140
138
108
117
115
161
287
99
122
122
119
139
79
127
105
125
111
102
129
89
105
104
69
105
64
147
61
119
131
123
71
110
157
67
95
136
71
86
68
97
79
108
130
107
105
119
72
71
120
128
119
109
57
65
114
125
108
91
111
142
57
135
64
81
72
39
65
57
112
106
102
122
139
114
39
113
94
115
109
118
135
108
86
107
141
113
49
122
62
110
-9
51
63
124
144
80
102
70
118
138
141
105
122
40
209
131
224
126
63
95
110
107
156
132
120
89
94
268
101
100
93
95
113
108
96
93
118
162
114
20
106
31
97
78
81
74
59
129
161
179
156
84
98
108
134
29
107
110
111
97
119
104
134
104
96
74
116
109
56
80
92
70
139
114
107
114
76
59
148
94
36
91
111
105
138
139
119
77
59
155
121
141
90
117
71
90
132
112
130
66
98
58
138
130
71
110
88
128
28
111
106
35
62
148
107
84
89
-23
70
106
97
124
142
118
149
158
66
101
129
140
102
108
71
132
87
103
101
92
98
54
69
145
127
112
127
131
57
109
85
81
125
83
134
98
13
96
72
101
130
17
54
48
71
88
139
119
12
138
108
114
57
100
83
71
94
106
46
98
120
125
132
127
71
138
83
54
137
34
126
76
124
130
255
115
94
29
132
101
68
140
73
89
83
69
113
190
134
115
100
103
51
154
100
88
67
122
97
72
15
-23
25
22
86
105
49
104
120
